0 0.103027 0.131836 0.084961 0.085938
0 0.110352 0.239258 0.097656 0.097656
0 0.105469 0.343750 0.097656 0.097656
0 0.100586 0.460449 0.097656 0.098633
0 0.199707 0.073730 0.073242 0.073242
0 0.202637 0.185547 0.084961 0.085938
0 0.201660 0.402344 0.073242 0.074219
0 0.293945 0.129395 0.097656 0.098633
0 0.289062 0.244629 0.097656 0.098633
0 0.298828 0.355469 0.097656 0.097656
0 0.300781 0.465820 0.097656 0.097656
0 0.391113 0.074707 0.110352 0.110352
0 0.392090 0.188965 0.110352 0.110352
0 0.386719 0.295410 0.109375 0.110352
0 0.385742 0.413574 0.109375 0.110352
0 0.386719 0.521484 0.109375 0.111328
0 0.482910 0.135254 0.110352 0.110352
0 0.477051 0.243652 0.110352 0.110352
0 0.484863 0.355957 0.110352 0.110352
0 0.486328 0.464355 0.109375 0.110352
0 0.586914 0.076660 0.109375 0.110352
0 0.586914 0.185059 0.097656 0.098633
0 0.582520 0.297363 0.110352 0.110352
0 0.585449 0.408691 0.110352 0.110352
0 0.584473 0.523926 0.110352 0.110352
0 0.686523 0.141113 0.109375 0.110352
0 0.679688 0.244629 0.109375 0.110352
0 0.679688 0.360840 0.109375 0.110352
0 0.676758 0.464355 0.109375 0.110352
0 0.774414 0.071289 0.097656 0.097656
0 0.770996 0.187012 0.110352 0.110352
0 0.777344 0.302246 0.109375 0.110352
0 0.772461 0.413574 0.097656 0.098633
0 0.778320 0.520996 0.109375 0.110352
0 0.870117 0.129883 0.097656 0.097656
0 0.866699 0.237793 0.110352 0.110352
0 0.869629 0.354980 0.110352 0.110352
0 0.868652 0.469727 0.084961 0.085938
0 0.959473 0.074219 0.073242 0.074219
0 0.869141 0.575684 0.097656 0.098633
0 0.867188 0.682129 0.097656 0.098633
0 0.865234 0.795410 0.097656 0.098633
0 0.867188 0.902832 0.097656 0.098633
0 0.771484 0.631348 0.109375 0.110352
0 0.772949 0.746582 0.110352 0.110352
0 0.777344 0.848145 0.097656 0.098633
1 0.671387 0.583496 0.110352 0.110352
1 0.575684 0.631348 0.110352 0.110352
0 0.673340 0.682129 0.110352 0.110352
0 0.670410 0.797363 0.110352 0.110352
0 0.673340 0.915039 0.110352 0.111328
0 0.574707 0.753906 0.073242 0.074219
0 0.578125 0.852539 0.097656 0.097656
0 0.475586 0.576660 0.109375 0.110352
0 0.478516 0.687500 0.109375 0.111328
0 0.482422 0.788086 0.109375 0.111328
0 0.475586 0.907715 0.097656 0.098633
0 0.389648 0.625000 0.109375 0.111328
0 0.390137 0.732422 0.084961 0.085938
0 0.386719 0.857910 0.097656 0.098633
0 0.289551 0.591797 0.110352 0.111328
0 0.292480 0.700195 0.084961 0.085938
0 0.285645 0.819336 0.084961 0.085938
0 0.291992 0.922852 0.085938 0.085938
0 0.200684 0.533203 0.084961 0.085938
0 0.207520 0.646973 0.024414 0.024414
0 0.201172 0.765625 0.037109 0.037109
0 0.203613 0.871582 0.024414 0.024414
0 0.197754 0.984863 0.024414 0.024414
0 0.105957 0.793457 0.024414 0.024414
0 0.105957 0.903809 0.024414 0.024414
0 0.108398 0.568848 0.097656 0.098633
0 0.106445 0.674316 0.097656 0.098633