0 0.841309 0.919922 0.084961 0.085938
0 0.845215 0.809082 0.110352 0.110352
0 0.750977 0.760742 0.109375 0.111328
0 0.753906 0.870117 0.097656 0.097656
0 0.652344 0.917969 0.097656 0.097656
0 0.655273 0.815430 0.097656 0.097656
0 0.654297 0.704590 0.097656 0.098633
0 0.942383 0.766113 0.109375 0.110352
0 0.929199 0.864746 0.110352 0.110352
0 0.559570 0.761230 0.097656 0.098633
0 0.552734 0.869141 0.109375 0.111328
0 0.468750 0.912109 0.109375 0.111328
1 0.466309 0.804199 0.110352 0.110352
0 0.470215 0.693359 0.110352 0.111328
0 0.370605 0.755859 0.110352 0.111328
0 0.366699 0.866699 0.110352 0.110352
0 0.272461 0.915527 0.109375 0.110352
0 0.278809 0.805176 0.110352 0.110352
0 0.276367 0.708496 0.109375 0.110352
0 0.184570 0.745117 0.109375 0.111328
0 0.180664 0.852051 0.097656 0.098633
0 0.081055 0.911621 0.109375 0.110352
0 0.084961 0.794434 0.097656 0.098633
0 0.090332 0.688965 0.110352 0.110352
0 0.943848 0.105469 0.084961 0.085938
0 0.942383 0.214844 0.085938 0.085938
0 0.935547 0.335938 0.085938 0.085938
0 0.939453 0.425781 0.085938 0.085938
0 0.950195 0.516602 0.097656 0.097656
0 0.850586 0.054688 0.085938 0.085938
0 0.854492 0.169434 0.097656 0.098633
0 0.850586 0.285156 0.097656 0.097656
0 0.850586 0.374512 0.097656 0.098633
0 0.849121 0.460449 0.110352 0.110352
0 0.759766 0.424316 0.097656 0.098633
0 0.752441 0.325195 0.110352 0.111328
0 0.754883 0.220215 0.109375 0.110352
0 0.754883 0.111816 0.097656 0.098633
0 0.662109 0.163574 0.109375 0.110352
0 0.659180 0.271973 0.109375 0.110352
0 0.665527 0.383301 0.061523 0.061523
0 0.661621 0.476074 0.084961 0.086914
0 0.571777 0.114258 0.084961 0.085938
0 0.567383 0.215820 0.085938 0.085938
0 0.564941 0.329102 0.084961 0.085938
0 0.572266 0.441895 0.097656 0.098633
0 0.473145 0.067383 0.084961 0.085938
0 0.478516 0.167969 0.085938 0.085938
0 0.474609 0.259766 0.085938 0.085938
0 0.474121 0.374023 0.084961 0.085938
0 0.468750 0.484863 0.097656 0.098633
0 0.384277 0.102539 0.110352 0.111328
0 0.375000 0.218262 0.109375 0.110352
0 0.382812 0.327637 0.109375 0.110352
0 0.372070 0.435547 0.109375 0.111328
0 0.276855 0.059082 0.110352 0.110352
0 0.279297 0.163574 0.109375 0.110352
0 0.283203 0.263672 0.097656 0.097656
0 0.284180 0.378418 0.097656 0.098633
0 0.279297 0.492188 0.085938 0.085938
0 0.191406 0.109863 0.097656 0.098633
0 0.187500 0.218262 0.097656 0.098633
0 0.192871 0.324707 0.084961 0.086914
0 0.191406 0.431152 0.109375 0.110352
0 0.093750 0.159668 0.097656 0.098633
0 0.090820 0.266113 0.097656 0.098633
0 0.095703 0.385742 0.097656 0.097656
0 0.090332 0.492188 0.084961 0.085938