0 0.761230 0.385254 0.073242 0.073242
0 0.834473 0.536133 0.073242 0.074219
0 0.936035 0.709473 0.084961 0.086914
0 0.942383 0.813477 0.097656 0.097656
0 0.935547 0.944824 0.097656 0.098633
0 0.833984 0.653320 0.085938 0.085938
0 0.835449 0.766602 0.084961 0.085938
0 0.842773 0.879883 0.097656 0.097656
0 0.754883 0.939453 0.109375 0.111328
0 0.752930 0.823730 0.097656 0.098633
1 0.753418 0.711914 0.073242 0.074219
0 0.655762 0.649414 0.084961 0.085938
0 0.652832 0.770508 0.084961 0.085938
0 0.655273 0.879395 0.109375 0.110352
0 0.580566 0.934570 0.084961 0.085938
0 0.581055 0.828613 0.097656 0.098633
0 0.566406 0.723633 0.085938 0.085938
0 0.472656 0.652832 0.097656 0.098633
0 0.468262 0.776855 0.110352 0.110352
0 0.469238 0.883301 0.110352 0.110352
0 0.381836 0.722168 0.109375 0.110352
0 0.381836 0.828613 0.097656 0.098633
0 0.381348 0.938965 0.110352 0.110352
0 0.195801 0.701172 0.084961 0.085938
0 0.207031 0.831055 0.097656 0.097656
0 0.203125 0.936035 0.097656 0.098633
0 0.093750 0.659180 0.097656 0.097656
0 0.082031 0.768066 0.109375 0.110352
0 0.090820 0.882812 0.097656 0.097656
1 0.758301 0.587891 0.073242 0.074219
1 0.753418 0.479980 0.073242 0.073242
0 0.660156 0.438477 0.085938 0.085938
0 0.660156 0.553711 0.085938 0.085938
1 0.849121 0.442383 0.073242 0.074219
1 0.849121 0.322754 0.073242 0.073242
0 0.946289 0.153809 0.097656 0.098633
0 0.849121 0.102539 0.084961 0.085938
0 0.284180 0.129883 0.085938 0.085938
0 0.375000 0.159180 0.085938 0.085938
0 0.939453 0.368164 0.085938 0.085938
0 0.944336 0.488281 0.085938 0.085938
0 0.941895 0.268555 0.084961 0.085938
0 0.942871 0.594727 0.084961 0.085938
0 0.753906 0.054688 0.097656 0.097656
0 0.754883 0.157715 0.097656 0.098633
0 0.761230 0.278320 0.084961 0.085938
0 0.846191 0.210938 0.084961 0.085938
0 0.660645 0.110840 0.110352 0.110352
0 0.661621 0.218262 0.110352 0.110352
0 0.662598 0.338379 0.110352 0.110352
0 0.572266 0.395508 0.085938 0.085938
0 0.573242 0.485352 0.085938 0.085938
0 0.577637 0.287109 0.084961 0.085938
0 0.573730 0.155762 0.110352 0.110352
0 0.470215 0.133789 0.110352 0.111328
0 0.466309 0.244629 0.110352 0.110352
0 0.468750 0.352051 0.097656 0.098633
0 0.473633 0.433105 0.097656 0.098633
0 0.374512 0.506836 0.084961 0.085938
0 0.375977 0.602051 0.097656 0.098633
0 0.472656 0.547363 0.097656 0.098633
0 0.577148 0.598145 0.097656 0.098633
0 0.377930 0.398926 0.097656 0.098633
0 0.379883 0.054688 0.085938 0.085938
0 0.282715 0.236328 0.084961 0.085938
0 0.379883 0.305664 0.085938 0.085938
0 0.200195 0.190430 0.085938 0.085938
0 0.192871 0.064453 0.084961 0.085938
0 0.285156 0.549805 0.097656 0.097656
0 0.284180 0.435059 0.097656 0.098633
0 0.285645 0.334961 0.084961 0.085938
0 0.203125 0.284180 0.097656 0.097656
0 0.192383 0.388672 0.085938 0.085938
0 0.196289 0.490234 0.085938 0.085938
0 0.189453 0.599121 0.085938 0.086914
0 0.097168 0.111328 0.084961 0.085938
0 0.094727 0.213867 0.097656 0.097656
0 0.093750 0.328613 0.097656 0.098633
0 0.094238 0.441406 0.084961 0.085938
0 0.100586 0.551758 0.085938 0.085938
0 0.282715 0.769043 0.110352 0.110352
0 0.284180 0.891113 0.109375 0.110352
0 0.284668 0.663086 0.084961 0.085938