1 0.686523 0.668945 0.085938 0.085938
1 0.309082 0.862793 0.061523 0.061523
0 0.401855 0.932617 0.084961 0.085938
0 0.499023 0.891602 0.085938 0.085938
0 0.594727 0.922852 0.085938 0.085938
0 0.602539 0.835938 0.085938 0.085938
0 0.879883 0.223145 0.109375 0.110352
0 0.878418 0.331055 0.084961 0.085938
0 0.877930 0.660156 0.085938 0.085938
0 0.875488 0.764160 0.110352 0.110352
0 0.876465 0.884277 0.110352 0.110352
0 0.785156 0.276367 0.085938 0.085938
0 0.785156 0.384277 0.097656 0.098633
0 0.781250 0.474121 0.097656 0.098633
0 0.782227 0.708496 0.097656 0.098633
0 0.782227 0.815918 0.097656 0.098633
0 0.775391 0.936035 0.097656 0.098633
0 0.695312 0.209961 0.097656 0.097656
0 0.690430 0.335938 0.097656 0.097656
0 0.688477 0.431152 0.097656 0.098633
0 0.689453 0.537598 0.097656 0.098633
0 0.682617 0.769043 0.097656 0.098633
0 0.681641 0.874512 0.097656 0.098633
0 0.597656 0.586914 0.085938 0.085938
0 0.601562 0.481445 0.085938 0.085938
0 0.599121 0.375977 0.084961 0.085938
0 0.599121 0.273438 0.084961 0.085938
0 0.506348 0.213379 0.110352 0.110352
0 0.502441 0.329590 0.110352 0.110352
0 0.495605 0.442871 0.110352 0.110352
0 0.494141 0.555664 0.109375 0.111328
0 0.498047 0.657227 0.109375 0.111328
0 0.402344 0.712891 0.109375 0.111328
0 0.410156 0.604004 0.109375 0.110352
0 0.410156 0.479980 0.109375 0.110352
0 0.410645 0.387695 0.110352 0.111328
0 0.416992 0.260254 0.109375 0.110352
0 0.307129 0.217285 0.110352 0.110352
0 0.304688 0.319824 0.109375 0.110352
0 0.312500 0.437012 0.097656 0.098633
0 0.312500 0.546387 0.097656 0.098633
0 0.314453 0.652832 0.097656 0.098633
0 0.314453 0.736328 0.097656 0.097656
0 0.211914 0.690918 0.097656 0.098633
0 0.224609 0.269043 0.109375 0.110352
0 0.221680 0.405762 0.109375 0.110352
0 0.213867 0.487305 0.085938 0.085938
0 0.221680 0.589355 0.109375 0.110352
0 0.132812 0.321289 0.085938 0.085938
0 0.122070 0.416016 0.109375 0.111328
0 0.119629 0.515137 0.110352 0.110352
0 0.132324 0.629395 0.110352 0.110352
0 0.218750 0.916016 0.085938 0.085938
0 0.126953 0.879395 0.109375 0.110352
0 0.120117 0.805176 0.097656 0.098633
0 0.883789 0.111816 0.109375 0.110352
0 0.795898 0.164062 0.109375 0.111328
0 0.688477 0.115723 0.109375 0.110352
0 0.602051 0.164062 0.084961 0.085938
0 0.503906 0.097168 0.109375 0.110352
0 0.408203 0.150879 0.109375 0.110352
0 0.407227 0.062012 0.109375 0.110352
0 0.316406 0.107910 0.109375 0.110352
0 0.223633 0.154297 0.109375 0.111328
0 0.140625 0.111328 0.085938 0.085938
0 0.135254 0.213867 0.084961 0.085938