0 0.163574 0.187988 0.073242 0.073242
0 0.070801 0.260742 0.073242 0.074219
0 0.366699 0.418457 0.073242 0.073242
0 0.945312 0.275879 0.048828 0.049805
0 0.248535 0.462402 0.061523 0.061523
0 0.914062 0.746582 0.097656 0.098633
0 0.917969 0.626953 0.085938 0.085938
0 0.917969 0.527832 0.109375 0.110352
0 0.830078 0.464355 0.097656 0.098633
0 0.842773 0.608887 0.109375 0.110352
0 0.830078 0.704590 0.109375 0.110352
0 0.815430 0.807617 0.097656 0.097656
0 0.734375 0.758301 0.109375 0.110352
0 0.730469 0.640137 0.109375 0.110352
1 0.731934 0.541992 0.084961 0.085938
0 0.736328 0.076172 0.085938 0.085938
0 0.738281 0.172852 0.097656 0.097656
0 0.729492 0.419922 0.097656 0.097656
0 0.636230 0.375977 0.084961 0.085938
0 0.630859 0.483887 0.097656 0.098633
0 0.630859 0.584961 0.097656 0.097656
0 0.630859 0.700684 0.109375 0.110352
0 0.632324 0.798340 0.110352 0.110352
0 0.534180 0.756348 0.109375 0.110352
0 0.535156 0.642090 0.097656 0.098633
0 0.545898 0.526367 0.109375 0.111328
0 0.537109 0.425293 0.109375 0.110352
0 0.547363 0.300293 0.110352 0.110352
0 0.540039 0.095703 0.097656 0.097656
0 0.443848 0.371582 0.110352 0.110352
0 0.454102 0.484375 0.085938 0.085938
0 0.354980 0.087891 0.110352 0.111328
0 0.264648 0.062988 0.109375 0.110352
0 0.256836 0.159180 0.097656 0.097656
0 0.161133 0.086426 0.097656 0.098633
0 0.168945 0.315430 0.097656 0.097656
0 0.361328 0.296875 0.085938 0.085938
0 0.362305 0.542969 0.097656 0.097656
0 0.344238 0.643066 0.110352 0.110352
0 0.341309 0.729004 0.110352 0.110352
0 0.446289 0.738281 0.109375 0.111328
0 0.437500 0.594238 0.097656 0.098633
1 0.245605 0.553223 0.073242 0.073242
0 0.250000 0.658691 0.097656 0.098633
0 0.245605 0.767090 0.110352 0.110352
0 0.162109 0.727539 0.097656 0.097656
0 0.166992 0.649902 0.097656 0.098633
0 0.065430 0.138672 0.085938 0.085938
0 0.077148 0.367188 0.097656 0.097656
0 0.064941 0.674316 0.073242 0.073242
0 0.071289 0.772949 0.097656 0.098633