0 0.948730 0.105957 0.073242 0.073242
0 0.937500 0.869629 0.097656 0.098633
0 0.846191 0.924316 0.110352 0.110352
0 0.660156 0.915039 0.085938 0.085938
0 0.560547 0.865723 0.097656 0.098633
0 0.469727 0.930664 0.097656 0.097656
0 0.383301 0.881348 0.110352 0.110352
0 0.278809 0.844727 0.084961 0.085938
0 0.275879 0.951172 0.084961 0.085938
0 0.187012 0.889648 0.084961 0.085938
0 0.092773 0.831055 0.085938 0.085938
0 0.093750 0.944336 0.085938 0.085938
0 0.848145 0.141602 0.084961 0.085938
0 0.094727 0.177734 0.085938 0.085938
0 0.094727 0.282227 0.085938 0.085938
0 0.095703 0.402832 0.097656 0.098633
0 0.091797 0.509766 0.085938 0.085938
0 0.090332 0.614258 0.084961 0.085938
0 0.096680 0.720703 0.097656 0.097656
0 0.187500 0.776855 0.097656 0.098633
0 0.186035 0.670898 0.084961 0.085938
0 0.191406 0.552734 0.085938 0.085938
0 0.185059 0.448730 0.084961 0.086914
0 0.188477 0.338379 0.097656 0.098633
0 0.190430 0.222168 0.097656 0.098633
0 0.186523 0.115723 0.097656 0.098633
0 0.283203 0.169434 0.109375 0.110352
0 0.283203 0.272949 0.097656 0.098633
0 0.286133 0.381348 0.097656 0.098633
0 0.284180 0.503906 0.085938 0.085938
0 0.285156 0.613770 0.097656 0.098633
0 0.283203 0.715332 0.097656 0.098633
0 0.377930 0.110840 0.097656 0.098633
0 0.382812 0.226562 0.097656 0.097656
0 0.376465 0.329102 0.084961 0.085938
0 0.374023 0.438477 0.097656 0.097656
0 0.383789 0.554199 0.097656 0.098633
0 0.376953 0.666504 0.097656 0.098633
0 0.380859 0.772949 0.097656 0.098633
0 0.472656 0.814941 0.097656 0.098633
0 0.479492 0.704102 0.097656 0.097656
0 0.471680 0.596191 0.097656 0.098633
0 0.474609 0.485352 0.097656 0.097656
0 0.473633 0.372559 0.097656 0.098633
0 0.481445 0.261719 0.097656 0.097656
0 0.474609 0.153809 0.097656 0.098633
0 0.563477 0.096680 0.097656 0.097656
0 0.569336 0.203613 0.097656 0.098633
0 0.567383 0.311035 0.097656 0.098633
0 0.566406 0.425781 0.097656 0.097656
0 0.562500 0.541504 0.097656 0.098633
0 0.565918 0.646484 0.084961 0.085938
0 0.565430 0.748535 0.097656 0.098633
0 0.661621 0.799316 0.110352 0.110352
0 0.660156 0.690918 0.109375 0.110352
0 0.655273 0.583496 0.109375 0.110352
0 0.661621 0.481934 0.110352 0.110352
0 0.660645 0.368652 0.110352 0.110352
0 0.658203 0.254395 0.109375 0.110352
0 0.656738 0.143555 0.110352 0.111328
0 0.754883 0.100586 0.097656 0.097656
0 0.746094 0.203613 0.109375 0.110352
0 0.758789 0.307617 0.109375 0.111328
0 0.750977 0.419434 0.109375 0.110352
0 0.753418 0.524414 0.084961 0.085938
0 0.755859 0.614258 0.085938 0.085938
0 0.750977 0.747559 0.097656 0.098633
0 0.851562 0.812500 0.109375 0.111328
0 0.751953 0.859375 0.085938 0.085938
0 0.847656 0.687500 0.085938 0.085938
0 0.847656 0.595215 0.097656 0.098633
0 0.846680 0.474121 0.097656 0.098633
0 0.852051 0.370117 0.084961 0.085938
0 0.846680 0.243652 0.109375 0.110352
0 0.944824 0.204102 0.084961 0.085938
0 0.943359 0.303711 0.097656 0.097656
0 0.946289 0.438965 0.097656 0.098633
0 0.944336 0.527832 0.097656 0.098633
0 0.935547 0.645020 0.109375 0.110352
0 0.936523 0.756348 0.109375 0.110352
0 0.289062 0.061035 0.109375 0.110352
0 0.087402 0.069336 0.084961 0.085938