0 0.603516 0.685059 0.085938 0.086914
0 0.117676 0.848633 0.073242 0.074219
0 0.409180 0.116699 0.097656 0.098633
0 0.510254 0.058594 0.073242 0.074219
0 0.609375 0.122070 0.097656 0.097656
0 0.694336 0.069824 0.109375 0.110352
0 0.695312 0.177734 0.109375 0.111328
0 0.794922 0.120605 0.109375 0.110352
0 0.894043 0.064941 0.110352 0.110352
0 0.893066 0.180176 0.110352 0.110352
1 0.884277 0.287598 0.110352 0.110352
0 0.883301 0.410156 0.073242 0.074219
0 0.886719 0.508789 0.097656 0.097656
0 0.879883 0.626953 0.097656 0.097656
0 0.784180 0.232910 0.109375 0.110352
0 0.787109 0.343750 0.109375 0.111328
0 0.791016 0.444336 0.109375 0.111328
0 0.784180 0.563965 0.097656 0.098633
0 0.784668 0.680664 0.084961 0.085938
0 0.698242 0.281250 0.109375 0.111328
0 0.698730 0.388672 0.084961 0.085938
0 0.695312 0.514160 0.097656 0.098633
0 0.703125 0.623535 0.097656 0.098633
0 0.598145 0.248047 0.110352 0.111328
0 0.601074 0.356445 0.084961 0.085938
0 0.594238 0.475586 0.084961 0.085938
0 0.600586 0.579102 0.085938 0.085938
0 0.509277 0.189453 0.084961 0.085938
0 0.516113 0.303223 0.024414 0.024414
0 0.509766 0.421875 0.037109 0.037109
0 0.512207 0.527832 0.024414 0.024414
0 0.506348 0.641113 0.024414 0.024414
0 0.414551 0.449707 0.024414 0.024414
0 0.414551 0.560059 0.024414 0.024414
0 0.410645 0.675293 0.024414 0.024414
0 0.416992 0.225098 0.097656 0.098633
0 0.415039 0.330566 0.097656 0.098633
0 0.406738 0.784668 0.024414 0.024414
0 0.409668 0.866699 0.024414 0.024414
0 0.507324 0.728027 0.024414 0.024414
0 0.500488 0.835449 0.024414 0.024414
0 0.600586 0.866211 0.037109 0.037109
0 0.597656 0.783691 0.109375 0.110352
0 0.707031 0.727539 0.085938 0.085938
0 0.707520 0.836426 0.073242 0.073242
0 0.788086 0.786621 0.097656 0.098633
0 0.778809 0.901855 0.061523 0.061523
0 0.879883 0.732910 0.097656 0.098633
0 0.884766 0.840332 0.097656 0.098633
0 0.124023 0.415527 0.097656 0.098633
0 0.127930 0.519043 0.109375 0.110352
0 0.119141 0.629883 0.097656 0.097656
0 0.124023 0.741211 0.097656 0.097656