0 0.366699 0.428711 0.073242 0.074219
0 0.942383 0.098633 0.109375 0.111328
0 0.947266 0.208008 0.097656 0.097656
0 0.942871 0.426270 0.110352 0.110352
0 0.849121 0.150879 0.110352 0.110352
0 0.854004 0.267090 0.110352 0.110352
0 0.847168 0.376465 0.110352 0.110352
0 0.753418 0.104980 0.110352 0.110352
0 0.753906 0.208496 0.109375 0.110352
0 0.751953 0.318848 0.109375 0.110352
0 0.749023 0.429199 0.097656 0.098633
0 0.658203 0.151855 0.109375 0.110352
0 0.659180 0.265137 0.097656 0.098633
0 0.664062 0.368652 0.097656 0.098633
0 0.566406 0.101074 0.109375 0.110352
0 0.562988 0.204590 0.110352 0.110352
0 0.562988 0.317871 0.110352 0.110352
0 0.561035 0.427246 0.110352 0.110352
0 0.463867 0.150879 0.097656 0.098633
0 0.465820 0.261230 0.097656 0.098633
0 0.466797 0.374023 0.097656 0.097656
0 0.466797 0.475586 0.097656 0.097656
0 0.373047 0.101074 0.109375 0.110352
0 0.369141 0.209473 0.097656 0.098633
0 0.367188 0.311523 0.097656 0.097656
0 0.268555 0.145996 0.097656 0.098633
0 0.274414 0.257324 0.097656 0.098633
0 0.275879 0.370117 0.084961 0.085938
0 0.174316 0.095215 0.110352 0.110352
0 0.180176 0.207520 0.110352 0.110352
0 0.172852 0.320801 0.109375 0.110352
0 0.164062 0.428711 0.109375 0.111328
0 0.086914 0.049805 0.085938 0.085938
0 0.089844 0.153320 0.085938 0.085938
0 0.085938 0.254395 0.097656 0.098633
0 0.083008 0.379883 0.109375 0.111328
0 0.066406 0.472656 0.097656 0.097656
0 0.080078 0.615234 0.109375 0.111328
0 0.076172 0.716797 0.109375 0.111328
0 0.075195 0.827637 0.097656 0.098633
0 0.070312 0.937988 0.097656 0.098633
0 0.185547 0.534668 0.097656 0.098633
0 0.179199 0.651367 0.110352 0.111328
0 0.277344 0.491699 0.109375 0.110352
0 0.274414 0.595703 0.085938 0.085938
0 0.273926 0.698242 0.084961 0.085938
0 0.273926 0.806641 0.110352 0.111328
0 0.279785 0.929688 0.110352 0.111328
0 0.373047 0.537109 0.085938 0.085938
0 0.371094 0.647949 0.097656 0.098633
0 0.366211 0.770020 0.097656 0.098633
0 0.369629 0.875977 0.110352 0.111328
0 0.469727 0.599121 0.097656 0.098633
0 0.460938 0.708984 0.085938 0.085938
0 0.462891 0.816895 0.097656 0.098633
0 0.462891 0.929688 0.097656 0.097656
0 0.562012 0.537598 0.110352 0.110352
0 0.567871 0.647949 0.110352 0.110352
0 0.567871 0.759277 0.110352 0.110352
0 0.568359 0.878418 0.109375 0.110352
0 0.651367 0.484863 0.109375 0.110352
0 0.654297 0.598145 0.109375 0.110352
0 0.655762 0.701660 0.110352 0.110352
0 0.657715 0.824707 0.110352 0.110352
0 0.660645 0.932129 0.110352 0.110352
0 0.750977 0.543457 0.109375 0.110352
0 0.756836 0.652832 0.109375 0.110352
0 0.750977 0.762207 0.109375 0.110352
0 0.746094 0.872559 0.109375 0.110352
0 0.841309 0.486328 0.110352 0.111328
0 0.845703 0.603516 0.097656 0.097656
0 0.847656 0.706543 0.109375 0.110352
0 0.850586 0.820801 0.097656 0.098633
0 0.844727 0.931152 0.109375 0.110352
0 0.943848 0.542969 0.110352 0.111328
0 0.943848 0.658203 0.110352 0.111328
0 0.939941 0.768066 0.110352 0.110352