0 0.060547 0.142090 0.097656 0.098633
0 0.154297 0.198730 0.109375 0.110352
0 0.829590 0.688965 0.061523 0.061523
0 0.061523 0.255371 0.109375 0.110352
0 0.059082 0.359375 0.110352 0.111328
0 0.152344 0.304199 0.097656 0.098633
0 0.154297 0.415039 0.097656 0.097656
0 0.153320 0.530273 0.085938 0.085938
0 0.153809 0.635254 0.061523 0.061523
0 0.154297 0.749512 0.097656 0.098633
1 0.152832 0.855957 0.110352 0.110352
0 0.246094 0.688477 0.085938 0.085938
0 0.261230 0.805664 0.084961 0.085938
0 0.057617 0.473633 0.097656 0.097656
0 0.057129 0.581055 0.084961 0.085938
0 0.058105 0.700684 0.110352 0.110352
0 0.058594 0.806152 0.109375 0.110352
0 0.057617 0.910645 0.097656 0.098633
0 0.256836 0.913086 0.085938 0.085938
0 0.342773 0.748047 0.097656 0.097656
0 0.355469 0.855469 0.097656 0.097656
0 0.447754 0.801758 0.110352 0.111328
0 0.451660 0.911133 0.110352 0.111328
0 0.441895 0.691406 0.084961 0.085938
0 0.541992 0.748535 0.097656 0.098633
0 0.541992 0.854492 0.097656 0.097656
0 0.637695 0.700684 0.109375 0.110352
0 0.640625 0.806152 0.097656 0.098633
0 0.642578 0.909668 0.097656 0.098633
0 0.731445 0.745605 0.097656 0.098633
0 0.733398 0.849121 0.097656 0.098633
0 0.825195 0.802246 0.097656 0.098633
0 0.828125 0.907715 0.097656 0.098633
0 0.919922 0.741699 0.097656 0.098633
0 0.921875 0.856934 0.085938 0.086914