0 0.612793 0.901367 0.073242 0.074219
0 0.333496 0.654785 0.073242 0.073242
0 0.145508 0.200195 0.097656 0.097656
0 0.149414 0.089355 0.097656 0.098633
0 0.236328 0.144043 0.097656 0.098633
0 0.326660 0.207031 0.084961 0.085938
0 0.332031 0.078125 0.085938 0.085938
0 0.424805 0.144531 0.085938 0.085938
0 0.514160 0.092285 0.110352 0.110352
0 0.512695 0.205566 0.097656 0.098633
0 0.613281 0.138184 0.097656 0.098633
0 0.705078 0.088867 0.097656 0.097656
0 0.708984 0.188965 0.109375 0.110352
0 0.807617 0.145996 0.097656 0.098633
0 0.905273 0.103027 0.097656 0.098633
0 0.901855 0.203125 0.084961 0.085938
1 0.518555 0.739746 0.085938 0.086914
0 0.518555 0.628906 0.085938 0.085938
0 0.425293 0.683594 0.073242 0.074219
0 0.429199 0.789062 0.073242 0.074219
0 0.232910 0.690430 0.084961 0.085938
0 0.139648 0.649414 0.097656 0.097656
0 0.130859 0.752441 0.109375 0.110352
0 0.143555 0.856445 0.109375 0.111328
0 0.236816 0.918945 0.084961 0.085938
0 0.231445 0.792480 0.109375 0.110352
0 0.329590 0.752930 0.084961 0.085938
0 0.328125 0.852539 0.097656 0.097656
0 0.419922 0.888184 0.097656 0.098633
0 0.517090 0.945312 0.084961 0.085938
0 0.890625 0.645996 0.097656 0.098633
0 0.897461 0.751465 0.097656 0.098633
0 0.892090 0.863770 0.110352 0.110352
0 0.797852 0.921875 0.109375 0.111328
0 0.806641 0.788086 0.097656 0.097656
0 0.801758 0.686523 0.109375 0.111328
0 0.706055 0.639648 0.109375 0.111328
0 0.711426 0.747559 0.110352 0.110352
0 0.708496 0.892090 0.110352 0.110352
0 0.611816 0.695312 0.084961 0.085938
0 0.902344 0.526367 0.097656 0.097656
0 0.894531 0.311523 0.097656 0.097656
0 0.899414 0.424805 0.097656 0.097656
0 0.807617 0.261719 0.097656 0.097656
0 0.807617 0.375977 0.097656 0.097656
0 0.799805 0.486328 0.097656 0.097656
0 0.799316 0.587402 0.110352 0.110352
0 0.710938 0.536621 0.097656 0.098633
0 0.708496 0.424316 0.110352 0.110352
0 0.708496 0.301758 0.110352 0.111328
1 0.617188 0.366211 0.085938 0.085938
0 0.614258 0.232422 0.097656 0.097656
0 0.521484 0.310059 0.109375 0.110352
0 0.520508 0.433105 0.097656 0.098633
0 0.520020 0.527832 0.084961 0.086914
0 0.431152 0.599609 0.084961 0.085938
0 0.425293 0.476074 0.110352 0.110352
0 0.426270 0.366699 0.110352 0.110352
0 0.426758 0.256348 0.097656 0.098633
0 0.327148 0.314941 0.097656 0.098633
0 0.329102 0.425293 0.097656 0.098633
0 0.328125 0.529297 0.085938 0.085938
0 0.230469 0.587402 0.109375 0.110352
0 0.233398 0.482910 0.097656 0.098633
0 0.233398 0.365234 0.085938 0.085938
0 0.232422 0.258789 0.085938 0.085938
0 0.141602 0.305176 0.097656 0.098633
0 0.138672 0.412598 0.097656 0.098633
0 0.144531 0.518555 0.097656 0.097656
0 0.617188 0.488770 0.109375 0.110352
0 0.612305 0.579590 0.109375 0.110352