0 0.334473 0.866699 0.073242 0.073242
0 0.235840 0.697754 0.061523 0.061523
0 0.330566 0.743652 0.061523 0.061523
0 0.423828 0.705078 0.060547 0.060547
0 0.057129 0.699707 0.061523 0.061523
0 0.052734 0.812988 0.097656 0.098633
0 0.055664 0.918457 0.097656 0.098633
0 0.147461 0.752441 0.097656 0.098633
0 0.149414 0.867676 0.085938 0.086914
0 0.241211 0.811523 0.085938 0.085938
0 0.238281 0.921875 0.085938 0.085938
0 0.432617 0.808594 0.097656 0.097656
0 0.431152 0.916992 0.084961 0.085938
1 0.523926 0.750977 0.073242 0.074219
1 0.617188 0.804688 0.085938 0.085938
1 0.622559 0.916992 0.073242 0.074219
0 0.529297 0.861328 0.097656 0.097656