0 0.534668 0.788086 0.073242 0.074219
0 0.255371 0.541504 0.073242 0.073242
0 0.067383 0.086914 0.097656 0.097656
0 0.248535 0.093750 0.084961 0.085938
0 0.434570 0.092285 0.097656 0.098633
0 0.630859 0.075684 0.109375 0.110352
0 0.823730 0.089844 0.084961 0.085938
0 0.641602 0.889648 0.085938 0.085938
1 0.440430 0.626465 0.085938 0.086914
0 0.440430 0.515625 0.085938 0.085938
0 0.347168 0.570312 0.073242 0.074219
0 0.351074 0.675781 0.073242 0.074219
0 0.154785 0.577148 0.084961 0.085938
0 0.061523 0.536133 0.097656 0.097656
0 0.065430 0.743164 0.109375 0.111328
0 0.057617 0.854980 0.109375 0.110352
0 0.153320 0.909668 0.097656 0.098633
0 0.158691 0.805664 0.084961 0.085938
0 0.153320 0.679199 0.109375 0.110352
0 0.251465 0.639648 0.084961 0.085938
0 0.250000 0.739258 0.097656 0.097656
0 0.252930 0.874512 0.097656 0.098633
0 0.347168 0.910156 0.084961 0.085938
0 0.341797 0.774902 0.097656 0.098633
0 0.438965 0.832031 0.084961 0.085938
0 0.533203 0.903809 0.097656 0.098633
0 0.910156 0.490234 0.097656 0.097656
0 0.912109 0.586426 0.097656 0.098633
0 0.907227 0.703613 0.109375 0.110352
0 0.904297 0.809082 0.109375 0.110352
0 0.812500 0.532715 0.097656 0.098633
0 0.819336 0.638184 0.097656 0.098633
0 0.813965 0.750488 0.110352 0.110352
0 0.811035 0.864746 0.110352 0.110352
0 0.719727 0.808594 0.109375 0.111328
0 0.728516 0.674805 0.097656 0.097656
0 0.723633 0.573242 0.109375 0.111328
0 0.627930 0.526367 0.109375 0.111328
0 0.633301 0.634277 0.110352 0.110352
0 0.630371 0.778809 0.110352 0.110352
0 0.724609 0.915527 0.109375 0.110352
0 0.533691 0.582031 0.084961 0.085938
0 0.912109 0.149902 0.097656 0.098633
0 0.911133 0.257324 0.109375 0.110352
0 0.910156 0.369141 0.097656 0.097656
0 0.824219 0.413086 0.097656 0.097656
0 0.816406 0.198242 0.097656 0.097656
0 0.821289 0.311523 0.097656 0.097656
0 0.729492 0.148438 0.097656 0.097656
0 0.729492 0.262695 0.097656 0.097656
0 0.721680 0.373047 0.097656 0.097656
0 0.721191 0.474121 0.110352 0.110352
0 0.632812 0.423340 0.097656 0.098633
0 0.630371 0.311035 0.110352 0.110352
0 0.630371 0.188477 0.110352 0.111328
1 0.539062 0.252930 0.085938 0.085938
0 0.536133 0.119141 0.097656 0.097656
0 0.443359 0.196777 0.109375 0.110352
0 0.442383 0.319824 0.097656 0.098633
0 0.441895 0.414551 0.084961 0.086914
0 0.353027 0.486328 0.084961 0.085938
0 0.347168 0.362793 0.110352 0.110352
0 0.348145 0.253418 0.110352 0.110352
0 0.348633 0.143066 0.097656 0.098633
0 0.249023 0.201660 0.097656 0.098633
0 0.250977 0.312012 0.097656 0.098633
0 0.250000 0.416016 0.085938 0.085938
0 0.152344 0.474121 0.109375 0.110352
0 0.155273 0.369629 0.097656 0.098633
0 0.155273 0.251953 0.085938 0.085938
0 0.154297 0.145508 0.085938 0.085938
0 0.063477 0.191895 0.097656 0.098633
0 0.060547 0.299316 0.097656 0.098633
0 0.066406 0.405273 0.097656 0.097656
0 0.539062 0.375488 0.109375 0.110352
0 0.534180 0.466309 0.109375 0.110352