0 0.774414 0.066895 0.097656 0.098633
0 0.868164 0.123535 0.109375 0.110352
0 0.113281 0.118652 0.097656 0.098633
0 0.118164 0.234863 0.109375 0.110352
0 0.205566 0.067871 0.110352 0.110352
0 0.204102 0.179199 0.109375 0.110352
0 0.205078 0.288574 0.109375 0.110352
0 0.306152 0.120605 0.110352 0.110352
0 0.298340 0.228027 0.110352 0.110352
0 0.392578 0.063477 0.097656 0.097656
0 0.391602 0.172363 0.109375 0.110352
0 0.391602 0.292480 0.097656 0.098633
0 0.485352 0.121094 0.109375 0.111328
0 0.487305 0.235840 0.109375 0.110352
0 0.585449 0.068359 0.110352 0.111328
0 0.587402 0.151367 0.073242 0.074219
0 0.577148 0.291016 0.097656 0.097656
0 0.676758 0.118164 0.097656 0.097656
0 0.673828 0.227539 0.097656 0.097656
0 0.775391 0.180176 0.109375 0.110352
0 0.772949 0.284180 0.110352 0.111328
0 0.866211 0.229004 0.097656 0.098633
0 0.868164 0.339844 0.097656 0.097656
0 0.867188 0.455078 0.085938 0.085938
0 0.867676 0.560059 0.061523 0.061523
0 0.868164 0.674316 0.097656 0.098633
1 0.866699 0.780762 0.110352 0.110352
0 0.771484 0.398438 0.097656 0.097656
0 0.770996 0.505859 0.084961 0.085938
0 0.771973 0.625488 0.110352 0.110352
0 0.772461 0.730957 0.109375 0.110352
0 0.673340 0.322266 0.110352 0.111328
0 0.683594 0.442871 0.097656 0.098633
0 0.673828 0.562988 0.060547 0.061523
0 0.675781 0.661621 0.109375 0.110352
0 0.673828 0.780762 0.109375 0.110352
0 0.583984 0.393066 0.097656 0.098633
0 0.587891 0.509277 0.097656 0.098633
0 0.580078 0.614746 0.097656 0.098633
0 0.580078 0.723145 0.097656 0.098633
0 0.486328 0.339355 0.097656 0.098633
0 0.487305 0.448730 0.097656 0.098633
0 0.487793 0.564941 0.073242 0.073242
0 0.489258 0.669434 0.097656 0.098633
0 0.487305 0.782715 0.097656 0.098633
0 0.396973 0.398926 0.110352 0.110352
0 0.389648 0.496582 0.097656 0.098633
0 0.386719 0.626465 0.097656 0.098633
0 0.392578 0.731934 0.109375 0.110352
0 0.300293 0.346191 0.110352 0.110352
0 0.301758 0.454590 0.109375 0.110352
0 0.301758 0.571777 0.097656 0.098633
0 0.301758 0.672363 0.097656 0.098633
0 0.295898 0.786133 0.109375 0.111328
0 0.207031 0.395996 0.109375 0.110352
0 0.203125 0.505371 0.109375 0.110352
0 0.205078 0.614746 0.109375 0.110352
0 0.203613 0.726562 0.110352 0.111328
0 0.115723 0.345215 0.110352 0.110352
0 0.106934 0.441895 0.110352 0.110352
0 0.110352 0.553711 0.097656 0.097656
0 0.111816 0.664062 0.110352 0.111328
0 0.111816 0.782715 0.110352 0.110352
0 0.112793 0.893066 0.110352 0.110352
0 0.210449 0.833984 0.110352 0.111328
0 0.303711 0.891602 0.109375 0.111328
0 0.395020 0.832520 0.110352 0.110352
0 0.393555 0.954102 0.085938 0.085938
0 0.489746 0.891113 0.110352 0.110352
0 0.583984 0.833496 0.109375 0.110352
0 0.671875 0.885254 0.109375 0.110352
0 0.771484 0.835449 0.097656 0.098633
0 0.870605 0.882324 0.110352 0.110352