1 0.777832 0.797852 0.073242 0.074219
1 0.776367 0.917480 0.060547 0.061523
0 0.870605 0.856445 0.110352 0.111328
0 0.681641 0.886230 0.097656 0.098633
0 0.578125 0.801270 0.097656 0.098633
0 0.584961 0.914551 0.097656 0.098633
0 0.493164 0.855957 0.097656 0.098633
0 0.393555 0.911621 0.109375 0.110352
0 0.303223 0.856934 0.110352 0.110352
0 0.215332 0.913086 0.084961 0.085938
0 0.119629 0.859375 0.084961 0.085938
1 0.871094 0.430664 0.085938 0.085938
1 0.493652 0.624512 0.061523 0.061523
0 0.586426 0.694336 0.084961 0.085938
0 0.683594 0.653320 0.085938 0.085938
0 0.683594 0.743164 0.085938 0.085938
0 0.779297 0.684570 0.085938 0.085938
0 0.787109 0.597656 0.085938 0.085938
0 0.869629 0.743164 0.084961 0.085938
0 0.875000 0.097656 0.097656 0.097656
0 0.873047 0.192871 0.097656 0.098633
0 0.874023 0.299316 0.097656 0.098633
0 0.867188 0.530762 0.097656 0.098633
0 0.866211 0.636230 0.097656 0.098633
0 0.782227 0.348633 0.085938 0.085938
0 0.786133 0.243164 0.085938 0.085938
0 0.783691 0.137695 0.084961 0.085938
0 0.687012 0.091309 0.110352 0.110352
0 0.680176 0.204590 0.110352 0.110352
0 0.678711 0.317383 0.109375 0.111328
0 0.682617 0.418945 0.109375 0.111328
0 0.586914 0.474609 0.109375 0.111328
0 0.594727 0.365723 0.109375 0.110352
0 0.594727 0.241699 0.109375 0.110352
0 0.595215 0.149414 0.110352 0.111328
0 0.489258 0.081543 0.109375 0.110352
0 0.497070 0.198730 0.097656 0.098633
0 0.497070 0.308105 0.097656 0.098633
0 0.499023 0.414551 0.097656 0.098633
0 0.499023 0.498047 0.097656 0.097656
0 0.396484 0.452637 0.097656 0.098633
0 0.406250 0.167480 0.109375 0.110352
0 0.398438 0.249023 0.085938 0.085938
0 0.406250 0.351074 0.109375 0.110352
0 0.317383 0.083008 0.085938 0.085938
0 0.306641 0.177734 0.109375 0.111328
0 0.304199 0.276855 0.110352 0.110352
0 0.316895 0.391113 0.110352 0.110352
0 0.213379 0.339355 0.110352 0.110352
0 0.213867 0.254395 0.097656 0.098633
0 0.217773 0.144043 0.097656 0.098633
0 0.120605 0.086426 0.110352 0.110352
0 0.120605 0.202637 0.110352 0.110352
0 0.112793 0.313965 0.110352 0.110352
0 0.492188 0.742676 0.109375 0.110352
0 0.397949 0.805176 0.110352 0.110352
0 0.306152 0.755371 0.110352 0.110352
0 0.403320 0.677734 0.085938 0.085938
0 0.311523 0.641113 0.109375 0.110352
0 0.304688 0.566895 0.097656 0.098633
0 0.213379 0.602051 0.110352 0.110352
0 0.214844 0.697754 0.097656 0.098633
0 0.215820 0.787598 0.109375 0.110352
0 0.112305 0.751465 0.109375 0.110352