0 0.938965 0.553223 0.110352 0.110352
0 0.944336 0.672852 0.097656 0.097656
0 0.946289 0.786133 0.097656 0.097656
0 0.943848 0.888672 0.084961 0.085938
1 0.382324 0.443359 0.073242 0.074219
1 0.380859 0.562988 0.060547 0.061523
0 0.854980 0.511230 0.096680 0.098633
0 0.860352 0.610352 0.097656 0.097656
0 0.849609 0.727539 0.085938 0.085938
0 0.850586 0.837891 0.085938 0.085938
0 0.754883 0.895020 0.097656 0.098633
0 0.764160 0.797852 0.084961 0.085938
0 0.757812 0.685547 0.085938 0.085938
0 0.756836 0.558594 0.085938 0.085938
0 0.756836 0.454102 0.097656 0.097656
0 0.666504 0.499512 0.110352 0.110352
0 0.663574 0.615234 0.110352 0.111328
0 0.663086 0.726074 0.097656 0.098633
0 0.663574 0.828613 0.110352 0.110352
0 0.565430 0.449707 0.097656 0.098633
0 0.570801 0.565918 0.110352 0.110352
0 0.578125 0.667480 0.097656 0.098633
0 0.567871 0.785645 0.084961 0.086914
0 0.571777 0.897461 0.084961 0.085938
0 0.475098 0.501953 0.110352 0.111328
0 0.481445 0.609863 0.097656 0.098633
0 0.473145 0.850586 0.084961 0.085938
0 0.478516 0.951172 0.085938 0.085938
0 0.394531 0.686523 0.085938 0.085938
0 0.386719 0.767090 0.109375 0.110352
0 0.384277 0.885742 0.110352 0.111328
0 0.286133 0.531738 0.097656 0.098633
0 0.289062 0.603516 0.085938 0.085938
0 0.283691 0.717773 0.110352 0.111328
0 0.276855 0.842285 0.110352 0.110352
0 0.182617 0.446777 0.097656 0.098633
0 0.189453 0.560059 0.097656 0.098633
0 0.186523 0.673340 0.085938 0.086914
0 0.189453 0.778809 0.097656 0.098633
0 0.191406 0.893066 0.097656 0.098633
0 0.097656 0.501465 0.097656 0.098633
0 0.093750 0.613281 0.097656 0.097656
0 0.093750 0.715820 0.085938 0.085938
0 0.094727 0.826660 0.097656 0.098633
0 0.093750 0.942871 0.097656 0.098633
0 0.948242 0.440918 0.097656 0.098633
0 0.861328 0.061035 0.097656 0.098633
0 0.854492 0.172852 0.097656 0.097656
0 0.856934 0.287598 0.110352 0.110352
0 0.855469 0.407227 0.109375 0.111328
1 0.475586 0.076172 0.085938 0.085938
1 0.098145 0.270020 0.061523 0.061523
0 0.190918 0.339844 0.084961 0.085938
0 0.288086 0.298828 0.085938 0.085938
0 0.288086 0.388672 0.085938 0.085938
0 0.383789 0.330078 0.085938 0.085938
0 0.391602 0.243164 0.085938 0.085938
0 0.666992 0.067383 0.085938 0.085938
0 0.664551 0.171387 0.110352 0.110352
0 0.665527 0.291504 0.110352 0.110352
0 0.666992 0.392578 0.097656 0.097656
0 0.762695 0.351074 0.097656 0.098633
0 0.766602 0.239258 0.097656 0.097656
0 0.765625 0.118164 0.097656 0.097656
0 0.571289 0.115723 0.097656 0.098633
0 0.571289 0.223145 0.097656 0.098633
0 0.564453 0.343262 0.097656 0.098633
0 0.474121 0.388672 0.084961 0.085938
0 0.471680 0.176270 0.097656 0.098633
0 0.470703 0.281738 0.097656 0.098633
0 0.287109 0.064453 0.109375 0.111328
0 0.191406 0.120117 0.109375 0.111328
0 0.103516 0.060059 0.097656 0.098633
0 0.103516 0.143555 0.097656 0.097656
0 0.096680 0.388184 0.109375 0.110352