0 0.575684 0.184570 0.073242 0.074219
0 0.942383 0.818848 0.109375 0.110352
0 0.939453 0.907227 0.097656 0.097656
0 0.863770 0.628906 0.110352 0.111328
0 0.855469 0.729004 0.109375 0.110352
0 0.855469 0.873535 0.109375 0.110352
0 0.746094 0.687012 0.109375 0.110352
0 0.754883 0.915039 0.097656 0.097656
0 0.657227 0.644043 0.097656 0.098633
0 0.591797 0.878418 0.048828 0.049805
0 0.656738 0.737793 0.110352 0.110352
0 0.382812 0.678711 0.085938 0.085938
0 0.384766 0.775391 0.097656 0.097656
0 0.283203 0.633301 0.109375 0.110352
0 0.193848 0.902832 0.110352 0.110352
0 0.186523 0.698242 0.097656 0.097656
0 0.098633 0.633301 0.109375 0.110352
0 0.865234 0.084473 0.097656 0.098633
0 0.869141 0.178223 0.097656 0.098633
0 0.865234 0.317871 0.109375 0.110352
0 0.869141 0.429199 0.109375 0.110352
0 0.854980 0.536133 0.110352 0.111328
0 0.753906 0.579102 0.109375 0.111328
0 0.755371 0.473633 0.110352 0.111328
0 0.755371 0.357422 0.084961 0.085938
0 0.760742 0.135254 0.097656 0.098633
0 0.463867 0.067383 0.085938 0.085938
0 0.387207 0.161133 0.084961 0.085938
0 0.474121 0.216797 0.084961 0.085938
0 0.578613 0.261719 0.084961 0.085938
0 0.477539 0.615234 0.085938 0.085938
0 0.380371 0.571777 0.110352 0.110352
0 0.384766 0.466797 0.097656 0.097656
0 0.388672 0.373047 0.097656 0.097656
0 0.578125 0.362793 0.097656 0.098633
0 0.472656 0.422363 0.097656 0.098633
0 0.475098 0.525391 0.084961 0.085938
0 0.388672 0.272461 0.085938 0.085938
0 0.470215 0.309570 0.084961 0.085938
0 0.290527 0.096191 0.110352 0.110352
0 0.288086 0.187012 0.109375 0.110352
0 0.283691 0.314453 0.110352 0.111328
0 0.287598 0.409668 0.110352 0.110352
0 0.293945 0.534180 0.109375 0.111328
0 0.197266 0.474121 0.109375 0.110352
0 0.197266 0.367676 0.109375 0.110352
0 0.193359 0.258301 0.109375 0.110352
0 0.104492 0.102539 0.085938 0.085938
0 0.104492 0.201172 0.085938 0.085938
0 0.098633 0.317871 0.097656 0.098633
0 0.097656 0.420898 0.097656 0.097656
0 0.190918 0.147461 0.084961 0.085938
0 0.675781 0.526855 0.097656 0.098633