0 0.176270 0.616211 0.073242 0.074219
0 0.178223 0.702148 0.073242 0.074219
0 0.379395 0.684082 0.073242 0.073242
0 0.372559 0.467773 0.073242 0.074219
0 0.098145 0.669434 0.073242 0.073242
0 0.291016 0.797363 0.060547 0.061523
0 0.096191 0.767090 0.073242 0.073242
0 0.942871 0.238770 0.073242 0.073242
0 0.850098 0.311523 0.073242 0.074219
0 0.940430 0.137207 0.097656 0.098633
0 0.948242 0.366211 0.097656 0.097656
0 0.941406 0.778320 0.097656 0.097656
0 0.946289 0.700684 0.097656 0.098633
0 0.853516 0.081055 0.097656 0.097656
0 0.844727 0.189453 0.085938 0.085938
0 0.856445 0.417969 0.097656 0.097656
0 0.757812 0.379883 0.085938 0.085938
0 0.760254 0.472168 0.110352 0.110352
0 0.752930 0.584473 0.097656 0.098633
0 0.844238 0.725098 0.073242 0.073242
0 0.850586 0.823730 0.097656 0.098633
0 0.666992 0.080566 0.097656 0.098633
1 0.660156 0.195312 0.085938 0.085938
0 0.662598 0.300781 0.084961 0.085938
0 0.663574 0.417480 0.110352 0.110352
0 0.667480 0.525879 0.110352 0.110352
0 0.666016 0.635254 0.109375 0.110352
0 0.663086 0.753418 0.097656 0.098633
0 0.576172 0.138184 0.097656 0.098633
0 0.561523 0.242188 0.097656 0.097656
0 0.562500 0.369629 0.097656 0.098633
0 0.557617 0.479004 0.097656 0.098633
0 0.553711 0.584473 0.097656 0.098633
0 0.564941 0.693359 0.084961 0.085938
0 0.469238 0.741211 0.084961 0.085938
0 0.478027 0.093750 0.110352 0.111328
0 0.481934 0.218750 0.122070 0.123047
0 0.475098 0.324219 0.084961 0.085938
0 0.458008 0.441406 0.085938 0.085938
0 0.460449 0.526855 0.084961 0.086914
0 0.466797 0.634766 0.097656 0.097656
0 0.386230 0.151855 0.110352 0.110352
0 0.383789 0.264160 0.097656 0.098633
0 0.385742 0.362793 0.097656 0.098633
0 0.293945 0.449707 0.060547 0.061523
0 0.293457 0.552734 0.073242 0.074219
0 0.296387 0.638672 0.084961 0.085938
0 0.287109 0.717773 0.085938 0.085938
0 0.161621 0.801270 0.061523 0.061523
0 0.288086 0.108887 0.109375 0.110352
0 0.295410 0.205566 0.110352 0.110352
0 0.292969 0.320801 0.109375 0.110352
0 0.197266 0.047852 0.085938 0.085938
0 0.192383 0.158691 0.109375 0.110352
0 0.194824 0.265137 0.110352 0.110352
0 0.194336 0.365234 0.109375 0.111328
0 0.182617 0.507324 0.097656 0.098633
0 0.098633 0.555176 0.097656 0.098633
0 0.113281 0.440430 0.085938 0.085938
0 0.099121 0.097168 0.084961 0.086914
0 0.105469 0.201172 0.097656 0.097656
0 0.098633 0.332520 0.097656 0.098633
0 0.376953 0.571777 0.097656 0.098633