0 0.382324 0.118164 0.084961 0.085938
0 0.387207 0.234863 0.073242 0.073242
0 0.477051 0.060059 0.073242 0.073242
0 0.482910 0.286133 0.084961 0.085938
0 0.476074 0.174316 0.061523 0.061523
0 0.479492 0.402344 0.085938 0.085938
0 0.384766 0.340820 0.085938 0.085938
0 0.385742 0.452148 0.097656 0.097656
0 0.289062 0.066406 0.085938 0.085938
0 0.285156 0.178223 0.097656 0.098633
0 0.288086 0.286133 0.085938 0.085938
0 0.288086 0.392578 0.097656 0.097656
0 0.192383 0.120605 0.097656 0.098633
0 0.194824 0.235352 0.084961 0.085938
0 0.197754 0.343750 0.084961 0.085938
0 0.196289 0.448242 0.097656 0.097656
0 0.100586 0.062012 0.097656 0.098633
0 0.103516 0.174805 0.097656 0.097656
0 0.100098 0.293945 0.084961 0.085938
0 0.098633 0.396484 0.097656 0.097656
0 0.103516 0.504395 0.097656 0.098633
0 0.099609 0.618164 0.085938 0.085938
0 0.097656 0.720703 0.097656 0.097656
0 0.098633 0.834961 0.085938 0.085938
0 0.101562 0.951172 0.085938 0.085938
0 0.196289 0.556152 0.097656 0.098633
0 0.201172 0.674316 0.097656 0.098633
0 0.204102 0.780273 0.097656 0.097656
0 0.203125 0.897461 0.097656 0.097656
0 0.290039 0.507324 0.085938 0.086914
0 0.290039 0.614746 0.097656 0.098633
0 0.289062 0.723145 0.097656 0.098633
0 0.290039 0.853027 0.097656 0.098633
0 0.389648 0.561035 0.097656 0.098633
0 0.382812 0.669434 0.097656 0.098633
0 0.381836 0.784180 0.085938 0.085938
0 0.385254 0.893555 0.084961 0.085938
0 0.479004 0.500977 0.084961 0.085938
0 0.479004 0.613281 0.084961 0.085938
0 0.479492 0.727051 0.097656 0.098633
0 0.481445 0.838867 0.085938 0.085938
0 0.477539 0.950195 0.085938 0.085938