0 0.409668 0.433594 0.073242 0.074219
0 0.222656 0.101562 0.085938 0.085938
0 0.506348 0.043945 0.084961 0.085938
0 0.598633 0.100586 0.085938 0.085938
0 0.413574 0.114258 0.084961 0.085938
0 0.599609 0.208008 0.085938 0.085938
0 0.595703 0.316406 0.097656 0.097656
0 0.599121 0.439453 0.084961 0.085938
0 0.600098 0.534180 0.084961 0.085938
0 0.599121 0.657227 0.084961 0.085938
0 0.503418 0.152344 0.084961 0.085938
0 0.502930 0.269531 0.097656 0.097656
0 0.504883 0.380859 0.097656 0.097656
0 0.508789 0.488281 0.085938 0.085938
0 0.502930 0.595703 0.085938 0.085938
1 0.409668 0.208984 0.084961 0.085938
0 0.410156 0.320312 0.097656 0.097656
0 0.415039 0.541504 0.097656 0.098633
0 0.320312 0.156250 0.085938 0.085938
0 0.317383 0.268066 0.097656 0.098633
0 0.318359 0.381348 0.097656 0.098633
0 0.314941 0.484375 0.084961 0.085938
0 0.316406 0.600098 0.097656 0.098633
0 0.225586 0.205566 0.097656 0.098633
0 0.222656 0.319824 0.097656 0.098633
0 0.221680 0.426270 0.097656 0.098633
0 0.220703 0.540527 0.097656 0.098633
0 0.218750 0.653809 0.097656 0.098633
0 0.124512 0.159180 0.084961 0.085938
0 0.127441 0.271484 0.084961 0.085938
0 0.124023 0.378418 0.097656 0.098633
0 0.128906 0.488770 0.097656 0.098633
0 0.125000 0.603516 0.085938 0.085938
0 0.125000 0.713867 0.085938 0.085938
0 0.126953 0.817383 0.085938 0.085938
0 0.220703 0.758789 0.085938 0.085938
0 0.217773 0.866211 0.085938 0.085938
0 0.321777 0.707031 0.084961 0.085938
0 0.313477 0.808105 0.097656 0.098633
0 0.413086 0.659668 0.097656 0.098633
0 0.411133 0.761230 0.097656 0.098633
1 0.502930 0.704102 0.085938 0.085938
0 0.507812 0.813965 0.097656 0.098633
0 0.605469 0.765625 0.085938 0.085938