0 0.319824 0.808105 0.073242 0.073242
0 0.131836 0.353516 0.097656 0.097656
0 0.135742 0.242676 0.097656 0.098633
0 0.135742 0.128418 0.097656 0.098633
0 0.222656 0.076660 0.109375 0.110352
0 0.217773 0.190918 0.097656 0.098633
0 0.222656 0.297363 0.097656 0.098633
0 0.312988 0.360352 0.084961 0.085938
0 0.318359 0.231445 0.085938 0.085938
0 0.318359 0.121094 0.085938 0.085938
0 0.411133 0.297852 0.085938 0.085938
0 0.427734 0.187012 0.097656 0.098633
0 0.421875 0.076660 0.109375 0.110352
0 0.507812 0.135254 0.097656 0.098633
0 0.500488 0.245605 0.110352 0.110352
0 0.499023 0.358887 0.097656 0.098633
0 0.599609 0.291504 0.097656 0.098633
0 0.609375 0.193848 0.097656 0.098633
0 0.606445 0.076660 0.109375 0.110352
0 0.698242 0.138184 0.097656 0.098633
0 0.691406 0.242188 0.097656 0.097656
0 0.695312 0.342285 0.109375 0.110352
0 0.793945 0.299316 0.097656 0.098633
0 0.793945 0.188965 0.109375 0.110352
0 0.792480 0.087402 0.110352 0.110352
0 0.892578 0.134277 0.097656 0.098633
0 0.891602 0.256348 0.097656 0.098633
0 0.888184 0.356445 0.084961 0.085938
1 0.504883 0.893066 0.085938 0.086914
0 0.504883 0.782227 0.085938 0.085938
0 0.411621 0.836914 0.073242 0.074219
0 0.415527 0.942383 0.073242 0.074219
0 0.219238 0.843750 0.084961 0.085938
0 0.125977 0.802734 0.097656 0.097656
0 0.117188 0.905762 0.109375 0.110352
0 0.315918 0.906250 0.084961 0.085938
0 0.876953 0.799316 0.097656 0.098633
0 0.883789 0.904785 0.097656 0.098633
0 0.792969 0.941406 0.097656 0.097656
0 0.788086 0.839844 0.109375 0.111328
0 0.692383 0.792969 0.109375 0.111328
0 0.697754 0.900879 0.110352 0.110352
0 0.598145 0.848633 0.084961 0.085938
0 0.888672 0.679688 0.097656 0.097656
0 0.880859 0.464844 0.097656 0.097656
0 0.885742 0.578125 0.097656 0.097656
0 0.793945 0.415039 0.097656 0.097656
0 0.793945 0.529297 0.097656 0.097656
0 0.786133 0.639648 0.097656 0.097656
0 0.785645 0.740723 0.110352 0.110352
0 0.697266 0.689941 0.097656 0.098633
0 0.694824 0.577637 0.110352 0.110352
0 0.694824 0.455078 0.110352 0.111328
1 0.603516 0.519531 0.085938 0.085938
0 0.600586 0.385742 0.097656 0.097656
0 0.507812 0.463379 0.109375 0.110352
0 0.506836 0.586426 0.097656 0.098633
0 0.506348 0.681152 0.084961 0.086914
0 0.417480 0.752930 0.084961 0.085938
0 0.411621 0.629395 0.110352 0.110352
0 0.412598 0.520020 0.110352 0.110352
0 0.413086 0.409668 0.097656 0.098633
0 0.313477 0.468262 0.097656 0.098633
0 0.315430 0.578613 0.097656 0.098633
0 0.314453 0.682617 0.085938 0.085938
0 0.216797 0.740723 0.109375 0.110352
0 0.219727 0.636230 0.097656 0.098633
0 0.219727 0.518555 0.085938 0.085938
0 0.218750 0.412109 0.085938 0.085938
0 0.127930 0.458496 0.097656 0.098633
0 0.125000 0.565918 0.097656 0.098633
0 0.130859 0.671875 0.097656 0.097656
0 0.603516 0.642090 0.109375 0.110352
0 0.598633 0.732910 0.109375 0.110352