0 0.156738 0.331055 0.073242 0.074219
0 0.054199 0.374512 0.073242 0.073242
0 0.935547 0.125488 0.109375 0.110352
0 0.942383 0.236816 0.109375 0.110352
0 0.839844 0.062012 0.097656 0.098633
0 0.835938 0.173828 0.085938 0.085938
0 0.840820 0.288086 0.085938 0.085938
0 0.740234 0.117188 0.085938 0.085938
0 0.746582 0.231934 0.084961 0.086914
0 0.649414 0.062012 0.097656 0.098633
0 0.648926 0.173340 0.084961 0.086914
0 0.556641 0.117676 0.097656 0.098633
0 0.557617 0.228027 0.097656 0.098633
0 0.459961 0.068848 0.097656 0.098633
0 0.463867 0.173340 0.109375 0.110352
0 0.365234 0.118652 0.097656 0.098633
0 0.363770 0.229492 0.084961 0.085938
0 0.274902 0.059082 0.110352 0.110352
0 0.271484 0.164062 0.097656 0.097656
0 0.271484 0.283203 0.097656 0.097656
0 0.461426 0.283203 0.084961 0.085938
0 0.145508 0.120117 0.097656 0.097656
0 0.149414 0.231445 0.097656 0.097656
0 0.049805 0.255371 0.097656 0.098633
0 0.067383 0.519043 0.097656 0.098633
0 0.065430 0.613770 0.097656 0.098633
0 0.078125 0.731934 0.109375 0.110352
0 0.155273 0.459473 0.097656 0.098633
0 0.161621 0.558594 0.084961 0.085938
0 0.158691 0.669434 0.084961 0.086914
0 0.162109 0.770020 0.097656 0.098633
0 0.276367 0.388672 0.097656 0.097656
0 0.268555 0.499512 0.097656 0.098633
0 0.272461 0.606934 0.109375 0.110352
0 0.272949 0.725098 0.110352 0.110352
0 0.268066 0.841309 0.110352 0.110352
0 0.366211 0.337891 0.097656 0.097656
0 0.364746 0.451172 0.110352 0.111328
0 0.363281 0.555176 0.109375 0.110352
0 0.363281 0.666504 0.097656 0.098633
0 0.360352 0.780762 0.109375 0.110352
0 0.462402 0.398438 0.110352 0.111328
0 0.458008 0.507812 0.097656 0.097656
0 0.458008 0.619141 0.097656 0.097656
0 0.456543 0.726562 0.084961 0.085938
0 0.457031 0.839844 0.085938 0.085938
0 0.553711 0.342773 0.085938 0.085938
0 0.552734 0.455078 0.097656 0.097656
0 0.557129 0.564453 0.110352 0.111328
0 0.549316 0.674805 0.110352 0.111328
0 0.555176 0.780762 0.110352 0.110352
0 0.646973 0.286133 0.084961 0.085938
0 0.649414 0.395508 0.085938 0.085938
0 0.646484 0.506836 0.085938 0.085938
0 0.652344 0.608398 0.109375 0.111328
0 0.649414 0.717773 0.109375 0.111328
0 0.645020 0.841309 0.110352 0.110352
0 0.741699 0.342285 0.110352 0.110352
0 0.742676 0.455566 0.110352 0.110352
0 0.750977 0.559082 0.109375 0.110352
0 0.745117 0.669434 0.109375 0.110352
0 0.744141 0.784180 0.109375 0.111328
0 0.843262 0.390137 0.110352 0.110352
0 0.841309 0.505371 0.110352 0.110352
0 0.835938 0.613770 0.097656 0.098633
0 0.838379 0.723633 0.084961 0.085938
0 0.838867 0.836914 0.097656 0.097656
0 0.937500 0.349121 0.109375 0.110352
0 0.939453 0.448730 0.109375 0.110352
0 0.929688 0.561035 0.097656 0.098633
0 0.935059 0.673340 0.110352 0.110352
0 0.927246 0.779785 0.110352 0.110352
0 0.932129 0.895996 0.110352 0.110352
0 0.741211 0.893555 0.109375 0.111328
0 0.553223 0.898926 0.061523 0.061523
0 0.362305 0.891113 0.109375 0.110352
0 0.266113 0.942871 0.110352 0.110352
0 0.167969 0.876465 0.097656 0.098633
0 0.075195 0.833496 0.109375 0.110352
0 0.073242 0.933594 0.097656 0.097656