0 0.879395 0.777344 0.084961 0.085938
0 0.873047 0.890625 0.097656 0.097656
0 0.771973 0.936035 0.110352 0.110352
0 0.775879 0.826660 0.110352 0.110352
1 0.678711 0.781250 0.097656 0.097656
0 0.672852 0.885254 0.097656 0.098633
0 0.583496 0.833496 0.110352 0.110352
0 0.583008 0.940918 0.097656 0.098633
0 0.487793 0.776855 0.110352 0.110352
0 0.490234 0.879883 0.109375 0.111328
0 0.314941 0.762695 0.110352 0.111328
0 0.306641 0.862793 0.109375 0.110352
0 0.197266 0.820801 0.109375 0.110352
0 0.108398 0.777832 0.097656 0.098633
0 0.107910 0.871582 0.110352 0.110352
0 0.880371 0.120605 0.110352 0.110352
0 0.872559 0.231934 0.110352 0.110352
0 0.872070 0.669434 0.109375 0.110352
0 0.774902 0.717285 0.110352 0.110352
0 0.679688 0.675293 0.109375 0.110352
0 0.572266 0.718262 0.109375 0.110352
0 0.585938 0.386719 0.097656 0.097656
0 0.779785 0.062988 0.110352 0.110352
0 0.782227 0.173340 0.097656 0.098633
0 0.779785 0.286621 0.073242 0.073242
0 0.681641 0.106934 0.097656 0.098633
0 0.681152 0.228027 0.110352 0.110352
0 0.682617 0.341309 0.109375 0.110352
0 0.589844 0.065430 0.097656 0.097656
0 0.583008 0.164062 0.097656 0.097656
0 0.590820 0.277344 0.109375 0.111328
0 0.495117 0.105469 0.109375 0.111328
1 0.495117 0.200684 0.097656 0.098633
0 0.491211 0.330566 0.109375 0.110352
0 0.491211 0.458008 0.097656 0.097656
0 0.488281 0.657227 0.109375 0.111328
0 0.404297 0.511230 0.097656 0.098633
0 0.400879 0.399414 0.110352 0.111328
0 0.401855 0.275879 0.110352 0.110352
0 0.398438 0.165527 0.109375 0.110352
0 0.313477 0.113281 0.097656 0.097656
0 0.316406 0.218262 0.097656 0.098633
0 0.320312 0.312012 0.097656 0.098633
0 0.316406 0.451660 0.109375 0.110352
0 0.320312 0.562988 0.109375 0.110352
0 0.306152 0.669922 0.110352 0.111328
0 0.205078 0.712891 0.109375 0.111328
0 0.206543 0.607422 0.110352 0.111328
0 0.206543 0.491211 0.084961 0.085938
0 0.211914 0.269043 0.097656 0.098633
0 0.214844 0.168945 0.109375 0.111328
0 0.208496 0.062012 0.110352 0.110352
0 0.126953 0.660645 0.097656 0.098633