0 0.645996 0.574219 0.073242 0.074219
0 0.079590 0.915039 0.084961 0.085938
0 0.080566 0.360352 0.084961 0.085938
0 0.077637 0.478516 0.084961 0.085938
0 0.082520 0.605469 0.084961 0.085938
0 0.078613 0.698730 0.084961 0.086914
0 0.083984 0.801270 0.097656 0.098633
0 0.173828 0.311035 0.097656 0.098633
0 0.175781 0.418945 0.085938 0.085938
0 0.174805 0.522949 0.097656 0.098633
0 0.174316 0.642578 0.084961 0.085938
0 0.180664 0.748535 0.097656 0.098633
0 0.172852 0.873047 0.097656 0.097656
0 0.263672 0.360840 0.097656 0.098633
0 0.270020 0.484375 0.084961 0.085938
0 0.270020 0.572754 0.084961 0.086914
0 0.267578 0.683594 0.085938 0.085938
0 0.268555 0.800781 0.085938 0.085938
0 0.268555 0.894043 0.097656 0.098633
0 0.370605 0.950195 0.084961 0.085938
0 0.362305 0.360840 0.097656 0.098633
0 0.367188 0.429688 0.097656 0.097656
0 0.360352 0.510254 0.097656 0.098633
0 0.373535 0.639648 0.084961 0.085938
0 0.379883 0.746094 0.085938 0.085938
0 0.373047 0.857422 0.085938 0.085938
0 0.460449 0.366211 0.084961 0.085938
0 0.463867 0.484375 0.085938 0.085938
0 0.460938 0.564941 0.097656 0.098633
0 0.456055 0.690430 0.085938 0.085938
0 0.459961 0.789062 0.085938 0.085938
0 0.452148 0.915039 0.085938 0.085938
0 0.554688 0.296875 0.085938 0.085938
0 0.554688 0.420898 0.085938 0.085938
0 0.551758 0.548340 0.085938 0.086914
0 0.551758 0.651367 0.085938 0.085938
0 0.554199 0.762695 0.084961 0.085938
0 0.553711 0.854004 0.097656 0.098633
0 0.646973 0.905273 0.084961 0.085938
0 0.653809 0.803711 0.084961 0.085938
0 0.642090 0.683594 0.084961 0.085938
0 0.639648 0.362305 0.097656 0.097656
0 0.646484 0.463867 0.097656 0.097656
0 0.747070 0.371582 0.097656 0.098633
0 0.753906 0.516113 0.097656 0.098633
0 0.743164 0.630859 0.085938 0.085938
0 0.738770 0.745117 0.084961 0.085938
0 0.737793 0.851562 0.084961 0.085938
0 0.831055 0.364258 0.085938 0.085938
0 0.834961 0.470703 0.097656 0.097656
0 0.832031 0.580078 0.085938 0.085938
0 0.828125 0.689453 0.085938 0.085938
0 0.825195 0.805176 0.097656 0.098633
0 0.839844 0.927246 0.097656 0.098633
0 0.926758 0.420898 0.085938 0.085938
0 0.926758 0.525391 0.085938 0.085938
0 0.927734 0.645996 0.097656 0.098633
0 0.923828 0.752930 0.085938 0.085938
0 0.922363 0.857422 0.084961 0.085938
0 0.919434 0.312500 0.084961 0.085938
0 0.926758 0.196777 0.097656 0.098633
0 0.932617 0.088379 0.097656 0.098633
0 0.832031 0.147949 0.097656 0.098633
0 0.832520 0.246094 0.084961 0.085938
0 0.738281 0.276367 0.097656 0.097656
0 0.738281 0.177246 0.109375 0.110352
0 0.741699 0.086426 0.110352 0.110352
0 0.650391 0.117188 0.097656 0.097656
0 0.639648 0.250977 0.085938 0.085938
0 0.551758 0.190430 0.097656 0.097656
0 0.558594 0.084961 0.097656 0.097656
0 0.461426 0.143555 0.084961 0.085938
0 0.462402 0.249023 0.084961 0.085938
0 0.364258 0.081055 0.097656 0.097656
0 0.368164 0.178223 0.109375 0.110352
0 0.370117 0.265137 0.097656 0.098633
0 0.266602 0.252441 0.097656 0.098633
0 0.270508 0.150879 0.097656 0.098633
0 0.174805 0.089355 0.097656 0.098633
0 0.179199 0.202637 0.110352 0.110352
0 0.079102 0.250000 0.085938 0.085938
0 0.081543 0.127441 0.084961 0.086914