0 0.659180 0.879395 0.109375 0.110352
1 0.940918 0.056152 0.110352 0.110352
0 0.748047 0.056152 0.109375 0.110352
0 0.561523 0.058105 0.097656 0.098633
0 0.370117 0.061523 0.109375 0.111328
0 0.186035 0.058105 0.110352 0.110352
0 0.093750 0.110840 0.097656 0.098633
0 0.089844 0.219238 0.097656 0.098633
0 0.096680 0.334473 0.109375 0.110352
0 0.098145 0.445801 0.110352 0.110352
0 0.187012 0.168457 0.110352 0.110352
0 0.188477 0.277832 0.109375 0.110352
0 0.186523 0.381348 0.109375 0.110352
0 0.284668 0.109375 0.110352 0.111328
0 0.279785 0.226074 0.110352 0.110352
0 0.281738 0.329590 0.110352 0.110352
0 0.275879 0.441895 0.110352 0.110352
0 0.377930 0.166992 0.109375 0.111328
0 0.375000 0.278809 0.109375 0.110352
0 0.373047 0.387207 0.097656 0.098633
0 0.375000 0.503418 0.097656 0.098633
0 0.469238 0.107910 0.110352 0.110352
0 0.467773 0.229492 0.085938 0.085938
0 0.467773 0.335938 0.097656 0.097656
0 0.472656 0.446777 0.097656 0.098633
0 0.563965 0.166504 0.110352 0.110352
0 0.562988 0.271484 0.110352 0.111328
0 0.563477 0.393555 0.109375 0.111328
0 0.559570 0.499512 0.109375 0.110352
0 0.658203 0.108887 0.109375 0.110352
0 0.655762 0.226074 0.110352 0.110352
0 0.657715 0.332520 0.110352 0.110352
0 0.658691 0.443359 0.110352 0.111328
0 0.746094 0.160645 0.109375 0.110352
0 0.745117 0.273926 0.109375 0.110352
0 0.752930 0.385254 0.109375 0.110352
0 0.845703 0.110840 0.097656 0.098633
0 0.845703 0.222168 0.109375 0.110352
0 0.848633 0.328613 0.097656 0.098633
0 0.849609 0.440918 0.109375 0.110352
0 0.939941 0.271973 0.110352 0.110352
0 0.943848 0.391113 0.110352 0.110352
0 0.943848 0.926758 0.110352 0.111328
0 0.847656 0.553223 0.109375 0.110352
0 0.849121 0.664062 0.110352 0.111328
0 0.846191 0.771484 0.110352 0.111328
0 0.851074 0.878418 0.110352 0.110352
0 0.749512 0.497070 0.110352 0.111328
0 0.751465 0.604492 0.110352 0.111328
0 0.755371 0.722168 0.110352 0.110352
0 0.759766 0.826660 0.109375 0.110352
0 0.661621 0.560547 0.110352 0.111328
0 0.660156 0.665527 0.097656 0.098633
0 0.657227 0.771973 0.109375 0.110352
0 0.564453 0.607910 0.097656 0.098633
0 0.559570 0.719238 0.109375 0.110352
0 0.563477 0.823730 0.109375 0.110352
0 0.566406 0.937012 0.048828 0.049805
0 0.752930 0.929688 0.048828 0.048828
0 0.464844 0.552246 0.109375 0.110352
0 0.470215 0.667480 0.110352 0.110352
0 0.470215 0.777832 0.110352 0.110352
0 0.473145 0.890137 0.110352 0.110352
0 0.375000 0.604980 0.097656 0.098633
0 0.370605 0.715332 0.110352 0.110352
0 0.375977 0.826660 0.097656 0.098633
0 0.281250 0.556152 0.109375 0.110352
0 0.278320 0.664551 0.109375 0.110352
0 0.283203 0.773926 0.109375 0.110352
0 0.282227 0.878418 0.109375 0.110352
0 0.190430 0.502441 0.109375 0.110352
0 0.189453 0.610840 0.097656 0.098633
0 0.190918 0.726074 0.110352 0.110352
0 0.185059 0.818848 0.110352 0.110352
0 0.187012 0.940430 0.110352 0.111328
0 0.094238 0.564941 0.110352 0.110352
0 0.098145 0.678223 0.110352 0.110352
0 0.095215 0.785156 0.110352 0.111328
0 0.096680 0.892578 0.097656 0.097656