0 0.463379 0.641113 0.073242 0.073242
0 0.551270 0.708984 0.073242 0.074219
0 0.654785 0.650391 0.073242 0.074219
0 0.660645 0.536133 0.073242 0.074219
0 0.671387 0.418945 0.073242 0.074219
0 0.676758 0.093750 0.085938 0.085938
0 0.671387 0.207031 0.084961 0.085938
0 0.552734 0.258789 0.085938 0.085938
0 0.079102 0.640625 0.085938 0.085938
0 0.756836 0.583008 0.048828 0.048828
0 0.088867 0.094238 0.097656 0.098633
0 0.084961 0.206543 0.109375 0.110352
0 0.082031 0.310059 0.097656 0.098633
0 0.083496 0.418457 0.110352 0.110352
0 0.084473 0.539062 0.084961 0.085938
0 0.183105 0.160645 0.110352 0.110352
0 0.185547 0.262207 0.109375 0.110352
0 0.178711 0.366211 0.097656 0.097656
0 0.173828 0.478027 0.109375 0.110352
0 0.180176 0.594238 0.110352 0.110352
0 0.277344 0.098145 0.109375 0.110352
0 0.278809 0.207520 0.110352 0.110352
0 0.274902 0.310547 0.110352 0.111328
0 0.267090 0.419434 0.110352 0.110352
0 0.270508 0.539551 0.109375 0.110352
0 0.379883 0.144043 0.097656 0.098633
0 0.377930 0.260742 0.085938 0.085938
0 0.380859 0.377930 0.085938 0.085938
0 0.459961 0.310547 0.097656 0.097656
0 0.468750 0.201172 0.085938 0.085938
0 0.466309 0.102539 0.110352 0.111328
0 0.556641 0.150391 0.085938 0.085938
0 0.942383 0.815918 0.109375 0.110352
0 0.951660 0.375977 0.084961 0.085938
0 0.847168 0.307617 0.084961 0.085938
0 0.756836 0.372070 0.097656 0.097656
0 0.560059 0.486328 0.084961 0.085938
0 0.549805 0.602051 0.097656 0.098633
0 0.461426 0.759766 0.084961 0.085938
0 0.652832 0.760742 0.084961 0.085938
0 0.938965 0.482910 0.084961 0.086914
0 0.933594 0.595703 0.085938 0.085938
0 0.942383 0.698730 0.097656 0.098633
0 0.845703 0.765137 0.097656 0.098633
0 0.842773 0.875977 0.085938 0.085938
0 0.746094 0.818359 0.097656 0.097656
0 0.648438 0.875488 0.097656 0.098633
0 0.832520 0.640625 0.084961 0.085938
0 0.750977 0.698242 0.085938 0.085938
0 0.456543 0.534180 0.084961 0.085938
0 0.376465 0.595703 0.084961 0.085938
0 0.370117 0.702148 0.097656 0.097656
0 0.367188 0.813965 0.097656 0.098633
0 0.271484 0.867188 0.097656 0.097656
0 0.267578 0.754395 0.097656 0.098633
0 0.177734 0.817871 0.097656 0.098633
0 0.080078 0.865723 0.097656 0.098633
0 0.940430 0.928223 0.097656 0.098633
0 0.749023 0.919922 0.097656 0.097656
0 0.552246 0.922852 0.110352 0.111328
0 0.553711 0.819336 0.097656 0.097656
0 0.462891 0.873047 0.097656 0.097656
0 0.366211 0.921387 0.109375 0.110352
0 0.182617 0.925293 0.097656 0.098633