0 0.445312 0.948242 0.085938 0.085938
0 0.927246 0.060059 0.110352 0.110352
0 0.926758 0.167480 0.097656 0.098633
0 0.918945 0.278320 0.097656 0.097656
0 0.925781 0.390137 0.085938 0.086914
0 0.921875 0.499512 0.097656 0.098633
0 0.921387 0.604980 0.110352 0.110352
0 0.922852 0.738770 0.109375 0.110352
0 0.833984 0.106445 0.109375 0.111328
0 0.830078 0.221191 0.097656 0.098633
0 0.828613 0.337891 0.110352 0.111328
0 0.832031 0.447266 0.097656 0.097656
0 0.833496 0.566895 0.110352 0.110352
0 0.834961 0.661621 0.109375 0.110352
0 0.830566 0.787109 0.084961 0.085938
0 0.737305 0.179199 0.109375 0.110352
0 0.734375 0.267578 0.097656 0.097656
0 0.739746 0.353516 0.110352 0.111328
0 0.744629 0.468262 0.110352 0.110352
0 0.726562 0.598145 0.109375 0.110352
0 0.733887 0.721680 0.110352 0.111328
0 0.644531 0.770996 0.109375 0.110352
0 0.633301 0.663086 0.110352 0.111328
0 0.639648 0.549805 0.109375 0.111328
0 0.645508 0.450684 0.097656 0.098633
0 0.650391 0.089355 0.109375 0.110352
0 0.650391 0.233887 0.109375 0.110352
0 0.646484 0.323730 0.097656 0.098633
0 0.549805 0.275391 0.097656 0.097656
0 0.550781 0.381836 0.097656 0.097656
0 0.550781 0.495117 0.097656 0.097656
0 0.546875 0.608398 0.097656 0.097656
0 0.386719 0.238770 0.048828 0.049805
0 0.451660 0.098145 0.110352 0.110352
0 0.455078 0.456055 0.097656 0.097656
0 0.452637 0.545410 0.110352 0.110352
0 0.452148 0.666504 0.097656 0.098633
0 0.453613 0.761719 0.110352 0.111328
0 0.538574 0.714844 0.110352 0.111328
0 0.355469 0.709473 0.097656 0.098633
0 0.359375 0.589844 0.085938 0.085938
0 0.359375 0.490723 0.109375 0.110352
0 0.271484 0.427246 0.097656 0.098633
0 0.284180 0.571777 0.109375 0.110352
0 0.271484 0.667480 0.109375 0.110352
0 0.256836 0.770508 0.097656 0.097656
0 0.175781 0.721191 0.109375 0.110352
0 0.171875 0.603027 0.109375 0.110352
1 0.173340 0.504883 0.084961 0.085938
0 0.179688 0.135742 0.097656 0.097656
0 0.170898 0.382812 0.097656 0.097656
0 0.077637 0.338867 0.084961 0.085938
0 0.072266 0.446777 0.097656 0.098633
0 0.072266 0.547852 0.097656 0.097656
0 0.072266 0.663574 0.109375 0.110352
0 0.073730 0.761230 0.110352 0.110352