0 0.787598 0.157227 0.073242 0.074219
0 0.893066 0.461426 0.073242 0.073242
0 0.597168 0.734375 0.073242 0.074219
0 0.601074 0.384277 0.073242 0.073242
0 0.790527 0.510742 0.073242 0.074219
0 0.878418 0.656738 0.073242 0.073242
0 0.696777 0.563965 0.073242 0.073242
0 0.961426 0.841797 0.073242 0.074219
0 0.788086 0.714844 0.085938 0.085938
0 0.776367 0.828125 0.085938 0.085938
0 0.887695 0.770020 0.085938 0.086914
0 0.886230 0.881836 0.084961 0.085938
0 0.956055 0.932617 0.085938 0.085938
0 0.497070 0.674316 0.097656 0.098633
0 0.494629 0.790527 0.110352 0.110352
0 0.396484 0.837402 0.097656 0.098633
0 0.405762 0.729004 0.110352 0.110352
0 0.307617 0.771973 0.109375 0.110352
0 0.219727 0.719727 0.085938 0.085938
0 0.208984 0.824219 0.085938 0.085938
0 0.212891 0.949219 0.085938 0.085938
0 0.307129 0.883789 0.084961 0.085938
0 0.401367 0.954102 0.085938 0.085938
0 0.500000 0.901367 0.085938 0.085938
0 0.686035 0.776367 0.084961 0.085938
0 0.684570 0.902344 0.085938 0.085938
0 0.599121 0.847656 0.084961 0.085938
0 0.120117 0.670410 0.097656 0.098633
0 0.124023 0.786133 0.085938 0.085938
0 0.122070 0.894043 0.097656 0.098633
0 0.893066 0.555176 0.073242 0.073242
0 0.788574 0.620117 0.073242 0.074219
0 0.894531 0.258789 0.085938 0.085938
0 0.604004 0.044922 0.073242 0.074219
0 0.126953 0.115723 0.097656 0.098633
0 0.125977 0.230469 0.097656 0.097656
0 0.122070 0.346191 0.097656 0.098633
0 0.125488 0.451172 0.084961 0.085938
0 0.125000 0.553223 0.097656 0.098633
0 0.221191 0.604004 0.110352 0.110352
0 0.219727 0.495605 0.109375 0.110352
0 0.214844 0.388184 0.109375 0.110352
0 0.221191 0.286621 0.110352 0.110352
0 0.220215 0.173340 0.110352 0.110352
0 0.217773 0.059082 0.109375 0.110352
0 0.318359 0.112305 0.109375 0.111328
0 0.310547 0.224121 0.109375 0.110352
0 0.312988 0.329102 0.084961 0.085938
0 0.315430 0.418945 0.085938 0.085938
0 0.310547 0.552246 0.097656 0.098633
0 0.411133 0.617188 0.109375 0.111328
0 0.311523 0.664062 0.085938 0.085938
0 0.407227 0.492188 0.085938 0.085938
0 0.407227 0.399902 0.097656 0.098633
0 0.406250 0.278809 0.097656 0.098633
0 0.411621 0.174805 0.084961 0.085938
0 0.502930 0.108398 0.097656 0.097656
0 0.505859 0.243652 0.097656 0.098633
0 0.503906 0.332520 0.097656 0.098633
0 0.495117 0.449707 0.109375 0.110352
0 0.496094 0.561035 0.109375 0.110352
0 0.595703 0.622070 0.085938 0.085938
0 0.602539 0.506836 0.085938 0.085938
0 0.600098 0.279297 0.084961 0.085938
0 0.594727 0.144043 0.097656 0.098633
0 0.691895 0.201172 0.084961 0.085938
0 0.691406 0.332520 0.097656 0.098633
0 0.692383 0.448242 0.097656 0.097656
0 0.790039 0.391113 0.109375 0.110352
0 0.786133 0.272949 0.097656 0.098633
0 0.883301 0.147949 0.110352 0.110352