0 0.125488 0.781250 0.073242 0.074219
0 0.136230 0.112793 0.110352 0.110352
0 0.144043 0.222168 0.084961 0.086914
0 0.232422 0.058105 0.109375 0.110352
0 0.233398 0.173340 0.109375 0.110352
0 0.231934 0.290527 0.110352 0.110352
0 0.326172 0.115723 0.109375 0.110352
0 0.327148 0.228027 0.109375 0.110352
0 0.419434 0.065430 0.110352 0.111328
0 0.415527 0.175293 0.110352 0.110352
0 0.421875 0.279785 0.109375 0.110352
0 0.515137 0.117188 0.110352 0.111328
0 0.512207 0.225586 0.110352 0.111328
0 0.615234 0.061035 0.097656 0.098633
0 0.613281 0.172852 0.097656 0.097656
0 0.609375 0.282227 0.097656 0.097656
0 0.702148 0.122559 0.109375 0.110352
0 0.700195 0.229980 0.109375 0.110352
0 0.702148 0.330078 0.109375 0.111328
0 0.798340 0.069824 0.110352 0.110352
0 0.799316 0.172363 0.110352 0.110352
0 0.794922 0.290527 0.097656 0.098633
0 0.892578 0.127441 0.097656 0.098633
0 0.891113 0.230957 0.110352 0.110352
0 0.888184 0.344238 0.110352 0.110352
0 0.893066 0.455566 0.110352 0.110352
0 0.893555 0.567383 0.109375 0.111328
0 0.892578 0.667969 0.097656 0.097656
0 0.895508 0.787598 0.109375 0.110352
0 0.795898 0.406250 0.097656 0.097656
0 0.800781 0.517578 0.097656 0.097656
0 0.796875 0.628418 0.109375 0.110352
0 0.800781 0.735840 0.109375 0.110352
0 0.701172 0.451172 0.109375 0.111328
0 0.706055 0.560547 0.097656 0.097656
0 0.704590 0.669434 0.110352 0.110352
0 0.701660 0.778809 0.110352 0.110352
0 0.610840 0.393555 0.110352 0.111328
0 0.607910 0.503418 0.110352 0.110352
0 0.612793 0.619629 0.110352 0.110352
0 0.605957 0.729004 0.110352 0.110352
0 0.510254 0.338379 0.110352 0.110352
0 0.512207 0.457520 0.110352 0.110352
0 0.512695 0.561035 0.109375 0.110352
0 0.510742 0.671387 0.109375 0.110352
0 0.507812 0.781738 0.097656 0.098633
0 0.419922 0.395996 0.109375 0.110352
0 0.416992 0.504395 0.109375 0.110352
0 0.417969 0.617676 0.097656 0.098633
0 0.422852 0.721191 0.097656 0.098633
0 0.322266 0.341309 0.109375 0.110352
0 0.325195 0.453613 0.109375 0.110352
0 0.321777 0.557129 0.110352 0.110352
0 0.321777 0.670410 0.110352 0.110352
0 0.319824 0.779785 0.110352 0.110352
0 0.225586 0.393066 0.097656 0.098633
0 0.222656 0.503418 0.097656 0.098633
0 0.224609 0.613770 0.097656 0.098633
0 0.225586 0.726562 0.097656 0.097656
0 0.225586 0.828125 0.097656 0.097656
0 0.134766 0.333496 0.097656 0.098633
0 0.131836 0.453613 0.109375 0.110352
0 0.127930 0.562012 0.097656 0.098633
0 0.125977 0.664062 0.097656 0.097656
0 0.131836 0.889648 0.085938 0.085938
0 0.320801 0.890137 0.110352 0.110352
0 0.410156 0.837402 0.109375 0.110352
0 0.509766 0.895996 0.109375 0.110352
0 0.600098 0.838867 0.110352 0.111328
0 0.702637 0.895508 0.110352 0.111328
0 0.794922 0.842285 0.109375 0.110352
0 0.894531 0.899902 0.097656 0.098633