0 0.493652 0.052734 0.073242 0.074219
0 0.785645 0.070801 0.024414 0.024414
0 0.876465 0.039551 0.024414 0.024414
0 0.976562 0.070312 0.037109 0.037109
0 0.315918 0.058105 0.073242 0.073242
0 0.124512 0.052246 0.073242 0.073242
0 0.130859 0.221191 0.060547 0.061523
0 0.123047 0.327637 0.097656 0.098633
0 0.123047 0.437012 0.097656 0.098633
0 0.125488 0.553711 0.122070 0.123047
0 0.123535 0.668945 0.122070 0.123047
0 0.220215 0.275391 0.084961 0.085938
0 0.215820 0.383301 0.097656 0.098633
0 0.219238 0.497559 0.122070 0.122070
0 0.223633 0.604980 0.097656 0.098633
0 0.218262 0.715820 0.122070 0.123047
0 0.312500 0.222168 0.060547 0.061523
0 0.315430 0.331543 0.097656 0.098633
0 0.310547 0.443848 0.097656 0.098633
0 0.311523 0.555176 0.097656 0.098633
0 0.315430 0.656738 0.097656 0.098633
0 0.404297 0.278320 0.085938 0.085938
0 0.405273 0.382324 0.097656 0.098633
0 0.407227 0.495605 0.097656 0.098633
0 0.404297 0.608887 0.097656 0.098633
0 0.404785 0.723145 0.122070 0.122070
0 0.502441 0.229492 0.036133 0.037109
0 0.502930 0.328125 0.097656 0.097656
0 0.501953 0.437012 0.109375 0.110352
0 0.499512 0.557617 0.122070 0.123047
0 0.504883 0.667480 0.109375 0.110352
0 0.499023 0.776855 0.097656 0.098633
0 0.598145 0.287109 0.084961 0.085938
0 0.595703 0.384766 0.097656 0.097656
0 0.594238 0.500977 0.110352 0.111328
0 0.590332 0.613281 0.122070 0.123047
0 0.592773 0.715332 0.109375 0.110352
0 0.698242 0.233887 0.060547 0.061523
0 0.690430 0.332031 0.085938 0.085938
0 0.691895 0.443359 0.110352 0.111328
0 0.684082 0.556641 0.122070 0.123047
0 0.684082 0.664551 0.110352 0.110352
0 0.787109 0.282227 0.085938 0.085938
0 0.779297 0.392090 0.097656 0.098633
0 0.789062 0.502441 0.109375 0.110352
0 0.786621 0.614258 0.122070 0.123047
0 0.785645 0.726074 0.061523 0.061523
0 0.688965 0.778809 0.110352 0.110352
0 0.884277 0.240723 0.061523 0.061523
0 0.880859 0.334473 0.097656 0.098633
0 0.885254 0.449219 0.122070 0.123047
0 0.877930 0.558105 0.109375 0.110352
0 0.881348 0.672852 0.122070 0.123047
0 0.883789 0.779297 0.109375 0.111328
0 0.874023 0.890625 0.097656 0.097656
0 0.788574 0.829102 0.110352 0.111328
0 0.784180 0.944336 0.097656 0.097656
0 0.687500 0.890137 0.109375 0.110352
0 0.594727 0.825684 0.109375 0.110352
0 0.599121 0.939941 0.110352 0.110352
0 0.502930 0.888184 0.097656 0.098633
0 0.413086 0.826660 0.097656 0.098633
0 0.404297 0.937988 0.085938 0.086914
0 0.313965 0.770996 0.122070 0.122070
0 0.313965 0.881348 0.122070 0.122070
0 0.214355 0.827148 0.122070 0.123047
0 0.217773 0.933105 0.097656 0.098633
0 0.123535 0.768555 0.122070 0.123047
0 0.128906 0.877441 0.097656 0.098633