0 0.089844 0.319336 0.085938 0.085938
0 0.283691 0.323730 0.073242 0.073242
0 0.276855 0.541016 0.084961 0.085938
0 0.281738 0.657715 0.073242 0.073242
0 0.371582 0.482910 0.073242 0.073242
0 0.377441 0.708984 0.084961 0.085938
0 0.370605 0.597168 0.061523 0.061523
0 0.374023 0.825195 0.085938 0.085938
0 0.378418 0.377441 0.073242 0.073242
0 0.091797 0.115234 0.085938 0.085938
0 0.088867 0.215332 0.085938 0.086914
0 0.185059 0.045898 0.084961 0.085938
0 0.184082 0.159180 0.084961 0.085938
0 0.185059 0.266602 0.084961 0.085938
1 0.376465 0.045898 0.073242 0.074219
0 0.283203 0.101562 0.097656 0.097656
0 0.279785 0.215332 0.061523 0.061523
0 0.188477 0.378418 0.085938 0.086914
0 0.373047 0.158203 0.085938 0.085938
0 0.374023 0.266602 0.085938 0.085938
0 0.275879 0.432129 0.073242 0.073242
0 0.279297 0.763672 0.085938 0.085938
0 0.280273 0.875000 0.097656 0.097656
0 0.183594 0.489258 0.085938 0.085938
0 0.179688 0.601074 0.097656 0.098633
0 0.182617 0.708984 0.085938 0.085938
0 0.182617 0.815430 0.097656 0.097656
0 0.086914 0.436035 0.097656 0.098633
0 0.086914 0.543457 0.097656 0.098633
0 0.089355 0.658203 0.084961 0.085938
0 0.092285 0.766602 0.084961 0.085938
0 0.090820 0.871094 0.097656 0.097656
0 0.184570 0.930176 0.085938 0.086914
0 0.373535 0.923828 0.084961 0.085938