0 0.463379 0.152832 0.073242 0.073242
0 0.083984 0.925293 0.097656 0.098633
0 0.079102 0.723145 0.097656 0.098633
0 0.082031 0.601074 0.097656 0.098633
0 0.089844 0.495605 0.097656 0.098633
0 0.083984 0.349121 0.097656 0.098633
0 0.071289 0.193848 0.097656 0.098633
0 0.179199 0.226562 0.110352 0.111328
0 0.180664 0.330566 0.109375 0.110352
0 0.175293 0.440918 0.110352 0.110352
0 0.172852 0.541504 0.097656 0.098633
0 0.176270 0.633789 0.110352 0.111328
0 0.180176 0.766602 0.110352 0.111328
0 0.173340 0.875488 0.110352 0.110352
0 0.271484 0.926758 0.097656 0.097656
0 0.275391 0.815918 0.097656 0.098633
0 0.275391 0.701660 0.097656 0.098633
0 0.270508 0.593262 0.109375 0.110352
0 0.270996 0.485840 0.110352 0.110352
0 0.273438 0.364746 0.097656 0.098633
0 0.274902 0.267090 0.084961 0.086914
0 0.274902 0.156738 0.110352 0.110352
0 0.369141 0.216797 0.085938 0.085938
0 0.373047 0.323242 0.097656 0.097656
0 0.362305 0.428223 0.097656 0.098633
0 0.366211 0.537598 0.109375 0.110352
0 0.362305 0.649902 0.109375 0.110352
0 0.357422 0.764160 0.097656 0.098633
0 0.362305 0.870605 0.097656 0.098633
0 0.452637 0.933594 0.084961 0.085938
0 0.458008 0.804688 0.085938 0.085938
0 0.458008 0.694336 0.085938 0.085938
0 0.462402 0.276367 0.110352 0.111328
0 0.458008 0.370117 0.097656 0.097656
0 0.459961 0.488281 0.097656 0.097656
0 0.458008 0.588379 0.097656 0.098633
0 0.550781 0.871094 0.085938 0.085938
0 0.567383 0.760254 0.097656 0.098633
0 0.561523 0.649902 0.109375 0.110352
0 0.559082 0.541992 0.084961 0.085938
0 0.564453 0.433594 0.085938 0.085938
0 0.569336 0.327148 0.109375 0.111328
0 0.569824 0.226074 0.110352 0.110352
0 0.653320 0.164551 0.097656 0.098633
0 0.650879 0.276367 0.084961 0.085938
0 0.654785 0.380859 0.084961 0.085938
0 0.648438 0.501465 0.097656 0.098633
0 0.653320 0.596680 0.097656 0.097656
0 0.647461 0.708496 0.097656 0.098633
0 0.640137 0.818848 0.110352 0.110352
0 0.638672 0.932129 0.097656 0.098633
0 0.739258 0.864746 0.097656 0.098633
0 0.749023 0.767090 0.097656 0.098633
0 0.746094 0.649902 0.109375 0.110352
0 0.743652 0.550781 0.084961 0.085938
0 0.745117 0.430176 0.097656 0.098633
0 0.746582 0.317383 0.084961 0.085938
0 0.749023 0.214355 0.097656 0.098633
0 0.847656 0.163574 0.109375 0.110352
0 0.834473 0.270020 0.110352 0.110352
0 0.835449 0.373047 0.110352 0.111328
0 0.841797 0.482422 0.109375 0.111328
0 0.840820 0.598145 0.097656 0.098633
0 0.837891 0.711426 0.097656 0.098633
0 0.831055 0.815430 0.097656 0.097656
0 0.834961 0.915527 0.109375 0.110352
0 0.933594 0.872559 0.097656 0.098633
0 0.933594 0.762207 0.109375 0.110352
0 0.932129 0.660645 0.110352 0.110352
0 0.934082 0.226074 0.110352 0.110352
0 0.936523 0.327637 0.109375 0.110352
0 0.935547 0.444824 0.097656 0.098633
0 0.934570 0.546387 0.097656 0.098633