0 0.375488 0.208984 0.073242 0.074219
0 0.946777 0.438477 0.073242 0.074219
0 0.930664 0.879883 0.097656 0.097656
0 0.934570 0.758789 0.097656 0.097656
0 0.930664 0.666504 0.109375 0.110352
0 0.844727 0.715820 0.097656 0.097656
0 0.834961 0.836914 0.097656 0.097656
0 0.842773 0.933105 0.097656 0.098633
1 0.457031 0.948242 0.085938 0.085938
0 0.739258 0.587891 0.085938 0.085938
0 0.741699 0.778320 0.084961 0.085938
0 0.650391 0.502441 0.109375 0.110352
0 0.648926 0.610352 0.084961 0.085938
0 0.648438 0.939453 0.085938 0.085938
0 0.740234 0.878418 0.085938 0.086914
0 0.555664 0.555664 0.085938 0.085938
0 0.555664 0.663574 0.097656 0.098633
0 0.551758 0.753418 0.097656 0.098633
0 0.465820 0.489258 0.097656 0.097656
0 0.460938 0.615234 0.097656 0.097656
0 0.458984 0.710449 0.097656 0.098633
0 0.459961 0.816895 0.097656 0.098633
0 0.368164 0.866211 0.085938 0.085938
0 0.372070 0.760742 0.085938 0.085938
0 0.369629 0.655273 0.084961 0.085938
0 0.369629 0.552734 0.084961 0.085938
0 0.276855 0.492676 0.110352 0.110352
0 0.272949 0.608887 0.110352 0.110352
0 0.266113 0.722168 0.110352 0.110352
0 0.264648 0.834961 0.109375 0.111328
0 0.268555 0.936523 0.109375 0.111328
0 0.180664 0.883301 0.109375 0.110352
0 0.180664 0.759277 0.109375 0.110352
0 0.181152 0.666992 0.110352 0.111328
0 0.187500 0.539551 0.109375 0.110352
0 0.077637 0.496582 0.110352 0.110352
0 0.075195 0.599121 0.109375 0.110352
0 0.083008 0.716309 0.097656 0.098633
0 0.083008 0.825684 0.097656 0.098633
0 0.084961 0.932129 0.097656 0.098633
0 0.944336 0.121094 0.097656 0.097656
0 0.941406 0.222656 0.097656 0.097656
0 0.941406 0.330566 0.097656 0.098633
0 0.848633 0.056152 0.109375 0.110352
0 0.852539 0.160156 0.085938 0.085938
0 0.844238 0.274414 0.084961 0.085938
0 0.849609 0.391602 0.085938 0.085938
0 0.849609 0.494629 0.097656 0.098633
0 0.755859 0.109375 0.097656 0.097656
0 0.746094 0.221191 0.097656 0.098633
0 0.747559 0.328125 0.084961 0.085938
0 0.743652 0.441406 0.084961 0.085938
0 0.654785 0.167480 0.110352 0.110352
0 0.647949 0.280762 0.110352 0.110352
0 0.654297 0.391113 0.109375 0.110352
0 0.566406 0.443359 0.109375 0.111328
0 0.557617 0.324707 0.109375 0.110352
0 0.553711 0.218262 0.109375 0.110352
0 0.562500 0.119629 0.097656 0.098633
0 0.469727 0.061035 0.109375 0.110352
0 0.468750 0.160645 0.109375 0.110352
0 0.469727 0.276855 0.109375 0.110352
0 0.458984 0.395020 0.109375 0.110352
0 0.372559 0.443359 0.084961 0.085938
0 0.372559 0.322266 0.084961 0.085938
0 0.383301 0.094727 0.084961 0.085938
0 0.283691 0.059082 0.110352 0.110352
0 0.278320 0.162109 0.109375 0.111328
0 0.269531 0.269043 0.109375 0.110352
0 0.274414 0.376465 0.109375 0.110352
0 0.178711 0.430176 0.109375 0.110352
0 0.177734 0.341309 0.109375 0.110352
0 0.180176 0.235840 0.110352 0.110352
0 0.187012 0.103516 0.110352 0.111328
0 0.088379 0.163574 0.110352 0.110352
0 0.088867 0.278809 0.097656 0.098633
0 0.086914 0.387207 0.109375 0.110352