0 0.271484 0.106934 0.060547 0.061523
0 0.076660 0.076660 0.073242 0.073242
0 0.743652 0.947266 0.073242 0.074219
0 0.734863 0.827637 0.073242 0.073242
0 0.362793 0.844238 0.073242 0.073242
0 0.809082 0.900391 0.073242 0.074219
0 0.909180 0.395996 0.097656 0.098633
0 0.913086 0.513184 0.109375 0.110352
0 0.915527 0.625000 0.084961 0.085938
0 0.635742 0.446289 0.048828 0.048828
0 0.811035 0.459473 0.084961 0.086914
0 0.811035 0.555664 0.084961 0.085938
0 0.823730 0.680664 0.110352 0.111328
0 0.730957 0.702637 0.110352 0.110352
0 0.631348 0.657227 0.084961 0.085938
0 0.723145 0.504883 0.084961 0.085938
0 0.724609 0.611328 0.048828 0.048828
0 0.928223 0.869141 0.084961 0.085938
0 0.633789 0.888672 0.109375 0.111328
0 0.541016 0.507812 0.048828 0.048828
0 0.451172 0.462891 0.048828 0.048828
0 0.446289 0.563477 0.048828 0.048828
0 0.356445 0.516602 0.037109 0.037109
0 0.346191 0.632324 0.036133 0.036133
0 0.174316 0.500977 0.036133 0.037109
1 0.077148 0.668457 0.048828 0.049805
0 0.180664 0.608398 0.085938 0.085938
1 0.073730 0.558105 0.061523 0.061523
0 0.255371 0.556641 0.024414 0.025391
0 0.543945 0.614258 0.097656 0.097656
0 0.534668 0.726074 0.110352 0.110352
0 0.544922 0.840332 0.109375 0.110352
0 0.445801 0.667480 0.110352 0.110352
0 0.450684 0.796387 0.110352 0.110352
0 0.450195 0.895020 0.097656 0.098633
0 0.363281 0.751953 0.097656 0.097656
0 0.271484 0.684082 0.097656 0.098633
0 0.272461 0.788086 0.097656 0.097656
0 0.265625 0.905273 0.097656 0.097656
0 0.173828 0.947266 0.085938 0.085938
0 0.171875 0.837402 0.097656 0.098633
0 0.172852 0.721680 0.109375 0.111328
0 0.081055 0.785156 0.085938 0.085938
0 0.081055 0.874023 0.097656 0.097656
0 0.628906 0.554199 0.048828 0.049805
0 0.921875 0.087891 0.097656 0.097656
0 0.831055 0.133301 0.097656 0.098633
0 0.643555 0.062988 0.097656 0.098633
0 0.449707 0.050781 0.084961 0.085938
0 0.142090 0.110840 0.061523 0.061523