0 0.880371 0.482910 0.073242 0.073242
0 0.786621 0.545898 0.084961 0.085938
0 0.882324 0.578125 0.073242 0.074219
0 0.887207 0.694336 0.073242 0.074219
0 0.028809 0.034668 0.024414 0.024414
0 0.021973 0.142090 0.024414 0.024414
0 0.122070 0.172852 0.037109 0.037109
0 0.119141 0.090332 0.109375 0.110352
0 0.229004 0.143066 0.073242 0.073242
0 0.309570 0.093262 0.097656 0.098633
0 0.300293 0.208496 0.061523 0.061523
0 0.406250 0.146973 0.097656 0.098633
0 0.509766 0.096680 0.097656 0.097656
0 0.599609 0.146484 0.097656 0.097656
0 0.699219 0.093750 0.097656 0.097656
0 0.692871 0.188477 0.084961 0.085938
0 0.790039 0.142578 0.085938 0.085938
0 0.883789 0.083984 0.085938 0.085938
0 0.880859 0.191406 0.085938 0.085938
0 0.124023 0.386230 0.097656 0.098633
0 0.119629 0.495605 0.110352 0.110352
0 0.111816 0.599609 0.122070 0.123047
0 0.120605 0.722168 0.110352 0.110352
0 0.121582 0.825195 0.122070 0.123047
0 0.213867 0.353516 0.048828 0.048828
0 0.210938 0.438965 0.097656 0.098633
0 0.210449 0.554199 0.122070 0.122070
0 0.214355 0.660156 0.122070 0.123047
0 0.213379 0.776855 0.110352 0.110352
0 0.209473 0.879883 0.122070 0.123047
0 0.299316 0.386230 0.073242 0.073242
0 0.303711 0.498535 0.109375 0.110352
0 0.304688 0.607910 0.109375 0.110352
0 0.304688 0.715820 0.085938 0.085938
0 0.310059 0.829590 0.110352 0.110352
0 0.409668 0.438477 0.122070 0.123047
0 0.397949 0.546875 0.122070 0.123047
0 0.405273 0.667480 0.097656 0.098633
0 0.406250 0.766113 0.097656 0.098633
0 0.402832 0.885742 0.122070 0.123047
0 0.503418 0.383789 0.073242 0.074219
0 0.508789 0.496094 0.097656 0.097656
0 0.515137 0.609375 0.122070 0.123047
0 0.510742 0.722168 0.097656 0.098633
0 0.499023 0.824707 0.097656 0.098633
0 0.604004 0.439453 0.122070 0.123047
0 0.600098 0.559570 0.122070 0.123047
0 0.602051 0.667969 0.084961 0.085938
0 0.599609 0.788574 0.097656 0.098633
0 0.694336 0.390625 0.097656 0.097656
0 0.698242 0.503906 0.097656 0.097656
0 0.698242 0.608398 0.097656 0.097656
0 0.700195 0.722656 0.097656 0.097656
0 0.699707 0.829102 0.122070 0.123047
0 0.598145 0.898926 0.073242 0.073242
0 0.784668 0.442383 0.073242 0.074219
0 0.791992 0.664062 0.085938 0.085938
0 0.789062 0.777344 0.097656 0.097656
0 0.789551 0.887695 0.122070 0.123047
0 0.878906 0.385254 0.060547 0.061523
0 0.880859 0.827148 0.097656 0.097656
0 0.966797 0.417480 0.060547 0.061523
0 0.887695 0.942383 0.085938 0.085938
0 0.495117 0.938965 0.097656 0.098633
0 0.298340 0.935059 0.110352 0.110352
0 0.117676 0.936523 0.122070 0.123047