0 0.303223 0.185547 0.073242 0.074219
0 0.949219 0.752441 0.097656 0.098633
0 0.859863 0.700684 0.110352 0.110352
0 0.859375 0.808105 0.097656 0.098633
0 0.851562 0.918945 0.097656 0.097656
0 0.764160 0.644043 0.110352 0.110352
0 0.766602 0.747070 0.109375 0.111328
0 0.762695 0.861816 0.097656 0.098633
0 0.669922 0.819824 0.109375 0.110352
0 0.666992 0.908203 0.097656 0.097656
0 0.591309 0.629883 0.110352 0.111328
0 0.583008 0.729980 0.109375 0.110352
0 0.583008 0.874512 0.109375 0.110352
0 0.473633 0.687988 0.109375 0.110352
0 0.482422 0.916016 0.097656 0.097656
0 0.384766 0.645020 0.097656 0.098633
0 0.319336 0.879395 0.048828 0.049805
0 0.384277 0.738770 0.110352 0.110352
0 0.110352 0.679688 0.085938 0.085938
0 0.112305 0.776367 0.097656 0.097656
0 0.848633 0.585449 0.109375 0.110352
0 0.862305 0.253906 0.097656 0.097656
0 0.867188 0.144531 0.109375 0.111328
1 0.771484 0.067871 0.097656 0.098633
0 0.767578 0.197754 0.109375 0.110352
0 0.767578 0.325195 0.097656 0.097656
0 0.764648 0.524414 0.109375 0.111328
0 0.680664 0.378418 0.097656 0.098633
0 0.677246 0.266602 0.110352 0.111328
0 0.678223 0.143066 0.110352 0.110352
0 0.592773 0.085449 0.097656 0.098633
0 0.596680 0.179199 0.097656 0.098633
0 0.592773 0.318848 0.109375 0.110352
0 0.596680 0.430176 0.109375 0.110352
0 0.582520 0.537109 0.110352 0.111328
0 0.481445 0.580078 0.109375 0.111328
0 0.482910 0.474609 0.110352 0.111328
0 0.482910 0.358398 0.084961 0.085938
0 0.488281 0.136230 0.097656 0.098633
0 0.191406 0.068359 0.085938 0.085938
0 0.114746 0.162109 0.084961 0.085938
0 0.201660 0.217773 0.084961 0.085938
0 0.306152 0.262695 0.084961 0.085938
0 0.205078 0.616211 0.085938 0.085938
0 0.107910 0.572754 0.110352 0.110352
0 0.112305 0.467773 0.097656 0.097656
0 0.116211 0.374023 0.097656 0.097656
0 0.305664 0.363770 0.097656 0.098633
0 0.200195 0.423340 0.097656 0.098633
0 0.202637 0.526367 0.084961 0.085938
0 0.116211 0.273438 0.085938 0.085938
0 0.197754 0.310547 0.084961 0.085938
0 0.403320 0.527832 0.097656 0.098633