0 0.363770 0.324219 0.073242 0.074219
0 0.935059 0.553711 0.073242 0.074219
0 0.922852 0.874023 0.097656 0.097656
0 0.918945 0.781738 0.109375 0.110352
0 0.833008 0.831055 0.097656 0.097656
0 0.727539 0.703125 0.085938 0.085938
0 0.729980 0.893555 0.084961 0.085938
0 0.638672 0.617676 0.109375 0.110352
0 0.637207 0.725586 0.084961 0.085938
0 0.543945 0.670898 0.085938 0.085938
0 0.543945 0.778809 0.097656 0.098633
0 0.540039 0.868652 0.097656 0.098633
0 0.454102 0.604492 0.097656 0.097656
0 0.449219 0.730469 0.097656 0.097656
0 0.447266 0.825684 0.097656 0.098633
0 0.448242 0.932129 0.097656 0.098633
0 0.360352 0.875977 0.085938 0.085938
0 0.357910 0.770508 0.084961 0.085938
0 0.357910 0.667969 0.084961 0.085938
0 0.265137 0.607910 0.110352 0.110352
0 0.261230 0.724121 0.110352 0.110352
0 0.254395 0.837402 0.110352 0.110352
0 0.168945 0.874512 0.109375 0.110352
0 0.169434 0.782227 0.110352 0.111328
0 0.175781 0.654785 0.109375 0.110352
0 0.065918 0.611816 0.110352 0.110352
0 0.063477 0.714355 0.109375 0.110352
0 0.071289 0.831543 0.097656 0.098633
0 0.071289 0.940918 0.097656 0.098633
0 0.936523 0.110352 0.109375 0.111328
0 0.932617 0.236328 0.097656 0.097656
0 0.929688 0.337891 0.097656 0.097656
0 0.929688 0.445801 0.097656 0.098633
0 0.836914 0.060547 0.097656 0.097656
0 0.836914 0.171387 0.109375 0.110352
0 0.840820 0.275391 0.085938 0.085938
0 0.832520 0.389648 0.084961 0.085938
0 0.837891 0.506836 0.085938 0.085938
0 0.837891 0.609863 0.097656 0.098633
0 0.745117 0.116699 0.109375 0.110352
0 0.744141 0.224609 0.097656 0.097656
0 0.734375 0.336426 0.097656 0.098633
0 0.735840 0.443359 0.084961 0.085938
0 0.731934 0.556641 0.084961 0.085938
0 0.640625 0.066895 0.109375 0.110352
0 0.639160 0.168457 0.110352 0.110352
0 0.643066 0.282715 0.110352 0.110352
0 0.636230 0.395996 0.110352 0.110352
0 0.642578 0.506348 0.109375 0.110352
0 0.554688 0.558594 0.109375 0.111328
0 0.545898 0.439941 0.109375 0.110352
0 0.541992 0.333496 0.109375 0.110352
0 0.550781 0.234863 0.097656 0.098633
0 0.551270 0.116699 0.110352 0.110352
0 0.450684 0.065430 0.110352 0.111328
0 0.458008 0.176270 0.109375 0.110352
0 0.457031 0.275879 0.109375 0.110352
0 0.458008 0.392090 0.109375 0.110352
0 0.447266 0.510254 0.109375 0.110352
0 0.360840 0.558594 0.084961 0.085938
0 0.360840 0.437500 0.084961 0.085938
0 0.371582 0.209961 0.084961 0.085938
0 0.366211 0.114746 0.097656 0.098633
0 0.268555 0.060059 0.109375 0.110352
0 0.271973 0.174316 0.110352 0.110352
0 0.266602 0.277344 0.109375 0.111328
0 0.257812 0.384277 0.109375 0.110352
0 0.262695 0.491699 0.109375 0.110352
0 0.166992 0.545410 0.109375 0.110352
0 0.166016 0.456543 0.109375 0.110352
0 0.168457 0.351074 0.110352 0.110352
0 0.175293 0.218750 0.110352 0.111328
0 0.175293 0.110840 0.110352 0.110352
0 0.073242 0.061035 0.097656 0.098633
0 0.081055 0.162598 0.097656 0.098633
0 0.076660 0.278809 0.110352 0.110352
0 0.077148 0.394043 0.097656 0.098633
0 0.075195 0.502441 0.109375 0.110352