0 0.826660 0.512695 0.073242 0.074219
0 0.830566 0.162598 0.073242 0.073242
0 0.926270 0.342285 0.073242 0.073242
0 0.915039 0.901855 0.109375 0.110352
0 0.826172 0.746094 0.085938 0.085938
0 0.826172 0.844727 0.085938 0.085938
0 0.726562 0.452637 0.097656 0.098633
0 0.724121 0.568848 0.110352 0.110352
0 0.625977 0.615723 0.097656 0.098633
0 0.635254 0.507324 0.110352 0.110352
0 0.537109 0.550293 0.109375 0.110352
0 0.449219 0.498047 0.085938 0.085938
0 0.438477 0.602539 0.085938 0.085938
0 0.442383 0.727539 0.085938 0.085938
0 0.435547 0.827148 0.085938 0.085938
0 0.545410 0.892578 0.084961 0.085938
0 0.535156 0.776367 0.085938 0.085938
0 0.536621 0.662109 0.084961 0.085938
0 0.630859 0.732422 0.085938 0.085938
0 0.628418 0.854492 0.084961 0.085938
0 0.629395 0.936523 0.084961 0.085938
0 0.732910 0.884766 0.084961 0.085938
0 0.725098 0.790039 0.084961 0.085938
0 0.729492 0.679688 0.085938 0.085938
0 0.915527 0.554688 0.084961 0.085938
0 0.914062 0.680664 0.085938 0.085938
0 0.912598 0.791016 0.084961 0.085938
0 0.828613 0.625977 0.084961 0.085938
0 0.349609 0.448730 0.097656 0.098633
0 0.353516 0.564453 0.085938 0.085938
0 0.351562 0.672363 0.097656 0.098633
0 0.349121 0.781250 0.084961 0.085938
0 0.347656 0.898926 0.097656 0.098633
0 0.258789 0.513672 0.097656 0.097656
0 0.259766 0.616211 0.097656 0.097656
0 0.260254 0.726562 0.084961 0.085938
0 0.259766 0.844238 0.097656 0.098633
0 0.172363 0.464355 0.110352 0.110352
0 0.166016 0.578613 0.097656 0.098633
0 0.162109 0.687988 0.097656 0.098633
0 0.162109 0.801270 0.097656 0.098633
0 0.164062 0.914062 0.097656 0.097656
0 0.067871 0.427734 0.084961 0.085938
0 0.064941 0.534180 0.084961 0.085938
0 0.067871 0.630859 0.084961 0.085938
0 0.064941 0.745117 0.084961 0.085938
0 0.067383 0.859375 0.097656 0.097656
0 0.073242 0.086914 0.085938 0.085938
0 0.074219 0.196777 0.097656 0.098633
0 0.072266 0.298340 0.097656 0.098633
0 0.172852 0.137207 0.097656 0.098633
0 0.166016 0.249512 0.097656 0.098633
0 0.169922 0.355957 0.097656 0.098633
0 0.261719 0.397949 0.097656 0.098633
0 0.268555 0.287109 0.097656 0.097656
0 0.260742 0.179199 0.097656 0.098633
0 0.263672 0.068359 0.097656 0.097656
0 0.351562 0.124512 0.097656 0.098633
0 0.354980 0.229492 0.084961 0.085938
0 0.354492 0.331543 0.097656 0.098633
0 0.450684 0.382324 0.110352 0.110352
0 0.449219 0.273926 0.109375 0.110352
0 0.444336 0.166504 0.109375 0.110352
0 0.450684 0.064941 0.110352 0.110352
0 0.542480 0.107422 0.084961 0.085938
0 0.544922 0.197266 0.085938 0.085938
0 0.540039 0.330566 0.097656 0.098633
0 0.640625 0.395508 0.109375 0.111328
0 0.541016 0.442383 0.085938 0.085938
0 0.636719 0.270508 0.085938 0.085938
0 0.636719 0.178223 0.097656 0.098633
0 0.635742 0.057129 0.097656 0.098633
0 0.733398 0.110840 0.097656 0.098633
0 0.724609 0.228027 0.109375 0.110352
0 0.725586 0.339355 0.109375 0.110352
0 0.825195 0.400391 0.085938 0.085938
0 0.832031 0.285156 0.085938 0.085938
0 0.829590 0.057617 0.084961 0.085938
0 0.920898 0.110840 0.097656 0.098633
0 0.921875 0.226562 0.097656 0.097656