0 0.307129 0.056152 0.110352 0.110352
0 0.875977 0.050781 0.085938 0.085938
0 0.873047 0.162598 0.097656 0.098633
0 0.874023 0.275879 0.097656 0.098633
0 0.870605 0.378906 0.084961 0.085938
0 0.872070 0.494629 0.097656 0.098633
0 0.781250 0.100098 0.097656 0.098633
0 0.778320 0.214355 0.097656 0.098633
0 0.777344 0.320801 0.097656 0.098633
0 0.776367 0.435059 0.097656 0.098633
0 0.774414 0.548340 0.097656 0.098633
0 0.680176 0.053711 0.084961 0.085938
0 0.683105 0.166016 0.084961 0.085938
0 0.679688 0.272949 0.097656 0.098633
0 0.684570 0.383301 0.097656 0.098633
0 0.680664 0.498047 0.085938 0.085938
0 0.591797 0.107910 0.097656 0.098633
0 0.589844 0.214355 0.097656 0.098633
0 0.587891 0.327637 0.097656 0.098633
0 0.589844 0.435059 0.097656 0.098633
0 0.588379 0.555664 0.084961 0.085938
0 0.494141 0.163574 0.109375 0.110352
0 0.495605 0.278809 0.110352 0.110352
0 0.500000 0.380371 0.097656 0.098633
0 0.489258 0.489258 0.097656 0.097656
1 0.394043 0.115723 0.110352 0.110352
1 0.298340 0.163574 0.110352 0.110352
0 0.395996 0.214355 0.110352 0.110352
0 0.393066 0.329590 0.110352 0.110352
0 0.395996 0.447266 0.110352 0.111328
0 0.393555 0.554688 0.085938 0.085938
0 0.297363 0.286133 0.073242 0.074219
0 0.300781 0.384766 0.097656 0.097656
0 0.293945 0.502930 0.097656 0.097656
0 0.198242 0.108887 0.109375 0.110352
0 0.201172 0.219727 0.109375 0.111328
0 0.205078 0.320312 0.109375 0.111328
0 0.198242 0.439941 0.097656 0.098633
0 0.198730 0.556641 0.084961 0.085938
0 0.112305 0.157227 0.109375 0.111328
0 0.112793 0.264648 0.084961 0.085938
0 0.109375 0.390137 0.097656 0.098633
0 0.117188 0.499512 0.097656 0.098633
0 0.121094 0.603516 0.085938 0.085938
0 0.121582 0.712402 0.073242 0.073242
0 0.202148 0.662598 0.097656 0.098633
0 0.192871 0.777832 0.061523 0.061523
0 0.293945 0.608887 0.097656 0.098633
0 0.298828 0.716309 0.097656 0.098633
0 0.402344 0.666016 0.097656 0.097656
0 0.493652 0.604492 0.084961 0.085938
0 0.492188 0.715820 0.097656 0.097656
0 0.591797 0.663086 0.097656 0.097656
0 0.585449 0.757812 0.084961 0.085938
0 0.680664 0.608398 0.085938 0.085938
0 0.682617 0.711914 0.085938 0.085938
0 0.776367 0.653320 0.085938 0.085938
0 0.773438 0.760742 0.085938 0.085938
0 0.877441 0.601562 0.084961 0.085938
0 0.869141 0.702637 0.097656 0.098633
0 0.106445 0.922852 0.048828 0.048828
0 0.191895 0.955566 0.073242 0.073242
0 0.395996 0.953125 0.073242 0.074219
0 0.771484 0.954590 0.060547 0.061523
0 0.947754 0.938965 0.061523 0.061523