0 0.320801 0.781250 0.073242 0.074219
0 0.408691 0.721680 0.073242 0.074219
0 0.126953 0.111816 0.097656 0.098633
0 0.126953 0.224609 0.097656 0.097656
0 0.232422 0.173340 0.109375 0.110352
0 0.321777 0.119629 0.110352 0.110352
0 0.324707 0.227051 0.110352 0.110352
0 0.415039 0.057129 0.109375 0.110352
0 0.410156 0.167480 0.109375 0.110352
0 0.514648 0.115723 0.097656 0.098633
0 0.508789 0.226074 0.109375 0.110352
0 0.604004 0.062988 0.110352 0.110352
0 0.610840 0.178223 0.110352 0.110352
0 0.705566 0.120117 0.110352 0.111328
0 0.701660 0.235840 0.110352 0.110352
0 0.795898 0.061523 0.109375 0.111328
0 0.794922 0.175781 0.109375 0.111328
0 0.892578 0.118164 0.097656 0.097656
0 0.895508 0.235352 0.109375 0.111328
0 0.790039 0.281738 0.109375 0.110352
0 0.890625 0.456543 0.109375 0.110352
0 0.887207 0.560547 0.084961 0.085938
0 0.891602 0.662598 0.097656 0.098633
0 0.893555 0.785645 0.097656 0.098633
0 0.893555 0.895020 0.097656 0.098633
0 0.794434 0.398926 0.110352 0.110352
0 0.793457 0.501465 0.110352 0.110352
0 0.801758 0.613770 0.097656 0.098633
0 0.795898 0.719238 0.097656 0.098633
0 0.796875 0.838379 0.097656 0.098633
0 0.801270 0.940430 0.073242 0.074219
0 0.698730 0.451660 0.110352 0.110352
0 0.704102 0.556152 0.109375 0.110352
0 0.705078 0.669434 0.097656 0.098633
0 0.704102 0.783691 0.097656 0.098633
0 0.704102 0.888672 0.085938 0.085938
0 0.602539 0.397949 0.085938 0.086914
0 0.604492 0.506348 0.109375 0.110352
0 0.605469 0.612793 0.097656 0.098633
0 0.604492 0.726074 0.097656 0.098633
0 0.610840 0.830078 0.084961 0.085938
0 0.607422 0.937500 0.097656 0.097656
0 0.505859 0.446777 0.109375 0.110352
0 0.510742 0.558105 0.097656 0.098633
0 0.507324 0.665039 0.084961 0.085938
0 0.509277 0.774414 0.084961 0.085938
0 0.515625 0.888672 0.097656 0.097656
0 0.410156 0.384277 0.097656 0.098633
0 0.408691 0.499023 0.084961 0.085938
0 0.414551 0.615234 0.084961 0.085938
0 0.415527 0.828125 0.073242 0.074219
0 0.411133 0.932129 0.060547 0.061523
0 0.892578 0.344238 0.109375 0.110352
0 0.700684 0.341797 0.084961 0.085938
0 0.603516 0.278809 0.109375 0.110352
0 0.509766 0.336426 0.109375 0.110352
0 0.414551 0.278809 0.110352 0.110352
0 0.323242 0.336426 0.097656 0.098633
0 0.322266 0.445312 0.097656 0.097656
0 0.320312 0.553711 0.097656 0.097656
0 0.327148 0.665039 0.085938 0.085938
1 0.226562 0.278320 0.085938 0.085938
0 0.134766 0.322754 0.097656 0.098633
0 0.136230 0.441406 0.084961 0.085938
0 0.137207 0.556641 0.084961 0.085938
0 0.128418 0.660156 0.084961 0.085938
0 0.234375 0.381348 0.097656 0.098633
0 0.234375 0.508301 0.109375 0.110352
0 0.232422 0.606445 0.085938 0.085938
0 0.232422 0.707031 0.097656 0.097656
1 0.321777 0.868164 0.073242 0.074219
0 0.228516 0.822266 0.097656 0.097656
0 0.222168 0.916016 0.073242 0.074219
0 0.134277 0.776367 0.084961 0.085938
0 0.134277 0.875488 0.073242 0.073242