0 0.131348 0.051758 0.073242 0.074219
0 0.237793 0.259766 0.073242 0.074219
1 0.889648 0.722656 0.097656 0.097656
0 0.883789 0.826660 0.097656 0.098633
0 0.885742 0.936035 0.097656 0.098633
0 0.794434 0.774902 0.110352 0.110352
0 0.793945 0.882324 0.097656 0.098633
0 0.698730 0.718262 0.110352 0.110352
0 0.701172 0.821289 0.109375 0.111328
0 0.697266 0.936035 0.097656 0.098633
0 0.604492 0.894043 0.109375 0.110352
0 0.525879 0.704102 0.110352 0.111328
0 0.517578 0.804199 0.109375 0.110352
0 0.408203 0.762207 0.109375 0.110352
0 0.319336 0.719238 0.097656 0.098633
0 0.253906 0.953613 0.048828 0.049805
0 0.318848 0.812988 0.110352 0.110352
0 0.044922 0.753906 0.085938 0.085938
0 0.890625 0.616699 0.109375 0.110352
0 0.783203 0.659668 0.109375 0.110352
0 0.796875 0.328125 0.097656 0.097656
0 0.892090 0.169434 0.110352 0.110352
0 0.893555 0.282715 0.109375 0.110352
0 0.793945 0.105469 0.097656 0.097656
0 0.801758 0.218750 0.109375 0.111328
1 0.706055 0.142090 0.097656 0.098633
0 0.702148 0.271973 0.109375 0.110352
0 0.702148 0.399414 0.097656 0.097656
0 0.699219 0.598633 0.109375 0.111328
0 0.615234 0.452637 0.097656 0.098633
0 0.611816 0.340820 0.110352 0.111328
0 0.612793 0.217285 0.110352 0.110352
0 0.609375 0.106934 0.109375 0.110352
0 0.524414 0.054688 0.097656 0.097656
0 0.527344 0.159668 0.097656 0.098633
0 0.531250 0.253418 0.097656 0.098633
0 0.527344 0.393066 0.109375 0.110352
0 0.531250 0.504395 0.109375 0.110352
0 0.517090 0.611328 0.110352 0.111328
0 0.416016 0.654297 0.109375 0.111328
0 0.417480 0.548828 0.110352 0.111328
0 0.417480 0.432617 0.084961 0.085938
0 0.422852 0.210449 0.097656 0.098633
0 0.425781 0.110352 0.109375 0.111328
0 0.056152 0.091797 0.084961 0.085938
0 0.125977 0.142578 0.085938 0.085938
0 0.049316 0.236328 0.084961 0.085938
0 0.136230 0.291992 0.084961 0.085938
0 0.240723 0.336914 0.084961 0.085938
0 0.139648 0.690430 0.085938 0.085938
0 0.050781 0.448242 0.097656 0.097656
0 0.240234 0.437988 0.097656 0.098633
0 0.134766 0.497559 0.097656 0.098633
0 0.137207 0.600586 0.084961 0.085938
0 0.050781 0.347656 0.085938 0.085938
0 0.132324 0.384766 0.084961 0.085938
0 0.337891 0.602051 0.097656 0.098633