0 0.416504 0.321777 0.073242 0.073242
0 0.120605 0.594727 0.073242 0.074219
0 0.124512 0.244629 0.073242 0.073242
0 0.313965 0.371094 0.073242 0.074219
0 0.401855 0.517090 0.073242 0.073242
0 0.220215 0.424316 0.073242 0.073242
0 0.487793 0.599121 0.073242 0.073242
0 0.484863 0.702148 0.073242 0.074219
0 0.591309 0.910156 0.073242 0.074219
0 0.877930 0.705078 0.097656 0.097656
0 0.880859 0.810059 0.097656 0.098633
0 0.884766 0.903809 0.097656 0.098633
0 0.776367 0.860840 0.097656 0.098633
0 0.779297 0.760742 0.109375 0.111328
0 0.772949 0.653809 0.110352 0.110352
0 0.776855 0.533203 0.110352 0.111328
0 0.595703 0.532715 0.097656 0.098633
0 0.311523 0.575195 0.085938 0.085938
0 0.299805 0.688477 0.085938 0.085938
0 0.411133 0.630371 0.085938 0.086914
0 0.409668 0.742188 0.084961 0.085938
0 0.479492 0.792969 0.085938 0.085938
0 0.402832 0.886719 0.084961 0.085938
0 0.489746 0.942383 0.084961 0.085938
0 0.306152 0.821777 0.110352 0.110352
0 0.303711 0.912598 0.109375 0.110352
0 0.120117 0.828125 0.085938 0.085938
0 0.120117 0.926758 0.085938 0.085938
0 0.209473 0.636719 0.084961 0.085938
0 0.208008 0.762695 0.085938 0.085938
0 0.206543 0.873047 0.084961 0.085938
0 0.122559 0.708008 0.084961 0.085938
0 0.416504 0.415527 0.073242 0.073242
0 0.312012 0.480469 0.073242 0.074219
0 0.417969 0.119141 0.085938 0.085938
0 0.119141 0.482422 0.085938 0.085938
0 0.125977 0.367188 0.085938 0.085938
0 0.123535 0.139648 0.084961 0.085938
0 0.215332 0.061523 0.084961 0.085938
0 0.214844 0.192871 0.097656 0.098633
0 0.215820 0.308594 0.097656 0.097656
0 0.313477 0.251465 0.109375 0.110352
0 0.309570 0.133301 0.097656 0.098633
0 0.596680 0.206055 0.048828 0.048828
0 0.596191 0.307617 0.084961 0.085938
0 0.598633 0.423340 0.085938 0.086914
0 0.880859 0.487305 0.097656 0.097656
0 0.876953 0.349609 0.097656 0.097656
0 0.874023 0.250488 0.097656 0.098633
0 0.874023 0.160645 0.097656 0.098633
0 0.778320 0.426270 0.097656 0.098633
0 0.778809 0.310547 0.084961 0.085938
0 0.587402 0.094238 0.110352 0.110352
0 0.500977 0.145020 0.109375 0.110352
0 0.500977 0.252930 0.085938 0.085938
0 0.495117 0.486328 0.085938 0.085938