0 0.661621 0.145996 0.073242 0.073242
0 0.365723 0.418945 0.073242 0.074219
0 0.369629 0.068848 0.073242 0.073242
0 0.559082 0.195312 0.073242 0.074219
0 0.646973 0.341309 0.073242 0.073242
0 0.465332 0.248535 0.073242 0.073242
0 0.732910 0.423340 0.073242 0.073242
0 0.729980 0.526367 0.073242 0.074219
0 0.163574 0.931641 0.073242 0.074219
0 0.836426 0.734375 0.073242 0.074219
0 0.840820 0.356934 0.097656 0.098633
0 0.556641 0.399414 0.085938 0.085938
0 0.544922 0.512695 0.085938 0.085938
0 0.656250 0.454590 0.085938 0.086914
0 0.654785 0.566406 0.084961 0.085938
0 0.724609 0.617188 0.085938 0.085938
0 0.647949 0.710938 0.084961 0.085938
0 0.734863 0.766602 0.084961 0.085938
0 0.839355 0.811523 0.084961 0.085938
0 0.649414 0.922852 0.097656 0.097656
0 0.838867 0.912598 0.097656 0.098633
0 0.649414 0.822266 0.085938 0.085938
0 0.730957 0.859375 0.084961 0.085938
0 0.551270 0.645996 0.110352 0.110352
0 0.548828 0.736816 0.109375 0.110352
0 0.544434 0.864258 0.110352 0.111328
0 0.458008 0.917480 0.109375 0.110352
0 0.454102 0.808105 0.109375 0.110352
0 0.365234 0.652344 0.085938 0.085938
0 0.365234 0.750977 0.085938 0.085938
0 0.359375 0.867676 0.097656 0.098633
0 0.265625 0.358887 0.097656 0.098633
0 0.263184 0.475098 0.110352 0.110352
0 0.165039 0.521973 0.097656 0.098633
0 0.174316 0.413574 0.110352 0.110352
0 0.076172 0.456543 0.109375 0.110352
0 0.088379 0.881836 0.084961 0.085938
0 0.084473 0.798828 0.084961 0.085938
0 0.074219 0.682617 0.085938 0.085938
0 0.075684 0.568359 0.084961 0.085938
0 0.169922 0.638672 0.085938 0.085938
0 0.167480 0.760742 0.084961 0.085938
0 0.168457 0.842773 0.084961 0.085938
0 0.264160 0.885742 0.084961 0.085938
0 0.271973 0.791016 0.084961 0.085938
0 0.264160 0.696289 0.084961 0.085938
0 0.268555 0.585938 0.085938 0.085938
0 0.454590 0.460938 0.084961 0.085938
0 0.453125 0.586914 0.085938 0.085938
0 0.451660 0.697266 0.084961 0.085938
0 0.367676 0.532227 0.084961 0.085938
0 0.661621 0.239746 0.073242 0.073242
0 0.557129 0.304688 0.073242 0.074219
0 0.083984 0.103516 0.085938 0.085938
0 0.079102 0.236816 0.097656 0.098633
0 0.179688 0.301758 0.109375 0.111328
0 0.080078 0.348633 0.085938 0.085938
0 0.175781 0.176758 0.085938 0.085938
0 0.175781 0.084473 0.097656 0.098633
0 0.263672 0.134277 0.109375 0.110352
0 0.264648 0.245605 0.109375 0.110352
0 0.364258 0.306641 0.085938 0.085938
0 0.371094 0.191406 0.085938 0.085938
0 0.460938 0.132812 0.097656 0.097656
0 0.558594 0.075684 0.109375 0.110352
0 0.841797 0.030273 0.048828 0.048828
0 0.841309 0.131836 0.084961 0.085938
0 0.843750 0.247559 0.085938 0.086914
0 0.746094 0.077148 0.085938 0.085938
0 0.740234 0.310547 0.085938 0.085938