0 0.270020 0.321289 0.073242 0.074219
0 0.167480 0.364746 0.073242 0.073242
0 0.949219 0.164062 0.085938 0.085938
0 0.954102 0.278320 0.085938 0.085938
0 0.853516 0.107422 0.085938 0.085938
0 0.859863 0.222168 0.084961 0.086914
0 0.762695 0.052246 0.097656 0.098633
0 0.762207 0.163574 0.084961 0.086914
0 0.669922 0.107910 0.097656 0.098633
0 0.670898 0.218262 0.097656 0.098633
0 0.573242 0.059082 0.097656 0.098633
0 0.577148 0.163574 0.109375 0.110352
0 0.478516 0.108887 0.097656 0.098633
0 0.477051 0.219727 0.084961 0.085938
0 0.384766 0.154297 0.097656 0.097656
0 0.384766 0.273438 0.097656 0.097656
0 0.574707 0.273438 0.084961 0.085938
0 0.258789 0.110352 0.097656 0.097656
0 0.262695 0.221680 0.097656 0.097656
0 0.161133 0.137695 0.097656 0.097656
0 0.163086 0.245605 0.097656 0.098633
0 0.092285 0.082520 0.110352 0.110352
0 0.094727 0.207520 0.097656 0.098633
0 0.094727 0.327637 0.097656 0.098633
0 0.093262 0.435059 0.110352 0.110352
0 0.092773 0.556152 0.109375 0.110352
0 0.093750 0.660645 0.097656 0.098633
0 0.089844 0.769043 0.109375 0.110352
0 0.180664 0.509277 0.097656 0.098633
0 0.178711 0.604004 0.097656 0.098633
0 0.191406 0.722168 0.109375 0.110352
0 0.268555 0.449707 0.097656 0.098633
0 0.274902 0.548828 0.084961 0.085938
0 0.271973 0.659668 0.084961 0.086914
0 0.275391 0.760254 0.097656 0.098633
0 0.389648 0.378906 0.097656 0.097656
0 0.381836 0.489746 0.097656 0.098633
0 0.385742 0.597168 0.109375 0.110352
0 0.386230 0.715332 0.110352 0.110352
0 0.381348 0.831543 0.110352 0.110352
0 0.479492 0.328125 0.097656 0.097656
0 0.478027 0.441406 0.110352 0.111328
0 0.476562 0.545410 0.109375 0.110352
0 0.476562 0.656738 0.097656 0.098633
0 0.473633 0.770996 0.109375 0.110352
0 0.575684 0.388672 0.110352 0.111328
0 0.571289 0.498047 0.097656 0.097656
0 0.571289 0.609375 0.097656 0.097656
0 0.569824 0.716797 0.084961 0.085938
0 0.570312 0.830078 0.085938 0.085938
0 0.666992 0.333008 0.085938 0.085938
0 0.666016 0.445312 0.097656 0.097656
0 0.670410 0.554688 0.110352 0.111328
0 0.662598 0.665039 0.110352 0.111328
0 0.668457 0.770996 0.110352 0.110352
0 0.760254 0.276367 0.084961 0.085938
0 0.762695 0.385742 0.085938 0.085938
0 0.759766 0.497070 0.085938 0.085938
0 0.765625 0.598633 0.109375 0.111328
0 0.762695 0.708008 0.109375 0.111328
0 0.758301 0.831543 0.110352 0.110352
0 0.854980 0.332520 0.110352 0.110352
0 0.855957 0.445801 0.110352 0.110352
0 0.864258 0.549316 0.109375 0.110352
0 0.858398 0.659668 0.109375 0.110352
0 0.857422 0.774414 0.109375 0.111328
0 0.949219 0.604004 0.097656 0.098633
0 0.951660 0.713867 0.084961 0.085938
0 0.854492 0.883789 0.109375 0.111328
0 0.760254 0.939941 0.110352 0.110352
0 0.666504 0.889160 0.061523 0.061523
0 0.573242 0.938965 0.109375 0.110352
0 0.475586 0.881348 0.109375 0.110352
0 0.379395 0.933105 0.110352 0.110352
0 0.281250 0.866699 0.097656 0.098633
0 0.188477 0.823730 0.109375 0.110352
0 0.186523 0.923828 0.097656 0.097656
0 0.089844 0.889648 0.109375 0.111328