0 0.371582 0.824219 0.073242 0.074219
0 0.362793 0.704590 0.073242 0.073242
0 0.082520 0.877441 0.061523 0.061523
0 0.551270 0.935059 0.073242 0.073242
0 0.437012 0.777344 0.073242 0.074219
0 0.919922 0.272949 0.097656 0.098633
0 0.919922 0.382324 0.109375 0.110352
0 0.922363 0.500488 0.110352 0.110352
0 0.916992 0.612793 0.109375 0.110352
0 0.911621 0.718262 0.110352 0.110352
0 0.911621 0.830078 0.110352 0.111328
0 0.904785 0.943359 0.084961 0.085938
0 0.816406 0.651855 0.097656 0.098633
0 0.817383 0.441895 0.097656 0.098633
0 0.821289 0.321289 0.097656 0.097656
0 0.726074 0.387695 0.084961 0.085938
0 0.729492 0.495605 0.109375 0.110352
0 0.719238 0.607422 0.110352 0.111328
0 0.629883 0.541016 0.097656 0.097656
0 0.628906 0.402832 0.097656 0.098633
0 0.628906 0.312988 0.109375 0.110352
0 0.537109 0.272949 0.097656 0.098633
0 0.541016 0.390137 0.109375 0.110352
0 0.543457 0.501953 0.084961 0.085938
0 0.435547 0.870117 0.048828 0.048828
0 0.263672 0.323242 0.048828 0.048828
0 0.438965 0.336426 0.084961 0.086914
0 0.438965 0.432617 0.084961 0.085938
0 0.451660 0.557617 0.110352 0.111328
0 0.358887 0.579590 0.110352 0.110352
0 0.259277 0.534180 0.084961 0.085938
0 0.351074 0.381836 0.084961 0.085938
0 0.352539 0.488281 0.048828 0.048828
0 0.556152 0.746094 0.084961 0.085938
0 0.362305 0.937012 0.109375 0.110352
0 0.264160 0.888184 0.110352 0.110352
0 0.261719 0.765625 0.109375 0.111328
0 0.168945 0.384766 0.048828 0.048828
0 0.079102 0.339844 0.048828 0.048828
0 0.074219 0.440430 0.048828 0.048828
0 0.171875 0.491211 0.097656 0.097656
0 0.162598 0.603027 0.110352 0.110352
0 0.172852 0.717285 0.109375 0.110352
0 0.175293 0.830566 0.110352 0.110352
0 0.169922 0.933594 0.085938 0.085938
0 0.073730 0.544434 0.110352 0.110352
0 0.078613 0.673340 0.110352 0.110352
0 0.078125 0.771973 0.097656 0.098633
0 0.256836 0.431152 0.048828 0.049805