1 0.615723 0.408203 0.073242 0.074219
1 0.614258 0.527832 0.060547 0.061523
0 0.899902 0.464355 0.110352 0.110352
0 0.896973 0.580078 0.110352 0.111328
0 0.896484 0.690918 0.097656 0.098633
0 0.896973 0.793457 0.110352 0.110352
0 0.895508 0.911621 0.109375 0.110352
0 0.798828 0.414551 0.097656 0.098633
0 0.804199 0.530762 0.110352 0.110352
0 0.811523 0.632324 0.097656 0.098633
0 0.801270 0.750488 0.084961 0.086914
0 0.805176 0.862305 0.084961 0.085938
0 0.708496 0.466797 0.110352 0.111328
0 0.714844 0.574707 0.097656 0.098633
0 0.706543 0.815430 0.084961 0.085938
0 0.711914 0.916016 0.085938 0.085938
0 0.627930 0.651367 0.085938 0.085938
0 0.620117 0.731934 0.109375 0.110352
0 0.617676 0.850586 0.110352 0.111328
0 0.519531 0.496582 0.097656 0.098633
0 0.522461 0.568359 0.085938 0.085938
0 0.517090 0.682617 0.110352 0.111328
0 0.510254 0.807129 0.110352 0.110352
0 0.512695 0.911621 0.109375 0.110352
0 0.416016 0.411621 0.097656 0.098633
0 0.422852 0.524902 0.097656 0.098633
0 0.419922 0.638184 0.085938 0.086914
0 0.422852 0.743652 0.097656 0.098633
0 0.424805 0.857910 0.097656 0.098633
0 0.331055 0.466309 0.097656 0.098633
0 0.327148 0.578125 0.097656 0.097656
0 0.327148 0.680664 0.085938 0.085938
0 0.328125 0.791504 0.097656 0.098633
0 0.327148 0.907715 0.097656 0.098633
0 0.231445 0.521973 0.109375 0.110352
0 0.238281 0.635254 0.097656 0.098633
0 0.229980 0.747070 0.084961 0.085938
0 0.229980 0.884766 0.084961 0.085938
0 0.141113 0.467285 0.110352 0.110352
0 0.139648 0.582031 0.109375 0.111328
0 0.140625 0.688965 0.097656 0.098633
0 0.136719 0.797852 0.097656 0.097656
0 0.144531 0.912598 0.097656 0.098633
0 0.053223 0.523438 0.084961 0.085938
1 0.331543 0.234863 0.061523 0.061523
0 0.424316 0.304688 0.084961 0.085938
0 0.521484 0.263672 0.085938 0.085938
0 0.521484 0.353516 0.085938 0.085938
0 0.617188 0.294922 0.085938 0.085938
0 0.625000 0.208008 0.085938 0.085938
0 0.897949 0.136230 0.110352 0.110352
0 0.898926 0.256348 0.110352 0.110352
0 0.900391 0.357422 0.097656 0.097656
0 0.804688 0.080566 0.097656 0.098633
0 0.804688 0.187988 0.097656 0.098633
0 0.797852 0.308105 0.097656 0.098633
0 0.707520 0.353516 0.084961 0.085938
0 0.705078 0.141113 0.097656 0.098633
0 0.704102 0.246582 0.097656 0.098633
0 0.424805 0.084961 0.109375 0.111328
0 0.336914 0.108398 0.097656 0.097656
0 0.234375 0.062988 0.097656 0.098633
0 0.330078 0.353027 0.109375 0.110352
0 0.235840 0.415527 0.110352 0.110352
0 0.144043 0.365723 0.110352 0.110352
0 0.241211 0.288086 0.085938 0.085938
0 0.149414 0.251465 0.109375 0.110352
0 0.142578 0.177246 0.097656 0.098633
0 0.052734 0.308105 0.097656 0.098633