0 0.694824 0.709473 0.073242 0.073242
0 0.784668 0.855469 0.073242 0.074219
0 0.785645 0.750488 0.073242 0.073242
0 0.881348 0.793457 0.073242 0.073242
0 0.601074 0.772461 0.084961 0.085938
0 0.696777 0.804688 0.073242 0.074219
0 0.701660 0.920898 0.073242 0.074219
0 0.884766 0.898438 0.085938 0.085938
0 0.892578 0.093262 0.097656 0.098633
0 0.793945 0.151855 0.097656 0.098633
0 0.698242 0.092285 0.097656 0.098633
0 0.696289 0.205566 0.097656 0.098633
0 0.602539 0.155273 0.085938 0.085938
0 0.511719 0.092285 0.097656 0.098633
0 0.510254 0.212891 0.084961 0.085938
0 0.411133 0.146484 0.097656 0.097656
0 0.317871 0.104492 0.110352 0.111328
0 0.315430 0.211914 0.085938 0.085938
0 0.215820 0.160156 0.097656 0.097656
0 0.120117 0.097168 0.097656 0.098633
0 0.120605 0.213867 0.084961 0.085938
0 0.043457 0.369629 0.073242 0.073242
0 0.124023 0.319824 0.097656 0.098633
0 0.114746 0.435059 0.061523 0.061523
0 0.215820 0.266113 0.097656 0.098633
0 0.220703 0.373535 0.097656 0.098633
0 0.324219 0.323242 0.097656 0.097656
0 0.415527 0.261719 0.084961 0.085938
0 0.414062 0.373047 0.097656 0.097656
0 0.513672 0.320312 0.097656 0.097656
0 0.507324 0.415039 0.084961 0.085938
0 0.602539 0.265625 0.085938 0.085938
0 0.604492 0.369141 0.085938 0.085938
0 0.698242 0.310547 0.085938 0.085938
0 0.695312 0.417969 0.085938 0.085938
0 0.799316 0.258789 0.084961 0.085938
0 0.791016 0.359863 0.097656 0.098633
0 0.890625 0.211426 0.097656 0.098633
0 0.888672 0.312988 0.097656 0.098633
0 0.028320 0.580078 0.048828 0.048828
0 0.113770 0.612793 0.073242 0.073242
0 0.118164 0.725098 0.109375 0.110352
0 0.119141 0.834473 0.109375 0.110352
0 0.119141 0.942383 0.085938 0.085938
0 0.224121 0.665039 0.122070 0.123047
0 0.212402 0.773438 0.122070 0.123047
0 0.219727 0.894043 0.097656 0.098633
0 0.317871 0.610352 0.073242 0.074219
0 0.323242 0.722656 0.097656 0.097656
0 0.329590 0.835938 0.122070 0.123047
0 0.325195 0.948730 0.097656 0.098633
0 0.418457 0.666016 0.122070 0.123047
0 0.414551 0.786133 0.122070 0.123047
0 0.416504 0.894531 0.084961 0.085938
0 0.508789 0.617188 0.097656 0.097656
0 0.512695 0.730469 0.097656 0.097656
0 0.512695 0.834961 0.097656 0.097656
0 0.514648 0.949219 0.097656 0.097656
0 0.599121 0.668945 0.073242 0.074219
0 0.606445 0.890625 0.085938 0.085938
0 0.693359 0.611816 0.060547 0.061523
0 0.781250 0.644043 0.060547 0.061523
0 0.869629 0.596191 0.061523 0.061523
0 0.870605 0.683105 0.061523 0.061523
0 0.974609 0.767090 0.048828 0.049805