0 0.139160 0.555664 0.073242 0.074219
0 0.047852 0.278320 0.085938 0.085938
0 0.047852 0.402344 0.085938 0.085938
0 0.044922 0.529785 0.085938 0.086914
0 0.044922 0.632812 0.085938 0.085938
0 0.047363 0.744141 0.084961 0.085938
0 0.140137 0.886719 0.084961 0.085938
0 0.146973 0.785156 0.084961 0.085938
0 0.135254 0.665039 0.084961 0.085938
0 0.132812 0.343750 0.097656 0.097656
0 0.139648 0.445312 0.097656 0.097656
0 0.240234 0.353027 0.097656 0.098633
0 0.247070 0.497559 0.097656 0.098633
0 0.236328 0.612305 0.085938 0.085938
0 0.231934 0.726562 0.084961 0.085938
0 0.230957 0.833008 0.084961 0.085938
0 0.228027 0.938477 0.084961 0.085938
0 0.324219 0.345703 0.085938 0.085938
0 0.328125 0.452148 0.097656 0.097656
0 0.325195 0.561523 0.085938 0.085938
0 0.321289 0.670898 0.085938 0.085938
0 0.318359 0.786621 0.097656 0.098633
0 0.333008 0.908691 0.097656 0.098633
0 0.419922 0.402344 0.085938 0.085938
0 0.419922 0.506836 0.085938 0.085938
0 0.420898 0.627441 0.097656 0.098633
0 0.416992 0.734375 0.085938 0.085938
0 0.415527 0.838867 0.084961 0.085938
0 0.421875 0.945312 0.097656 0.097656
0 0.511230 0.895508 0.084961 0.085938
0 0.516602 0.777344 0.085938 0.085938
0 0.510254 0.673340 0.084961 0.086914
0 0.513672 0.562988 0.097656 0.098633
0 0.515625 0.446777 0.097656 0.098633
0 0.511719 0.340332 0.097656 0.098633
0 0.608398 0.394043 0.109375 0.110352
0 0.608398 0.497559 0.097656 0.098633
0 0.611328 0.605957 0.097656 0.098633
0 0.609375 0.728516 0.085938 0.085938
0 0.610352 0.838379 0.097656 0.098633
0 0.608398 0.939941 0.097656 0.098633
0 0.703125 0.335449 0.097656 0.098633
0 0.708008 0.451172 0.097656 0.097656
0 0.701660 0.553711 0.084961 0.085938
0 0.699219 0.663086 0.097656 0.097656
0 0.708984 0.778809 0.097656 0.098633
0 0.702148 0.891113 0.097656 0.098633
0 0.804688 0.928711 0.097656 0.097656
0 0.796875 0.820801 0.097656 0.098633
0 0.799805 0.709961 0.097656 0.097656
0 0.798828 0.597168 0.097656 0.098633
0 0.806641 0.486328 0.097656 0.097656
0 0.799805 0.378418 0.097656 0.098633
0 0.888672 0.321289 0.097656 0.097656
0 0.894531 0.428223 0.097656 0.098633
0 0.892578 0.535645 0.097656 0.098633
0 0.891602 0.650391 0.097656 0.097656
0 0.887695 0.766113 0.097656 0.098633
0 0.891113 0.871094 0.084961 0.085938
0 0.900391 0.092773 0.097656 0.097656
0 0.893555 0.203125 0.085938 0.085938
0 0.801758 0.269043 0.097656 0.098633
0 0.797852 0.166016 0.085938 0.085938
0 0.703125 0.105957 0.097656 0.098633
0 0.701172 0.229004 0.097656 0.098633
0 0.614258 0.285645 0.109375 0.110352
0 0.607910 0.172363 0.110352 0.110352
0 0.620605 0.059082 0.110352 0.110352
0 0.510742 0.125488 0.109375 0.110352
0 0.512695 0.231445 0.085938 0.085938
0 0.412598 0.293945 0.084961 0.085938
0 0.419922 0.178223 0.097656 0.098633
0 0.425781 0.069824 0.097656 0.098633
0 0.325195 0.129395 0.097656 0.098633
0 0.325684 0.227539 0.084961 0.085938
0 0.231445 0.257812 0.097656 0.097656
0 0.231445 0.158691 0.109375 0.110352
0 0.234863 0.067871 0.110352 0.110352
0 0.143555 0.098633 0.097656 0.097656
0 0.132812 0.232422 0.085938 0.085938
0 0.051758 0.066406 0.097656 0.097656