0 0.864746 0.328613 0.110352 0.110352
0 0.865723 0.430176 0.110352 0.110352
0 0.859375 0.552246 0.109375 0.110352
0 0.858887 0.656738 0.110352 0.110352
0 0.854004 0.762207 0.110352 0.110352
0 0.851074 0.893066 0.110352 0.110352
0 0.761719 0.919434 0.097656 0.098633
0 0.754395 0.818848 0.110352 0.110352
0 0.764648 0.709473 0.109375 0.110352
0 0.771484 0.600586 0.109375 0.111328
0 0.773926 0.495117 0.110352 0.111328
0 0.765137 0.386230 0.110352 0.110352
0 0.768555 0.276855 0.097656 0.098633
0 0.674805 0.321777 0.109375 0.110352
0 0.681152 0.431152 0.110352 0.110352
0 0.661621 0.532715 0.110352 0.110352
0 0.667969 0.653809 0.109375 0.110352
1 0.668945 0.764160 0.109375 0.110352
0 0.663574 0.878906 0.110352 0.111328
0 0.568359 0.932129 0.097656 0.098633
0 0.572266 0.815918 0.109375 0.110352
0 0.568359 0.704590 0.097656 0.098633
0 0.575195 0.605469 0.097656 0.097656
0 0.579102 0.272461 0.109375 0.111328
0 0.581543 0.379395 0.110352 0.110352
0 0.581055 0.493652 0.097656 0.098633
0 0.477051 0.316895 0.110352 0.110352
0 0.478027 0.435059 0.110352 0.110352
0 0.492188 0.544434 0.109375 0.110352
0 0.474121 0.652344 0.110352 0.111328
0 0.471191 0.767090 0.110352 0.110352
0 0.473633 0.872070 0.109375 0.111328
0 0.393066 0.267090 0.110352 0.110352
0 0.386230 0.381348 0.110352 0.110352
0 0.387695 0.489746 0.109375 0.110352
0 0.390137 0.591309 0.110352 0.110352
0 0.383301 0.690918 0.110352 0.110352
0 0.380859 0.797852 0.109375 0.111328
0 0.374023 0.915039 0.097656 0.097656
0 0.297852 0.312012 0.097656 0.098633
0 0.296875 0.437988 0.097656 0.098633
0 0.300781 0.539551 0.109375 0.110352
0 0.290039 0.642090 0.097656 0.098633
0 0.280762 0.770996 0.110352 0.110352
0 0.286133 0.845215 0.109375 0.110352
0 0.191406 0.920410 0.109375 0.110352
0 0.191406 0.808594 0.097656 0.097656
0 0.191406 0.692871 0.097656 0.098633
0 0.202148 0.587402 0.109375 0.110352
0 0.201172 0.484863 0.097656 0.098633
0 0.194336 0.374023 0.097656 0.097656
0 0.205078 0.259766 0.097656 0.097656
0 0.105469 0.315430 0.109375 0.111328
0 0.104492 0.427246 0.109375 0.110352
0 0.100098 0.537598 0.110352 0.110352
0 0.095215 0.642090 0.110352 0.110352
0 0.100098 0.743652 0.110352 0.110352
0 0.088379 0.866699 0.110352 0.110352
0 0.771484 0.056152 0.109375 0.110352
0 0.586914 0.071777 0.097656 0.098633
0 0.397949 0.088867 0.084961 0.085938
0 0.211914 0.072754 0.109375 0.110352