0 0.101562 0.302246 0.109375 0.110352
0 0.870605 0.082520 0.110352 0.110352
0 0.867188 0.193359 0.085938 0.085938
0 0.869141 0.302246 0.097656 0.098633
0 0.776367 0.139160 0.097656 0.098633
0 0.777344 0.246582 0.097656 0.098633
0 0.774414 0.357910 0.097656 0.098633
0 0.670898 0.090332 0.109375 0.110352
0 0.674316 0.192871 0.110352 0.110352
0 0.670410 0.300293 0.110352 0.110352
0 0.572754 0.141113 0.110352 0.110352
0 0.578613 0.255371 0.110352 0.110352
0 0.578125 0.364258 0.109375 0.111328
0 0.492188 0.081055 0.085938 0.085938
0 0.481445 0.194336 0.097656 0.097656
0 0.485352 0.310547 0.097656 0.097656
0 0.389648 0.135742 0.109375 0.111328
0 0.391602 0.250000 0.109375 0.111328
0 0.386230 0.349609 0.110352 0.111328
0 0.291504 0.086914 0.110352 0.111328
0 0.288574 0.194336 0.110352 0.111328
0 0.293457 0.301270 0.110352 0.110352
0 0.197754 0.145020 0.110352 0.110352
0 0.202148 0.249512 0.109375 0.110352
0 0.102539 0.088379 0.097656 0.098633
0 0.099609 0.194824 0.109375 0.110352
0 0.100586 0.414551 0.048828 0.049805
0 0.195312 0.352539 0.048828 0.048828
0 0.102539 0.521484 0.109375 0.111328
0 0.205078 0.580078 0.085938 0.085938
0 0.198730 0.467773 0.084961 0.085938
0 0.295410 0.418945 0.084961 0.085938
0 0.292480 0.525391 0.084961 0.085938
0 0.299805 0.632812 0.097656 0.097656
0 0.294922 0.737305 0.097656 0.097656
0 0.290039 0.854004 0.097656 0.098633
0 0.389160 0.467285 0.073242 0.073242
0 0.392090 0.579102 0.084961 0.085938
0 0.391113 0.795898 0.073242 0.074219
0 0.477539 0.413574 0.097656 0.098633
0 0.483398 0.522949 0.097656 0.098633
0 0.478516 0.638184 0.097656 0.098633
0 0.488281 0.749023 0.097656 0.097656
0 0.490234 0.859375 0.097656 0.097656
0 0.580566 0.468262 0.110352 0.110352
0 0.581543 0.582520 0.110352 0.110352
0 0.576172 0.688965 0.109375 0.110352
0 0.575195 0.807129 0.109375 0.110352
0 0.576172 0.915039 0.109375 0.111328
0 0.675293 0.417480 0.110352 0.110352
0 0.672363 0.528809 0.110352 0.110352
0 0.666504 0.637207 0.110352 0.110352
0 0.674316 0.749512 0.110352 0.110352
0 0.675781 0.857910 0.109375 0.110352
0 0.776367 0.470215 0.109375 0.110352
0 0.776367 0.578613 0.097656 0.098633
0 0.771973 0.690918 0.110352 0.110352
0 0.774902 0.802246 0.110352 0.110352
0 0.773926 0.917480 0.110352 0.110352
0 0.869141 0.410645 0.109375 0.110352
0 0.875977 0.534668 0.109375 0.110352
0 0.869141 0.638184 0.109375 0.110352
0 0.869141 0.754395 0.109375 0.110352
0 0.866211 0.857910 0.109375 0.110352
0 0.390137 0.926758 0.084961 0.085938