0 0.369629 0.507812 0.073242 0.074219
0 0.094238 0.883789 0.084961 0.085938
0 0.085938 0.294434 0.097656 0.098633
0 0.090820 0.363281 0.097656 0.097656
0 0.083984 0.443848 0.097656 0.098633
0 0.097168 0.573242 0.084961 0.085938
0 0.103516 0.679688 0.085938 0.085938
0 0.096680 0.791016 0.085938 0.085938
0 0.184082 0.299805 0.084961 0.085938
0 0.187500 0.417969 0.085938 0.085938
0 0.184570 0.498535 0.097656 0.098633
0 0.179688 0.624023 0.085938 0.085938
0 0.183594 0.722656 0.085938 0.085938
0 0.175781 0.848633 0.085938 0.085938
0 0.278320 0.230469 0.085938 0.085938
0 0.278320 0.354492 0.085938 0.085938
0 0.275391 0.481934 0.085938 0.086914
0 0.275391 0.584961 0.085938 0.085938
0 0.277832 0.696289 0.084961 0.085938
0 0.277344 0.787598 0.097656 0.098633
0 0.280273 0.924316 0.097656 0.098633
0 0.370605 0.954102 0.084961 0.085938
0 0.370605 0.838867 0.084961 0.085938
0 0.377441 0.737305 0.084961 0.085938
0 0.365723 0.617188 0.084961 0.085938
0 0.363281 0.295898 0.097656 0.097656
0 0.370117 0.397461 0.097656 0.097656
0 0.470703 0.305176 0.097656 0.098633
0 0.477539 0.449707 0.097656 0.098633
0 0.466797 0.564453 0.085938 0.085938
0 0.462402 0.678711 0.084961 0.085938
0 0.461426 0.785156 0.084961 0.085938
0 0.458496 0.890625 0.084961 0.085938
0 0.554688 0.297852 0.085938 0.085938
0 0.558594 0.404297 0.097656 0.097656
0 0.555664 0.513672 0.085938 0.085938
0 0.551758 0.623047 0.085938 0.085938
0 0.548828 0.738770 0.097656 0.098633
0 0.563477 0.860840 0.097656 0.098633
0 0.650391 0.354492 0.085938 0.085938
0 0.650391 0.458984 0.085938 0.085938
0 0.651367 0.579590 0.097656 0.098633
0 0.647461 0.686523 0.085938 0.085938
0 0.645996 0.791016 0.084961 0.085938
0 0.652344 0.897461 0.097656 0.097656
0 0.741699 0.847656 0.084961 0.085938
0 0.747070 0.729492 0.085938 0.085938
0 0.740723 0.625488 0.084961 0.086914
0 0.744141 0.515137 0.097656 0.098633
0 0.746094 0.398926 0.097656 0.098633
0 0.742188 0.292480 0.097656 0.098633
0 0.838867 0.346191 0.109375 0.110352
0 0.838867 0.449707 0.097656 0.098633
0 0.841797 0.558105 0.097656 0.098633
0 0.839844 0.680664 0.085938 0.085938
0 0.840820 0.790527 0.097656 0.098633
0 0.838867 0.892090 0.097656 0.098633
0 0.933594 0.287598 0.097656 0.098633
0 0.938477 0.403320 0.097656 0.097656
0 0.932129 0.505859 0.084961 0.085938
0 0.929688 0.615234 0.097656 0.097656
0 0.939453 0.730957 0.097656 0.098633
0 0.932617 0.843262 0.097656 0.098633
0 0.936523 0.949707 0.097656 0.098633
0 0.933594 0.058105 0.097656 0.098633
0 0.931641 0.181152 0.097656 0.098633
0 0.844727 0.237793 0.109375 0.110352
0 0.838379 0.124512 0.110352 0.110352
0 0.741211 0.077637 0.109375 0.110352
0 0.743164 0.183594 0.085938 0.085938
0 0.643066 0.246094 0.084961 0.085938
0 0.650391 0.130371 0.097656 0.098633
0 0.555664 0.081543 0.097656 0.098633
0 0.556152 0.179688 0.084961 0.085938
0 0.461914 0.209961 0.097656 0.097656
0 0.461914 0.110840 0.109375 0.110352
0 0.374023 0.050781 0.097656 0.097656
0 0.363281 0.184570 0.085938 0.085938
0 0.275391 0.124023 0.097656 0.097656
0 0.185059 0.077148 0.084961 0.085938
0 0.186035 0.182617 0.084961 0.085938
0 0.091797 0.111816 0.109375 0.110352
0 0.093750 0.198730 0.097656 0.098633