0 0.339355 0.204102 0.073242 0.074219
0 0.246094 0.143066 0.060547 0.061523
0 0.348145 0.644043 0.073242 0.073242
0 0.421387 0.794922 0.073242 0.074219
0 0.534668 0.074219 0.073242 0.074219
0 0.806152 0.913574 0.110352 0.110352
0 0.621094 0.918945 0.085938 0.085938
0 0.420898 0.912109 0.085938 0.085938
0 0.242676 0.908203 0.084961 0.085938
0 0.059570 0.911621 0.097656 0.098633
1 0.345215 0.846680 0.073242 0.074219
1 0.340332 0.738770 0.073242 0.073242
0 0.247070 0.697266 0.085938 0.085938
0 0.247070 0.812500 0.085938 0.085938
1 0.436035 0.701172 0.073242 0.074219
1 0.436035 0.581543 0.073242 0.073242
0 0.902832 0.103516 0.084961 0.085938
0 0.899902 0.209961 0.084961 0.085938
0 0.902832 0.306641 0.084961 0.085938
0 0.899902 0.420898 0.084961 0.085938
0 0.902344 0.535156 0.097656 0.097656
0 0.899902 0.659180 0.084961 0.085938
0 0.904785 0.761719 0.084961 0.085938
0 0.810547 0.807129 0.097656 0.098633
0 0.805176 0.700195 0.110352 0.111328
0 0.811523 0.589844 0.097656 0.097656
0 0.817383 0.474121 0.109375 0.110352
0 0.816406 0.368652 0.097656 0.098633
1 0.812012 0.260742 0.084961 0.085938
0 0.811035 0.148438 0.084961 0.085938
0 0.716797 0.089844 0.085938 0.085938
0 0.717773 0.203125 0.085938 0.085938
0 0.712891 0.312500 0.097656 0.097656
0 0.722656 0.429688 0.109375 0.111328
0 0.717773 0.525879 0.097656 0.098633
0 0.724121 0.646973 0.110352 0.110352
0 0.718750 0.749512 0.109375 0.110352
0 0.625488 0.801270 0.110352 0.110352
0 0.718750 0.865234 0.085938 0.085938
0 0.630859 0.708008 0.109375 0.111328
0 0.618164 0.584473 0.109375 0.110352
0 0.618164 0.472168 0.109375 0.110352
0 0.622070 0.361816 0.109375 0.110352
0 0.625977 0.257812 0.109375 0.111328
0 0.631836 0.135254 0.097656 0.098633
0 0.537109 0.187500 0.085938 0.085938
0 0.533203 0.412598 0.097656 0.098633
0 0.529297 0.295410 0.085938 0.086914
0 0.436035 0.361328 0.084961 0.085938
0 0.433594 0.258789 0.085938 0.085938
0 0.054688 0.275391 0.085938 0.085938
0 0.526367 0.626953 0.085938 0.085938
0 0.531250 0.747070 0.085938 0.085938
0 0.528809 0.527344 0.084961 0.085938
0 0.529785 0.853516 0.084961 0.085938
0 0.430664 0.135254 0.097656 0.098633
0 0.346680 0.102539 0.097656 0.097656
0 0.340820 0.313477 0.097656 0.097656
0 0.341797 0.416504 0.097656 0.098633
0 0.348145 0.537109 0.084961 0.085938
0 0.433105 0.469727 0.084961 0.085938
0 0.253906 0.262695 0.109375 0.111328
0 0.247559 0.369629 0.110352 0.110352
0 0.248535 0.477051 0.110352 0.110352
0 0.249512 0.597168 0.110352 0.110352
0 0.159180 0.654297 0.085938 0.085938
0 0.160156 0.744141 0.085938 0.085938
0 0.164551 0.545898 0.084961 0.085938
0 0.160645 0.414551 0.110352 0.110352
0 0.156738 0.312988 0.110352 0.110352
0 0.161133 0.208008 0.085938 0.085938
0 0.164062 0.096191 0.097656 0.098633
0 0.058594 0.151855 0.097656 0.098633
0 0.057129 0.392578 0.110352 0.111328
0 0.055664 0.610840 0.097656 0.098633
0 0.060547 0.691895 0.097656 0.098633
0 0.059570 0.806152 0.097656 0.098633
0 0.164062 0.856934 0.097656 0.098633
0 0.250488 0.043945 0.084961 0.085938
0 0.908691 0.872559 0.110352 0.110352