0 0.485840 0.083008 0.073242 0.074219
0 0.664551 0.775391 0.073242 0.074219
0 0.666504 0.861328 0.073242 0.074219
0 0.867676 0.843262 0.073242 0.073242
0 0.860840 0.626953 0.073242 0.074219
0 0.586426 0.828613 0.073242 0.073242
0 0.779297 0.956543 0.060547 0.061523
0 0.584473 0.926270 0.073242 0.073242
0 0.946289 0.600586 0.085938 0.085938
0 0.948730 0.686035 0.084961 0.086914
0 0.870605 0.201660 0.110352 0.110352
0 0.874512 0.311035 0.110352 0.110352
0 0.872070 0.423340 0.097656 0.098633
0 0.874023 0.521973 0.097656 0.098633
0 0.782227 0.608887 0.060547 0.061523
0 0.781738 0.711914 0.073242 0.074219
0 0.784668 0.797852 0.084961 0.085938
0 0.775391 0.876953 0.085938 0.085938
0 0.649902 0.960449 0.061523 0.061523
0 0.403320 0.914062 0.085938 0.085938
0 0.776367 0.268066 0.109375 0.110352
0 0.783691 0.364746 0.110352 0.110352
0 0.781250 0.479980 0.109375 0.110352
0 0.685547 0.207031 0.085938 0.085938
0 0.680664 0.317871 0.109375 0.110352
0 0.683105 0.424316 0.110352 0.110352
0 0.682617 0.524414 0.109375 0.111328
0 0.670898 0.666504 0.097656 0.098633
0 0.586914 0.714355 0.097656 0.098633
0 0.601562 0.599609 0.085938 0.085938
0 0.587402 0.256348 0.084961 0.086914
0 0.593750 0.360352 0.097656 0.097656
0 0.586914 0.491699 0.097656 0.098633
0 0.485352 0.200195 0.085938 0.085938
0 0.486816 0.313477 0.084961 0.085938
0 0.494141 0.426758 0.097656 0.097656
0 0.498047 0.529785 0.109375 0.110352
0 0.508301 0.666992 0.084961 0.085938
0 0.499023 0.761230 0.097656 0.098633
0 0.485840 0.881836 0.084961 0.085938
0 0.408691 0.809082 0.110352 0.110352
0 0.400879 0.715332 0.110352 0.110352
0 0.403809 0.587891 0.110352 0.111328
0 0.406250 0.486328 0.109375 0.111328
0 0.404297 0.370605 0.097656 0.098633
1 0.404785 0.258789 0.073242 0.074219
0 0.307129 0.196289 0.084961 0.085938
0 0.304199 0.317383 0.084961 0.085938
0 0.306641 0.426270 0.109375 0.110352
0 0.309570 0.534668 0.097656 0.098633
0 0.315430 0.658203 0.085938 0.085938
0 0.310547 0.756836 0.109375 0.111328
0 0.311523 0.863770 0.097656 0.098633
0 0.229980 0.927246 0.084961 0.086914
0 0.219727 0.822266 0.085938 0.085938
0 0.220215 0.703125 0.084961 0.085938
0 0.229004 0.593750 0.084961 0.085938
0 0.231934 0.481445 0.084961 0.085938
0 0.232422 0.375488 0.097656 0.098633
0 0.217773 0.270508 0.085938 0.085938
0 0.124023 0.199707 0.097656 0.098633
0 0.119629 0.323730 0.110352 0.110352
0 0.120605 0.430176 0.110352 0.110352
0 0.124512 0.539551 0.096680 0.098633
0 0.125488 0.643555 0.084961 0.085938
0 0.118164 0.759277 0.097656 0.098633
0 0.115234 0.876465 0.109375 0.110352
1 0.409668 0.134766 0.073242 0.074219
0 0.311523 0.100586 0.085938 0.085938
0 0.875000 0.095215 0.097656 0.098633
0 0.689941 0.089355 0.110352 0.110352
0 0.783203 0.153320 0.085938 0.085938
0 0.594238 0.141602 0.084961 0.085938
0 0.124023 0.094238 0.097656 0.098633
0 0.228516 0.145020 0.097656 0.098633
0 0.865234 0.730957 0.097656 0.098633