0 0.935059 0.802246 0.073242 0.073242
0 0.083008 0.095703 0.097656 0.097656
0 0.084473 0.204102 0.084961 0.085938
0 0.071289 0.328613 0.097656 0.098633
0 0.178711 0.379395 0.109375 0.110352
0 0.185059 0.255859 0.110352 0.111328
0 0.178711 0.150391 0.097656 0.097656
0 0.279297 0.101074 0.097656 0.098633
0 0.279785 0.198730 0.110352 0.110352
0 0.276855 0.302734 0.110352 0.111328
0 0.375000 0.258789 0.097656 0.097656
0 0.364746 0.153320 0.084961 0.085938
0 0.461914 0.081543 0.097656 0.098633
0 0.465820 0.192383 0.097656 0.097656
0 0.462891 0.293945 0.085938 0.085938
0 0.367188 0.376953 0.097656 0.097656
0 0.559570 0.346191 0.097656 0.098633
0 0.554688 0.144043 0.097656 0.098633
0 0.655762 0.187500 0.110352 0.111328
0 0.648926 0.296387 0.110352 0.110352
0 0.747070 0.347656 0.097656 0.097656
0 0.750977 0.236816 0.097656 0.098633
0 0.750977 0.122559 0.097656 0.098633
0 0.837891 0.070801 0.109375 0.110352
0 0.833008 0.185059 0.097656 0.098633
0 0.837891 0.291504 0.097656 0.098633
0 0.928223 0.354492 0.084961 0.085938
0 0.933594 0.225586 0.085938 0.085938
0 0.933594 0.115234 0.085938 0.085938
0 0.834473 0.837891 0.084961 0.085938
0 0.081055 0.874023 0.085938 0.085938
0 0.176758 0.918457 0.097656 0.098633
0 0.172852 0.812012 0.097656 0.098633
0 0.269531 0.865723 0.109375 0.110352
0 0.364258 0.807129 0.097656 0.098633
0 0.369141 0.922852 0.097656 0.097656
0 0.460938 0.850098 0.097656 0.098633
0 0.549805 0.792969 0.097656 0.097656
0 0.555664 0.899902 0.097656 0.098633
0 0.643066 0.839844 0.110352 0.111328
0 0.741211 0.796875 0.097656 0.097656
0 0.732422 0.899902 0.109375 0.110352
0 0.833008 0.939941 0.109375 0.110352
0 0.931152 0.900391 0.084961 0.085938
0 0.928711 0.462402 0.097656 0.098633
0 0.930664 0.572754 0.097656 0.098633
0 0.929688 0.676758 0.085938 0.085938
0 0.832031 0.734863 0.109375 0.110352
0 0.834961 0.630371 0.097656 0.098633
0 0.834961 0.512695 0.085938 0.085938
0 0.833984 0.406250 0.085938 0.085938
0 0.743164 0.452637 0.097656 0.098633
0 0.740234 0.560059 0.097656 0.098633
0 0.746094 0.666016 0.097656 0.097656
0 0.653320 0.717773 0.109375 0.111328
0 0.651855 0.617188 0.110352 0.111328
0 0.645996 0.526855 0.110352 0.110352
0 0.651855 0.400879 0.110352 0.110352
0 0.561523 0.453125 0.097656 0.097656
0 0.561523 0.564453 0.097656 0.097656
0 0.554688 0.674805 0.085938 0.085938
0 0.462891 0.740723 0.097656 0.098633
0 0.458984 0.637695 0.085938 0.085938
0 0.466797 0.516602 0.097656 0.097656
0 0.458984 0.410156 0.097656 0.097656
0 0.370117 0.481445 0.097656 0.097656
0 0.364258 0.577637 0.097656 0.098633
0 0.362305 0.700684 0.097656 0.098633
0 0.275391 0.757324 0.109375 0.110352
0 0.269043 0.644043 0.110352 0.110352
0 0.281738 0.530762 0.110352 0.110352
0 0.272949 0.419434 0.110352 0.110352
0 0.186523 0.485840 0.097656 0.098633
0 0.171875 0.597168 0.109375 0.110352
0 0.173828 0.703125 0.085938 0.085938
0 0.073730 0.765625 0.084961 0.085938
0 0.081055 0.649902 0.097656 0.098633
0 0.086914 0.541504 0.097656 0.098633
0 0.083008 0.432617 0.085938 0.085938