0 0.550781 0.645020 0.109375 0.110352
0 0.078125 0.146973 0.109375 0.110352
0 0.173340 0.095215 0.110352 0.110352
0 0.167480 0.207520 0.110352 0.110352
0 0.264648 0.152832 0.097656 0.098633
0 0.266602 0.269043 0.097656 0.098633
0 0.359375 0.101562 0.097656 0.097656
0 0.364258 0.212402 0.097656 0.098633
0 0.455078 0.159180 0.109375 0.111328
0 0.451172 0.265137 0.109375 0.110352
0 0.549316 0.098145 0.110352 0.110352
0 0.550293 0.208984 0.110352 0.111328
0 0.644531 0.150879 0.109375 0.110352
0 0.740234 0.094238 0.097656 0.098633
0 0.741211 0.206543 0.109375 0.110352
0 0.835449 0.156738 0.110352 0.110352
0 0.837891 0.262207 0.109375 0.110352
0 0.935059 0.091797 0.084961 0.085938
0 0.936035 0.205078 0.084961 0.085938
0 0.938477 0.315918 0.097656 0.098633
0 0.941406 0.423828 0.085938 0.085938
0 0.930664 0.537109 0.097656 0.097656
0 0.934570 0.653320 0.097656 0.097656
0 0.836914 0.374512 0.109375 0.110352
0 0.838867 0.478516 0.109375 0.111328
0 0.840820 0.592773 0.109375 0.111328
0 0.835449 0.692383 0.110352 0.111328
0 0.739258 0.318848 0.109375 0.110352
0 0.740723 0.429688 0.110352 0.111328
0 0.737793 0.537109 0.110352 0.111328
0 0.742676 0.644043 0.110352 0.110352
0 0.641113 0.262695 0.110352 0.111328
0 0.643066 0.370117 0.110352 0.111328
0 0.646973 0.487793 0.110352 0.110352
0 0.651367 0.592285 0.109375 0.110352
0 0.553223 0.326172 0.110352 0.111328
0 0.551758 0.431152 0.097656 0.098633
0 0.548828 0.537598 0.109375 0.110352
0 0.456055 0.373535 0.097656 0.098633
0 0.451172 0.484863 0.109375 0.110352
0 0.455078 0.589355 0.109375 0.110352
0 0.458008 0.702637 0.048828 0.049805
0 0.549805 0.757324 0.048828 0.049805
0 0.644531 0.695312 0.048828 0.048828
0 0.356445 0.317871 0.109375 0.110352
0 0.361816 0.433105 0.110352 0.110352
0 0.361816 0.543457 0.110352 0.110352
0 0.364746 0.655762 0.110352 0.110352
0 0.363770 0.761719 0.084961 0.085938
0 0.266602 0.370605 0.097656 0.098633
0 0.262207 0.480957 0.110352 0.110352
0 0.267578 0.592285 0.097656 0.098633
0 0.172852 0.321777 0.109375 0.110352
0 0.169922 0.430176 0.109375 0.110352
0 0.174805 0.539551 0.109375 0.110352
0 0.173828 0.644043 0.109375 0.110352
0 0.175293 0.765625 0.073242 0.074219
0 0.082031 0.268066 0.109375 0.110352
0 0.081055 0.376465 0.097656 0.098633
0 0.082520 0.491699 0.110352 0.110352
0 0.076660 0.584473 0.110352 0.110352
0 0.078613 0.706055 0.110352 0.111328
0 0.072754 0.826660 0.110352 0.110352
0 0.076660 0.928223 0.110352 0.110352
0 0.172852 0.869629 0.085938 0.086914
0 0.259277 0.814941 0.073242 0.073242
0 0.364746 0.863770 0.110352 0.110352
0 0.455078 0.814941 0.109375 0.110352
0 0.551758 0.864258 0.109375 0.111328
0 0.654297 0.922852 0.085938 0.085938
0 0.647949 0.810547 0.084961 0.085938
0 0.744629 0.761719 0.084961 0.085938
0 0.741699 0.868164 0.084961 0.085938
0 0.838379 0.810059 0.073242 0.073242
0 0.841309 0.921875 0.084961 0.085938
0 0.926758 0.756348 0.097656 0.098633
0 0.932617 0.865723 0.097656 0.098633