0 0.248535 0.238281 0.073242 0.074219
1 0.900391 0.701172 0.097656 0.097656
0 0.894531 0.805176 0.097656 0.098633
0 0.896484 0.914551 0.097656 0.098633
0 0.805176 0.753418 0.110352 0.110352
0 0.804688 0.860840 0.097656 0.098633
0 0.709473 0.696777 0.110352 0.110352
0 0.711914 0.799805 0.109375 0.111328
0 0.708008 0.914551 0.097656 0.098633
0 0.615234 0.872559 0.109375 0.110352
0 0.536621 0.682617 0.110352 0.111328
0 0.528320 0.782715 0.109375 0.110352
0 0.528320 0.927246 0.109375 0.110352
0 0.418945 0.740723 0.109375 0.110352
0 0.330078 0.697754 0.097656 0.098633
0 0.264648 0.932129 0.048828 0.049805
0 0.329590 0.791504 0.110352 0.110352
0 0.055664 0.732422 0.085938 0.085938
0 0.057617 0.829102 0.097656 0.097656
0 0.901367 0.595215 0.109375 0.110352
0 0.793945 0.638184 0.109375 0.110352
0 0.807617 0.306641 0.097656 0.097656
0 0.902832 0.147949 0.110352 0.110352
0 0.904297 0.261230 0.109375 0.110352
0 0.804688 0.083984 0.097656 0.097656
0 0.812500 0.197266 0.109375 0.111328
1 0.716797 0.120605 0.097656 0.098633
0 0.712891 0.250488 0.109375 0.110352
0 0.712891 0.377930 0.097656 0.097656
0 0.709961 0.577148 0.109375 0.111328
0 0.625977 0.431152 0.097656 0.098633
0 0.622559 0.319336 0.110352 0.111328
0 0.623535 0.195801 0.110352 0.110352
0 0.620117 0.085449 0.109375 0.110352
0 0.538086 0.138184 0.097656 0.098633
0 0.541992 0.231934 0.097656 0.098633
0 0.538086 0.371582 0.109375 0.110352
0 0.541992 0.482910 0.109375 0.110352
0 0.527832 0.589844 0.110352 0.111328
0 0.426758 0.632812 0.109375 0.111328
0 0.428223 0.527344 0.110352 0.111328
0 0.428223 0.411133 0.084961 0.085938
0 0.433594 0.188965 0.097656 0.098633
0 0.436523 0.088867 0.109375 0.111328
0 0.066895 0.070312 0.084961 0.085938
0 0.136719 0.121094 0.085938 0.085938
0 0.060059 0.214844 0.084961 0.085938
0 0.146973 0.270508 0.084961 0.085938
0 0.251465 0.315430 0.084961 0.085938
0 0.150391 0.668945 0.085938 0.085938
0 0.057617 0.520508 0.097656 0.097656
0 0.061523 0.426758 0.097656 0.097656
0 0.250977 0.416504 0.097656 0.098633
0 0.145508 0.476074 0.097656 0.098633
0 0.147949 0.579102 0.084961 0.085938
0 0.061523 0.326172 0.085938 0.085938
0 0.143066 0.363281 0.084961 0.085938
0 0.348633 0.580566 0.097656 0.098633