0 0.645020 0.774414 0.073242 0.074219
0 0.088867 0.119629 0.109375 0.110352
0 0.082031 0.223145 0.109375 0.110352
0 0.082031 0.339355 0.109375 0.110352
0 0.079102 0.442871 0.109375 0.110352
0 0.176758 0.049805 0.097656 0.097656
0 0.173340 0.165527 0.110352 0.110352
0 0.179688 0.280762 0.109375 0.110352
0 0.174805 0.392090 0.097656 0.098633
0 0.180664 0.499512 0.109375 0.110352
0 0.272461 0.108398 0.097656 0.097656
0 0.269043 0.216309 0.110352 0.110352
0 0.271973 0.333496 0.110352 0.110352
0 0.270996 0.448242 0.084961 0.085938
0 0.361816 0.052734 0.073242 0.074219
0 0.358398 0.165039 0.097656 0.097656
0 0.363770 0.276367 0.084961 0.085938
0 0.362305 0.387207 0.097656 0.098633
0 0.456055 0.109375 0.085938 0.085938
0 0.454102 0.211914 0.097656 0.097656
0 0.455078 0.326172 0.085938 0.085938
0 0.458008 0.442383 0.085938 0.085938
0 0.557617 0.165527 0.097656 0.098633
0 0.560547 0.271484 0.097656 0.097656
0 0.559570 0.388672 0.097656 0.097656
0 0.646484 0.105957 0.097656 0.098633
0 0.645508 0.214355 0.097656 0.098633
0 0.646484 0.344238 0.097656 0.098633
0 0.746094 0.052246 0.097656 0.098633
0 0.739258 0.160645 0.097656 0.098633
0 0.738281 0.275391 0.085938 0.085938
0 0.741699 0.384766 0.084961 0.085938
0 0.835449 0.104492 0.084961 0.085938
0 0.835938 0.218262 0.097656 0.098633
0 0.837891 0.330078 0.085938 0.085938
0 0.833984 0.441406 0.085938 0.085938
0 0.648926 0.455078 0.084961 0.085938
0 0.834961 0.548828 0.085938 0.085938
0 0.831055 0.657227 0.097656 0.097656
0 0.834473 0.780273 0.084961 0.085938
0 0.835449 0.875000 0.084961 0.085938
0 0.738770 0.493164 0.084961 0.085938
0 0.738281 0.610352 0.097656 0.097656
0 0.740234 0.721680 0.097656 0.097656
0 0.744141 0.829102 0.085938 0.085938
0 0.738281 0.936523 0.085938 0.085938
1 0.645020 0.549805 0.084961 0.085938
0 0.645508 0.661133 0.097656 0.097656
0 0.650391 0.882324 0.097656 0.098633
0 0.555664 0.497070 0.085938 0.085938
0 0.552734 0.608887 0.097656 0.098633
0 0.553711 0.722168 0.097656 0.098633
0 0.550293 0.825195 0.084961 0.085938
0 0.551758 0.940918 0.097656 0.098633
0 0.460938 0.546387 0.097656 0.098633
0 0.458008 0.660645 0.097656 0.098633
0 0.457031 0.767090 0.097656 0.098633
0 0.456055 0.881348 0.097656 0.098633
0 0.359863 0.500000 0.084961 0.085938
0 0.362793 0.612305 0.084961 0.085938
0 0.359375 0.719238 0.097656 0.098633
0 0.364258 0.829590 0.097656 0.098633
0 0.360352 0.944336 0.085938 0.085938
0 0.271484 0.554199 0.097656 0.098633
0 0.269531 0.660645 0.097656 0.098633
0 0.267578 0.773926 0.097656 0.098633
0 0.269531 0.881348 0.097656 0.098633
0 0.173828 0.609863 0.109375 0.110352
0 0.175293 0.725098 0.110352 0.110352
0 0.179688 0.826660 0.097656 0.098633
0 0.168945 0.935547 0.097656 0.097656
1 0.073730 0.562012 0.110352 0.110352
0 0.075684 0.660645 0.110352 0.110352
0 0.072754 0.775879 0.110352 0.110352
0 0.075684 0.893555 0.110352 0.111328