0 0.395020 0.064453 0.073242 0.074219
0 0.950195 0.735352 0.097656 0.097656
0 0.864258 0.571289 0.097656 0.097656
0 0.854492 0.692383 0.097656 0.097656
0 0.862305 0.788574 0.097656 0.098633
0 0.855469 0.900391 0.097656 0.097656
1 0.476562 0.803711 0.085938 0.085938
0 0.758789 0.443359 0.085938 0.085938
0 0.761230 0.633789 0.084961 0.085938
0 0.669922 0.357910 0.109375 0.110352
0 0.668457 0.465820 0.084961 0.085938
0 0.667969 0.794922 0.085938 0.085938
0 0.665527 0.898926 0.110352 0.110352
0 0.766602 0.845703 0.097656 0.097656
0 0.759766 0.733887 0.085938 0.086914
0 0.575195 0.411133 0.085938 0.085938
0 0.575195 0.519043 0.097656 0.098633
0 0.571289 0.608887 0.097656 0.098633
0 0.572266 0.843262 0.097656 0.098633
0 0.485352 0.344727 0.097656 0.097656
0 0.480469 0.470703 0.097656 0.097656
0 0.478516 0.565918 0.097656 0.098633
0 0.479492 0.672363 0.097656 0.098633
0 0.472656 0.903809 0.097656 0.098633
0 0.387695 0.721680 0.085938 0.085938
0 0.391602 0.616211 0.085938 0.085938
0 0.389160 0.510742 0.084961 0.085938
0 0.389160 0.408203 0.084961 0.085938
0 0.296387 0.348145 0.110352 0.110352
0 0.292480 0.464355 0.110352 0.110352
0 0.285645 0.577637 0.110352 0.110352
0 0.284180 0.690430 0.109375 0.111328
0 0.288086 0.791992 0.109375 0.111328
0 0.192383 0.847656 0.109375 0.111328
0 0.200195 0.738770 0.109375 0.110352
0 0.200195 0.614746 0.109375 0.110352
0 0.200684 0.522461 0.110352 0.111328
0 0.207031 0.395020 0.109375 0.110352
0 0.097168 0.352051 0.110352 0.110352
0 0.094727 0.454590 0.109375 0.110352
0 0.102539 0.571777 0.097656 0.098633
0 0.102539 0.681152 0.097656 0.098633
0 0.104492 0.787598 0.097656 0.098633
0 0.104492 0.871094 0.097656 0.097656
0 0.863770 0.129883 0.084961 0.085938
0 0.869141 0.247070 0.085938 0.085938
0 0.869141 0.350098 0.097656 0.098633
0 0.765625 0.076660 0.097656 0.098633
0 0.767090 0.183594 0.084961 0.085938
0 0.763184 0.296875 0.084961 0.085938
0 0.667480 0.136230 0.110352 0.110352
0 0.673828 0.246582 0.109375 0.110352
0 0.585938 0.298828 0.109375 0.111328
0 0.577148 0.180176 0.109375 0.110352
0 0.573242 0.073730 0.109375 0.110352
0 0.489258 0.132324 0.109375 0.110352
0 0.478516 0.250488 0.109375 0.110352
0 0.392090 0.298828 0.084961 0.085938
0 0.392090 0.177734 0.084961 0.085938
0 0.289062 0.124512 0.109375 0.110352
0 0.293945 0.231934 0.109375 0.110352
0 0.198242 0.285645 0.109375 0.110352
0 0.197266 0.196777 0.109375 0.110352
0 0.199707 0.091309 0.110352 0.110352
0 0.108398 0.134277 0.097656 0.098633
0 0.106445 0.242676 0.109375 0.110352