0 0.872559 0.583008 0.073242 0.074219
0 0.780762 0.663574 0.073242 0.073242
0 0.592285 0.744141 0.084961 0.085938
0 0.587402 0.639648 0.084961 0.085938
0 0.587402 0.521484 0.084961 0.085938
0 0.505859 0.478516 0.085938 0.085938
0 0.398926 0.530273 0.084961 0.085938
0 0.402344 0.621582 0.085938 0.086914
0 0.499512 0.580078 0.084961 0.085938
0 0.495605 0.677734 0.084961 0.085938
0 0.775879 0.549316 0.061523 0.061523
0 0.118164 0.697754 0.097656 0.098633
0 0.115723 0.582520 0.110352 0.110352
0 0.121094 0.475586 0.109375 0.111328
0 0.125000 0.364746 0.097656 0.098633
0 0.125000 0.262207 0.109375 0.110352
0 0.121094 0.145508 0.085938 0.085938
0 0.216797 0.093262 0.097656 0.098633
0 0.215820 0.205078 0.097656 0.097656
0 0.213867 0.312012 0.097656 0.098633
0 0.221680 0.425293 0.109375 0.110352
0 0.208984 0.536621 0.097656 0.098633
0 0.212891 0.648926 0.097656 0.098633
0 0.213867 0.754395 0.097656 0.098633
0 0.319336 0.694336 0.097656 0.097656
0 0.319824 0.591797 0.084961 0.085938
0 0.309570 0.474609 0.109375 0.111328
0 0.309570 0.384766 0.109375 0.111328
1 0.308594 0.163574 0.097656 0.098633
0 0.309570 0.259766 0.097656 0.097656
0 0.407227 0.098633 0.097656 0.097656
0 0.411133 0.206543 0.097656 0.098633
0 0.406250 0.319824 0.097656 0.098633
0 0.404297 0.409668 0.097656 0.098633
0 0.403320 0.756836 0.097656 0.097656
0 0.496094 0.143066 0.109375 0.110352
0 0.503906 0.253418 0.109375 0.110352
0 0.500000 0.361816 0.097656 0.098633
0 0.598145 0.098633 0.084961 0.085938
0 0.590332 0.202637 0.110352 0.110352
0 0.599121 0.310547 0.084961 0.085938
0 0.599609 0.387695 0.097656 0.097656
0 0.687500 0.060059 0.097656 0.098633
0 0.688477 0.151367 0.085938 0.085938
0 0.696289 0.269531 0.085938 0.085938
0 0.696289 0.365723 0.097656 0.098633
0 0.688477 0.484375 0.085938 0.085938
0 0.683105 0.587891 0.084961 0.085938
0 0.685547 0.717773 0.085938 0.085938
0 0.794434 0.105469 0.084961 0.085938
0 0.790527 0.207031 0.110352 0.111328
0 0.789062 0.313965 0.109375 0.110352
0 0.788086 0.413574 0.109375 0.110352
0 0.888672 0.475098 0.109375 0.110352
0 0.894043 0.368652 0.110352 0.110352
0 0.892578 0.265625 0.109375 0.111328
0 0.891602 0.147461 0.097656 0.097656
0 0.877441 0.925781 0.084961 0.085938
0 0.880371 0.817383 0.110352 0.111328
0 0.789062 0.866211 0.097656 0.097656
0 0.500488 0.811523 0.084961 0.085938
0 0.487793 0.919434 0.110352 0.110352
0 0.392578 0.857910 0.109375 0.110352
0 0.318359 0.793457 0.085938 0.086914
0 0.319336 0.892090 0.097656 0.098633
0 0.206055 0.873535 0.097656 0.098633
0 0.112305 0.807129 0.097656 0.098633
0 0.111328 0.914551 0.109375 0.110352