0 0.320312 0.136230 0.097656 0.098633
0 0.414062 0.192871 0.109375 0.110352
0 0.131348 0.137695 0.110352 0.111328
0 0.133301 0.220703 0.073242 0.074219
0 0.123047 0.360352 0.097656 0.097656
0 0.222656 0.187500 0.097656 0.097656
0 0.219727 0.296875 0.097656 0.097656
0 0.321289 0.249512 0.109375 0.110352
0 0.318848 0.353516 0.110352 0.111328
0 0.412109 0.298340 0.097656 0.098633
0 0.414062 0.409180 0.097656 0.097656
0 0.413086 0.524414 0.085938 0.085938
0 0.413574 0.629395 0.061523 0.061523
0 0.414062 0.743652 0.097656 0.098633
1 0.412598 0.850098 0.110352 0.110352
0 0.505859 0.682617 0.085938 0.085938
0 0.520996 0.799805 0.084961 0.085938
0 0.317383 0.467773 0.097656 0.097656
0 0.316895 0.575195 0.084961 0.085938
0 0.317871 0.694824 0.110352 0.110352
0 0.318359 0.800293 0.109375 0.110352
0 0.219238 0.391602 0.110352 0.111328
0 0.229492 0.512207 0.097656 0.098633
0 0.219727 0.632324 0.060547 0.061523
0 0.221680 0.730957 0.109375 0.110352
0 0.219727 0.850098 0.109375 0.110352
0 0.129883 0.462402 0.097656 0.098633
0 0.133789 0.578613 0.097656 0.098633
0 0.125977 0.684082 0.097656 0.098633
0 0.125977 0.792480 0.097656 0.098633
0 0.129883 0.902832 0.109375 0.110352
0 0.317383 0.904785 0.097656 0.098633
0 0.516602 0.907227 0.085938 0.085938
0 0.602539 0.742188 0.097656 0.097656
0 0.615234 0.849609 0.097656 0.097656
0 0.707520 0.795898 0.110352 0.111328
0 0.711426 0.905273 0.110352 0.111328
0 0.701660 0.685547 0.084961 0.085938
0 0.801758 0.742676 0.097656 0.098633
0 0.801758 0.848633 0.097656 0.097656
0 0.897461 0.694824 0.109375 0.110352
0 0.900391 0.800293 0.097656 0.098633
0 0.902344 0.903809 0.097656 0.098633