0 0.322754 0.375977 0.073242 0.074219
0 0.410645 0.316406 0.073242 0.074219
0 0.134277 0.880371 0.073242 0.073242
0 0.713379 0.764160 0.073242 0.073242
0 0.618652 0.721680 0.073242 0.074219
0 0.889160 0.155273 0.084961 0.085938
0 0.893555 0.257324 0.097656 0.098633
0 0.895508 0.380371 0.097656 0.098633
0 0.895508 0.489746 0.097656 0.098633
0 0.795410 0.096191 0.110352 0.110352
0 0.803711 0.208496 0.097656 0.098633
0 0.797852 0.313965 0.097656 0.098633
0 0.798828 0.433105 0.097656 0.098633
0 0.803223 0.535156 0.073242 0.074219
0 0.706055 0.150879 0.109375 0.110352
0 0.707031 0.264160 0.097656 0.098633
0 0.706055 0.378418 0.097656 0.098633
0 0.706055 0.483398 0.085938 0.085938
0 0.606445 0.101074 0.109375 0.110352
0 0.607422 0.207520 0.097656 0.098633
0 0.606445 0.320801 0.097656 0.098633
0 0.612793 0.424805 0.084961 0.085938
0 0.609375 0.532227 0.097656 0.097656
0 0.512695 0.152832 0.097656 0.098633
0 0.509277 0.259766 0.084961 0.085938
0 0.511230 0.369141 0.084961 0.085938
0 0.517578 0.483398 0.097656 0.097656
0 0.410645 0.093750 0.084961 0.085938
0 0.416504 0.209961 0.084961 0.085938
0 0.417480 0.422852 0.073242 0.074219
0 0.413086 0.526855 0.060547 0.061523
0 0.322266 0.148438 0.097656 0.097656
0 0.329102 0.259766 0.085938 0.085938
0 0.139160 0.151367 0.084961 0.085938
0 0.130371 0.254883 0.084961 0.085938
0 0.236328 0.103027 0.109375 0.110352
0 0.234375 0.201172 0.085938 0.085938
0 0.234375 0.301758 0.097656 0.097656
1 0.323730 0.462891 0.073242 0.074219
0 0.230469 0.416992 0.097656 0.097656
0 0.224121 0.510742 0.073242 0.074219
0 0.136230 0.371094 0.084961 0.085938
0 0.136230 0.470215 0.073242 0.073242
0 0.039551 0.944824 0.073242 0.073242
0 0.128418 0.760742 0.122070 0.123047
0 0.230469 0.713379 0.097656 0.098633
0 0.232910 0.820312 0.122070 0.123047
0 0.235352 0.933105 0.109375 0.110352
0 0.326660 0.685547 0.084961 0.085938
0 0.327148 0.768555 0.097656 0.097656
0 0.325684 0.888672 0.122070 0.123047
0 0.418457 0.710938 0.084961 0.085938
0 0.420410 0.823242 0.122070 0.123047
0 0.512695 0.774414 0.097656 0.097656
0 0.520996 0.880859 0.122070 0.123047
0 0.608398 0.816895 0.109375 0.110352
0 0.613281 0.929688 0.109375 0.111328
0 0.708496 0.874512 0.110352 0.110352
0 0.806152 0.713379 0.061523 0.061523
0 0.804688 0.819824 0.097656 0.098633
0 0.803711 0.932129 0.097656 0.098633
0 0.904297 0.762207 0.097656 0.098633
0 0.898438 0.880371 0.097656 0.098633