0 0.876953 0.189453 0.085938 0.085938
0 0.866211 0.284180 0.109375 0.111328
0 0.863770 0.383301 0.110352 0.110352
0 0.876465 0.497559 0.110352 0.110352
0 0.772949 0.445801 0.110352 0.110352
0 0.773438 0.360840 0.097656 0.098633
0 0.777344 0.250488 0.097656 0.098633
0 0.781250 0.140137 0.109375 0.110352
0 0.680664 0.088867 0.109375 0.111328
0 0.680176 0.192871 0.110352 0.110352
0 0.680176 0.309082 0.110352 0.110352
0 0.672363 0.420410 0.110352 0.110352
0 0.865723 0.861816 0.110352 0.110352
0 0.871094 0.747559 0.109375 0.110352
0 0.864258 0.673340 0.097656 0.098633
0 0.772949 0.708496 0.110352 0.110352
0 0.774414 0.804199 0.097656 0.098633
0 0.775391 0.894043 0.109375 0.110352
0 0.671875 0.857910 0.109375 0.110352
0 0.574707 0.905762 0.110352 0.110352
0 0.479492 0.863770 0.109375 0.110352
0 0.372070 0.906738 0.109375 0.110352
0 0.385742 0.575195 0.097656 0.097656
0 0.585938 0.137207 0.109375 0.110352
0 0.579590 0.251465 0.110352 0.110352
0 0.582031 0.361816 0.097656 0.098633
0 0.579590 0.475098 0.073242 0.073242
0 0.486328 0.178711 0.085938 0.085938
0 0.481445 0.295410 0.097656 0.098633
0 0.480957 0.416504 0.110352 0.110352
0 0.482422 0.529785 0.109375 0.110352
0 0.385742 0.133789 0.085938 0.085938
0 0.389648 0.253906 0.097656 0.097656
0 0.382812 0.352539 0.097656 0.097656
0 0.390625 0.465820 0.109375 0.111328
0 0.293945 0.183594 0.109375 0.111328
0 0.294922 0.293945 0.109375 0.111328
1 0.294922 0.389160 0.097656 0.098633
0 0.291016 0.519043 0.109375 0.110352
0 0.291016 0.646484 0.097656 0.097656
0 0.288086 0.845703 0.109375 0.111328
0 0.204102 0.699707 0.097656 0.098633
0 0.200684 0.587891 0.110352 0.111328
0 0.201660 0.464355 0.110352 0.110352
0 0.198242 0.354004 0.109375 0.110352
0 0.202148 0.241699 0.109375 0.110352
0 0.191895 0.145996 0.110352 0.110352
0 0.113281 0.301758 0.097656 0.097656
0 0.116211 0.406738 0.097656 0.098633
0 0.120117 0.500488 0.097656 0.098633
0 0.116211 0.640137 0.109375 0.110352
0 0.120117 0.751465 0.109375 0.110352
0 0.105957 0.858398 0.110352 0.111328
0 0.879395 0.082031 0.084961 0.085938
0 0.489258 0.078125 0.085938 0.085938
0 0.301758 0.083008 0.109375 0.111328
0 0.116211 0.083984 0.097656 0.097656