0 0.155273 0.072266 0.097656 0.097656
0 0.147461 0.183105 0.097656 0.098633
0 0.151367 0.290527 0.109375 0.110352
0 0.151855 0.408691 0.110352 0.110352
0 0.146973 0.524902 0.110352 0.110352
0 0.243652 0.134766 0.110352 0.111328
0 0.242188 0.238770 0.109375 0.110352
0 0.242188 0.350098 0.097656 0.098633
0 0.239258 0.464355 0.109375 0.110352
0 0.341309 0.082031 0.110352 0.111328
0 0.336914 0.191406 0.097656 0.097656
0 0.336914 0.302734 0.097656 0.097656
0 0.335449 0.410156 0.084961 0.085938
0 0.335938 0.523438 0.085938 0.085938
0 0.431641 0.138672 0.097656 0.097656
0 0.436035 0.248047 0.110352 0.111328
0 0.428223 0.358398 0.110352 0.111328
0 0.434082 0.464355 0.110352 0.110352
0 0.528320 0.079102 0.085938 0.085938
0 0.525391 0.190430 0.085938 0.085938
0 0.531250 0.291992 0.109375 0.111328
0 0.528320 0.401367 0.109375 0.111328
0 0.523926 0.524902 0.110352 0.110352
0 0.621582 0.139160 0.110352 0.110352
0 0.629883 0.242676 0.109375 0.110352
0 0.624023 0.353027 0.109375 0.110352
0 0.623047 0.467773 0.109375 0.111328
0 0.722168 0.073730 0.110352 0.110352
0 0.720215 0.188965 0.110352 0.110352
0 0.714844 0.297363 0.097656 0.098633
0 0.717285 0.407227 0.084961 0.085938
0 0.717773 0.520508 0.097656 0.097656
0 0.818359 0.132324 0.109375 0.110352
0 0.808594 0.244629 0.097656 0.098633
0 0.813965 0.356934 0.110352 0.110352
0 0.806152 0.463379 0.110352 0.110352
0 0.905273 0.092285 0.109375 0.110352
0 0.906250 0.200684 0.109375 0.110352
0 0.906250 0.303223 0.097656 0.098633
0 0.911133 0.419434 0.109375 0.110352
0 0.908691 0.529785 0.110352 0.110352
0 0.899902 0.626465 0.110352 0.110352
0 0.903320 0.738281 0.097656 0.097656
0 0.904785 0.848633 0.110352 0.111328
0 0.811035 0.579590 0.110352 0.110352
0 0.812988 0.696289 0.110352 0.111328
0 0.803711 0.805664 0.097656 0.097656
0 0.813477 0.923340 0.109375 0.110352
0 0.714844 0.632812 0.109375 0.111328
0 0.713867 0.752441 0.060547 0.061523
0 0.709961 0.858887 0.109375 0.110352
0 0.620117 0.577148 0.109375 0.111328
0 0.623047 0.687012 0.109375 0.110352
0 0.614746 0.795410 0.110352 0.110352
0 0.618652 0.915527 0.110352 0.110352
0 0.525879 0.633301 0.110352 0.110352
0 0.521973 0.732910 0.061523 0.061523
0 0.522949 0.854004 0.110352 0.110352
0 0.432129 0.582520 0.061523 0.061523
0 0.427246 0.690918 0.061523 0.061523
0 0.428711 0.801270 0.109375 0.110352
0 0.427734 0.920410 0.109375 0.110352
0 0.338867 0.632324 0.109375 0.110352
0 0.333008 0.757812 0.085938 0.085938
0 0.333008 0.857910 0.109375 0.110352
0 0.241211 0.574707 0.109375 0.110352
0 0.237793 0.687012 0.110352 0.110352
0 0.241699 0.797363 0.110352 0.110352
0 0.242676 0.909668 0.110352 0.110352
0 0.145020 0.626465 0.110352 0.110352
0 0.146973 0.743652 0.110352 0.110352
0 0.147461 0.843262 0.109375 0.110352
0 0.055664 0.679199 0.109375 0.110352