1 0.942871 0.814453 0.073242 0.074219
1 0.941406 0.934082 0.060547 0.061523
0 0.846680 0.902832 0.097656 0.098633
0 0.743164 0.817871 0.097656 0.098633
0 0.750000 0.931152 0.097656 0.098633
0 0.658203 0.872559 0.097656 0.098633
0 0.558594 0.928223 0.109375 0.110352
0 0.468262 0.873535 0.110352 0.110352
0 0.380371 0.929688 0.084961 0.085938
0 0.284668 0.875977 0.084961 0.085938
0 0.181152 0.925293 0.110352 0.110352
1 0.083984 0.879883 0.097656 0.097656
1 0.658691 0.641113 0.061523 0.061523
0 0.751465 0.710938 0.084961 0.085938
0 0.848633 0.669922 0.085938 0.085938
0 0.848633 0.759766 0.085938 0.085938
0 0.944336 0.701172 0.085938 0.085938
0 0.952148 0.614258 0.085938 0.085938
0 0.947266 0.365234 0.085938 0.085938
0 0.951172 0.259766 0.085938 0.085938
0 0.948730 0.154297 0.084961 0.085938
0 0.948730 0.051758 0.084961 0.085938
0 0.852051 0.107910 0.110352 0.110352
0 0.845215 0.221191 0.110352 0.110352
0 0.843750 0.333984 0.109375 0.111328
0 0.847656 0.435547 0.109375 0.111328
0 0.751953 0.491211 0.109375 0.111328
0 0.759766 0.382324 0.109375 0.110352
0 0.759766 0.258301 0.109375 0.110352
0 0.760254 0.166016 0.110352 0.111328
0 0.654297 0.098145 0.109375 0.110352
0 0.662109 0.215332 0.097656 0.098633
0 0.662109 0.324707 0.097656 0.098633
0 0.664062 0.431152 0.097656 0.098633
0 0.664062 0.514648 0.097656 0.097656
0 0.561523 0.469238 0.097656 0.098633
0 0.571289 0.184082 0.109375 0.110352
0 0.563477 0.265625 0.085938 0.085938
0 0.571289 0.367676 0.109375 0.110352
0 0.482422 0.099609 0.085938 0.085938
0 0.471680 0.194336 0.109375 0.111328
0 0.469238 0.293457 0.110352 0.110352
0 0.481934 0.407715 0.110352 0.110352
0 0.378418 0.355957 0.110352 0.110352
0 0.378906 0.270996 0.097656 0.098633
0 0.382812 0.160645 0.097656 0.098633
0 0.285645 0.103027 0.110352 0.110352
0 0.285645 0.219238 0.110352 0.110352
0 0.277832 0.330566 0.110352 0.110352
0 0.657227 0.759277 0.109375 0.110352
0 0.562988 0.821777 0.110352 0.110352
0 0.471191 0.771973 0.110352 0.110352
0 0.568359 0.694336 0.085938 0.085938
0 0.476562 0.657715 0.109375 0.110352
0 0.469727 0.583496 0.097656 0.098633
0 0.378418 0.618652 0.110352 0.110352
0 0.379883 0.714355 0.097656 0.098633
0 0.380859 0.804199 0.109375 0.110352
0 0.277344 0.768066 0.109375 0.110352
0 0.180176 0.815918 0.110352 0.110352
0 0.084961 0.773926 0.109375 0.110352
0 0.185059 0.161621 0.110352 0.110352
0 0.187500 0.271973 0.097656 0.098633
0 0.185059 0.385254 0.073242 0.073242
0 0.091797 0.088867 0.085938 0.085938
0 0.086914 0.205566 0.097656 0.098633
0 0.086426 0.326660 0.110352 0.110352
0 0.087891 0.439941 0.109375 0.110352