0 0.409668 0.144043 0.073242 0.073242
0 0.329590 0.633789 0.084961 0.085938
0 0.335449 0.530273 0.084961 0.085938
0 0.246582 0.574219 0.084961 0.085938
0 0.138184 0.530762 0.073242 0.073242
0 0.140137 0.405762 0.073242 0.073242
0 0.132324 0.308594 0.073242 0.074219
0 0.618164 0.047363 0.060547 0.061523
0 0.884277 0.089844 0.073242 0.074219
0 0.880371 0.654785 0.073242 0.073242
0 0.716309 0.863281 0.073242 0.074219
0 0.051758 0.574707 0.085938 0.086914
0 0.127441 0.191406 0.073242 0.074219
0 0.243652 0.150391 0.110352 0.111328
0 0.249512 0.254883 0.110352 0.111328
0 0.244629 0.360352 0.073242 0.074219
0 0.242676 0.471680 0.073242 0.074219
0 0.333984 0.083496 0.097656 0.098633
0 0.333984 0.200195 0.097656 0.097656
0 0.334473 0.314453 0.073242 0.074219
0 0.329590 0.416016 0.073242 0.074219
0 0.434082 0.249023 0.073242 0.074219
0 0.428711 0.363281 0.097656 0.097656
0 0.431641 0.474609 0.097656 0.097656
0 0.520020 0.082520 0.084961 0.086914
0 0.523926 0.195801 0.110352 0.110352
0 0.528809 0.312012 0.110352 0.110352
0 0.522949 0.418457 0.110352 0.110352
0 0.522461 0.534180 0.109375 0.111328
0 0.625488 0.139160 0.122070 0.122070
0 0.627930 0.254395 0.097656 0.098633
0 0.618164 0.366699 0.097656 0.098633
0 0.618164 0.484863 0.097656 0.098633
0 0.708984 0.095703 0.085938 0.085938
0 0.713867 0.201660 0.097656 0.098633
0 0.706055 0.314941 0.097656 0.098633
0 0.709961 0.422852 0.085938 0.085938
0 0.719727 0.532715 0.097656 0.098633
0 0.621094 0.592773 0.097656 0.097656
0 0.797363 0.148438 0.084961 0.085938
0 0.799316 0.270508 0.084961 0.085938
0 0.803711 0.369629 0.085938 0.086914
0 0.803711 0.478516 0.085938 0.085938
0 0.802734 0.595703 0.085938 0.085938
0 0.885254 0.213867 0.084961 0.085938
0 0.883301 0.324219 0.084961 0.085938
0 0.883301 0.423828 0.084961 0.085938
0 0.877441 0.539062 0.084961 0.085938
0 0.900879 0.957031 0.073242 0.074219
0 0.873047 0.738770 0.048828 0.049805
0 0.800781 0.698242 0.085938 0.085938
0 0.791016 0.805176 0.097656 0.098633
0 0.796387 0.926758 0.084961 0.085938
0 0.714844 0.650879 0.097656 0.098633
0 0.712402 0.762695 0.084961 0.085938
0 0.620117 0.698730 0.109375 0.110352
0 0.618164 0.809570 0.097656 0.097656
0 0.615234 0.922852 0.109375 0.111328
0 0.519531 0.642578 0.097656 0.097656
0 0.525391 0.757812 0.109375 0.111328
0 0.523926 0.866211 0.110352 0.111328
0 0.427734 0.590820 0.109375 0.111328
0 0.426270 0.701172 0.110352 0.111328
0 0.425293 0.810059 0.110352 0.110352
0 0.423340 0.922363 0.110352 0.110352
0 0.333496 0.734375 0.084961 0.085938
0 0.328613 0.851562 0.084961 0.085938
0 0.237793 0.700684 0.073242 0.073242
0 0.237305 0.806152 0.109375 0.110352
0 0.239258 0.920410 0.109375 0.110352
0 0.145508 0.644531 0.085938 0.085938
0 0.140625 0.760254 0.109375 0.110352
0 0.142090 0.864746 0.110352 0.110352
0 0.047363 0.924805 0.084961 0.085938