0 0.573242 0.360840 0.097656 0.098633
0 0.666992 0.417480 0.109375 0.110352
0 0.475586 0.090332 0.097656 0.098633
0 0.095703 0.080078 0.109375 0.111328
0 0.099609 0.192383 0.109375 0.111328
0 0.097656 0.302246 0.097656 0.098633
0 0.104980 0.414551 0.110352 0.110352
0 0.097168 0.521973 0.110352 0.110352
0 0.192383 0.145508 0.109375 0.111328
0 0.189453 0.250977 0.109375 0.111328
0 0.191406 0.357422 0.097656 0.097656
0 0.190430 0.466309 0.109375 0.110352
0 0.190430 0.586426 0.097656 0.098633
0 0.288086 0.094238 0.097656 0.098633
0 0.282715 0.192383 0.110352 0.111328
0 0.287109 0.302734 0.109375 0.111328
0 0.284180 0.415039 0.109375 0.111328
0 0.286133 0.529785 0.109375 0.110352
0 0.384277 0.362305 0.110352 0.111328
0 0.386230 0.445312 0.073242 0.074219
0 0.375977 0.584961 0.097656 0.097656
0 0.475586 0.196777 0.109375 0.110352
0 0.475586 0.412109 0.097656 0.097656
0 0.472656 0.521484 0.097656 0.097656
0 0.564941 0.146973 0.110352 0.110352
0 0.569336 0.248535 0.109375 0.110352
0 0.574219 0.474121 0.109375 0.110352
0 0.571777 0.578125 0.110352 0.111328
0 0.660645 0.086914 0.084961 0.085938
0 0.694824 0.125977 0.084961 0.085938
0 0.664551 0.207520 0.110352 0.110352
0 0.665039 0.522949 0.097656 0.098633
0 0.666992 0.633789 0.097656 0.097656
0 0.666016 0.749023 0.085938 0.085938
0 0.666504 0.854004 0.061523 0.061523
0 0.758789 0.907227 0.085938 0.085938
0 0.570312 0.692383 0.097656 0.097656
0 0.569824 0.799805 0.084961 0.085938
0 0.570801 0.919434 0.110352 0.110352
0 0.472168 0.616211 0.110352 0.111328
0 0.482422 0.736816 0.097656 0.098633
0 0.472656 0.856934 0.060547 0.061523
0 0.382812 0.687012 0.097656 0.098633
0 0.386719 0.803223 0.097656 0.098633
0 0.378906 0.908691 0.097656 0.098633
0 0.285156 0.633301 0.097656 0.098633
0 0.286133 0.742676 0.097656 0.098633
0 0.286621 0.858887 0.073242 0.073242
0 0.195801 0.692871 0.110352 0.110352
0 0.188477 0.790527 0.097656 0.098633
0 0.185547 0.920410 0.097656 0.098633
0 0.099121 0.640137 0.110352 0.110352
0 0.100586 0.748535 0.109375 0.110352
0 0.100586 0.865723 0.097656 0.098633
0 0.954590 0.910156 0.084961 0.085938