0 0.856934 0.633789 0.073242 0.074219
0 0.858887 0.719727 0.073242 0.074219
0 0.778809 0.687012 0.073242 0.073242
0 0.776855 0.784668 0.073242 0.073242
0 0.842285 0.818848 0.061523 0.061523
0 0.595703 0.772461 0.085938 0.085938
0 0.877930 0.065430 0.085938 0.085938
0 0.873047 0.176270 0.109375 0.110352
0 0.875488 0.282715 0.110352 0.110352
0 0.875000 0.382812 0.109375 0.111328
0 0.863281 0.524902 0.097656 0.098633
0 0.779297 0.572754 0.097656 0.098633
0 0.793945 0.458008 0.085938 0.085938
0 0.779785 0.114746 0.084961 0.086914
0 0.786133 0.218750 0.097656 0.097656
0 0.779297 0.350098 0.097656 0.098633
0 0.677734 0.058594 0.085938 0.085938
0 0.679199 0.171875 0.084961 0.085938
0 0.686523 0.285156 0.097656 0.097656
0 0.690430 0.388184 0.109375 0.110352
0 0.700684 0.525391 0.084961 0.085938
0 0.691406 0.619629 0.097656 0.098633
0 0.678223 0.740234 0.084961 0.085938
0 0.601074 0.667480 0.110352 0.110352
0 0.593262 0.573730 0.110352 0.110352
0 0.596191 0.446289 0.110352 0.111328
0 0.598633 0.344727 0.109375 0.111328
0 0.596680 0.229004 0.097656 0.098633
1 0.597168 0.117188 0.073242 0.074219
0 0.499512 0.054688 0.084961 0.085938
0 0.496582 0.175781 0.084961 0.085938
0 0.499023 0.284668 0.109375 0.110352
0 0.501953 0.393066 0.097656 0.098633
0 0.507812 0.516602 0.085938 0.085938
0 0.502930 0.615234 0.109375 0.111328
0 0.503906 0.722168 0.097656 0.098633
0 0.498535 0.830078 0.084961 0.085938
0 0.422363 0.785645 0.084961 0.086914
0 0.412109 0.680664 0.085938 0.085938
0 0.412598 0.561523 0.084961 0.085938
0 0.421387 0.452148 0.084961 0.085938
0 0.424316 0.339844 0.084961 0.085938
0 0.424805 0.233887 0.097656 0.098633
0 0.410156 0.128906 0.085938 0.085938
0 0.316406 0.058105 0.097656 0.098633
0 0.312012 0.182129 0.110352 0.110352
0 0.312988 0.288574 0.110352 0.110352
0 0.316895 0.397949 0.096680 0.098633
0 0.317871 0.501953 0.084961 0.085938
0 0.310547 0.617676 0.097656 0.098633
0 0.307617 0.734863 0.109375 0.110352
0 0.319336 0.838867 0.097656 0.097656
0 0.225098 0.559082 0.084961 0.086914
0 0.126465 0.620117 0.084961 0.085938
0 0.225586 0.127441 0.109375 0.110352
0 0.225586 0.233887 0.097656 0.098633
0 0.225098 0.344238 0.110352 0.110352
0 0.222656 0.457520 0.109375 0.110352
0 0.216797 0.656738 0.097656 0.098633
0 0.222168 0.775391 0.084961 0.085938
0 0.132812 0.821289 0.085938 0.085938
0 0.127930 0.721680 0.097656 0.097656
0 0.050781 0.236328 0.097656 0.097656
0 0.126465 0.174316 0.110352 0.110352
0 0.127930 0.296387 0.109375 0.110352
0 0.127930 0.411621 0.109375 0.110352
0 0.123047 0.507324 0.109375 0.110352
0 0.128418 0.068359 0.084961 0.085938