1 0.607910 0.293945 0.073242 0.074219
1 0.606445 0.413574 0.060547 0.061523
0 0.892090 0.350098 0.110352 0.110352
0 0.889160 0.465820 0.110352 0.111328
0 0.888672 0.576660 0.097656 0.098633
0 0.889160 0.679199 0.110352 0.110352
0 0.887695 0.797363 0.109375 0.110352
0 0.884766 0.905762 0.109375 0.110352
0 0.791016 0.300293 0.097656 0.098633
0 0.796387 0.416504 0.110352 0.110352
0 0.803711 0.518066 0.097656 0.098633
0 0.793457 0.636230 0.084961 0.086914
0 0.797363 0.748047 0.084961 0.085938
0 0.792969 0.849609 0.085938 0.085938
0 0.700684 0.352539 0.110352 0.111328
0 0.707031 0.460449 0.097656 0.098633
0 0.698730 0.701172 0.084961 0.085938
0 0.704102 0.801758 0.085938 0.085938
0 0.700195 0.893555 0.085938 0.085938
0 0.620117 0.537109 0.085938 0.085938
0 0.612305 0.617676 0.109375 0.110352
0 0.609863 0.736328 0.110352 0.111328
0 0.600586 0.852051 0.109375 0.110352
0 0.511719 0.382324 0.097656 0.098633
0 0.514648 0.454102 0.085938 0.085938
0 0.509277 0.568359 0.110352 0.111328
0 0.502441 0.692871 0.110352 0.110352
0 0.504883 0.797363 0.109375 0.110352
0 0.508789 0.897461 0.097656 0.097656
0 0.408203 0.297363 0.097656 0.098633
0 0.415039 0.410645 0.097656 0.098633
0 0.412109 0.523926 0.085938 0.086914
0 0.415039 0.629395 0.097656 0.098633
0 0.416992 0.743652 0.097656 0.098633
0 0.413086 0.852051 0.097656 0.098633
0 0.323242 0.352051 0.097656 0.098633
0 0.319336 0.463867 0.097656 0.097656
0 0.319336 0.566406 0.085938 0.085938
0 0.320312 0.677246 0.097656 0.098633
0 0.319336 0.793457 0.097656 0.098633
0 0.316406 0.899902 0.097656 0.098633
0 0.223633 0.407715 0.109375 0.110352
0 0.230469 0.520996 0.097656 0.098633
0 0.222168 0.632812 0.084961 0.085938
0 0.222168 0.770508 0.084961 0.085938
0 0.219238 0.856445 0.084961 0.085938
0 0.133301 0.353027 0.110352 0.110352
0 0.131836 0.467773 0.109375 0.111328
0 0.132812 0.574707 0.097656 0.098633
0 0.128906 0.683594 0.097656 0.097656
0 0.136719 0.798340 0.097656 0.098633
0 0.127441 0.908691 0.110352 0.110352
0 0.045410 0.409180 0.084961 0.085938
1 0.323730 0.120605 0.061523 0.061523
0 0.416504 0.190430 0.084961 0.085938
0 0.513672 0.149414 0.085938 0.085938
0 0.513672 0.239258 0.085938 0.085938
0 0.609375 0.180664 0.085938 0.085938
0 0.617188 0.093750 0.085938 0.085938
0 0.891113 0.142090 0.110352 0.110352
0 0.892578 0.243164 0.097656 0.097656
0 0.796875 0.073730 0.097656 0.098633
0 0.790039 0.193848 0.097656 0.098633
0 0.699707 0.239258 0.084961 0.085938
0 0.696289 0.132324 0.097656 0.098633
0 0.322266 0.238770 0.109375 0.110352
0 0.228027 0.301270 0.110352 0.110352
0 0.136230 0.251465 0.110352 0.110352
0 0.233398 0.173828 0.085938 0.085938
0 0.141602 0.137207 0.109375 0.110352
0 0.134766 0.062988 0.097656 0.098633