0 0.496582 0.125977 0.073242 0.074219
0 0.872070 0.793945 0.109375 0.111328
0 0.871582 0.897949 0.110352 0.110352
0 0.777344 0.842285 0.109375 0.110352
0 0.677734 0.883789 0.085938 0.085938
0 0.577148 0.838867 0.085938 0.085938
0 0.485352 0.888672 0.109375 0.111328
0 0.383301 0.851074 0.110352 0.110352
0 0.203613 0.834961 0.110352 0.111328
0 0.889648 0.140625 0.085938 0.085938
0 0.874023 0.247559 0.097656 0.098633
0 0.875977 0.354980 0.097656 0.098633
0 0.878906 0.461914 0.097656 0.097656
0 0.878906 0.583008 0.097656 0.097656
0 0.880859 0.690918 0.097656 0.098633
0 0.782227 0.078125 0.097656 0.097656
0 0.785156 0.191406 0.097656 0.097656
0 0.783203 0.292480 0.097656 0.098633
0 0.779297 0.400391 0.085938 0.085938
0 0.786133 0.520508 0.097656 0.097656
0 0.783203 0.638672 0.109375 0.111328
0 0.779297 0.736328 0.097656 0.097656
0 0.680664 0.783203 0.085938 0.085938
0 0.685547 0.683105 0.097656 0.098633
0 0.686523 0.564453 0.097656 0.097656
0 0.684082 0.128906 0.084961 0.085938
0 0.686523 0.243164 0.085938 0.085938
0 0.687500 0.352539 0.085938 0.085938
0 0.687500 0.455078 0.085938 0.085938
0 0.588379 0.071289 0.084961 0.085938
0 0.584473 0.173828 0.084961 0.085938
0 0.584473 0.289062 0.084961 0.085938
0 0.583008 0.397949 0.109375 0.110352
0 0.581543 0.504883 0.084961 0.085938
0 0.580078 0.624512 0.097656 0.098633
0 0.584961 0.739746 0.109375 0.110352
0 0.493164 0.788086 0.109375 0.111328
0 0.489746 0.676270 0.110352 0.110352
0 0.489746 0.567871 0.110352 0.110352
0 0.488770 0.452637 0.110352 0.110352
0 0.489746 0.340332 0.110352 0.110352
0 0.491211 0.228516 0.097656 0.097656
0 0.402344 0.165039 0.085938 0.085938
0 0.386719 0.292480 0.097656 0.098633
0 0.392578 0.401855 0.097656 0.098633
0 0.389160 0.511230 0.110352 0.110352
0 0.395508 0.622559 0.109375 0.110352
0 0.391113 0.734863 0.110352 0.110352
0 0.307617 0.789062 0.097656 0.097656
0 0.303711 0.651367 0.097656 0.097656
0 0.300781 0.552246 0.097656 0.098633
0 0.300781 0.462402 0.097656 0.098633
0 0.306641 0.339355 0.097656 0.098633
0 0.205078 0.728027 0.097656 0.098633
0 0.205566 0.612305 0.084961 0.085938
0 0.206055 0.069824 0.097656 0.098633
0 0.115234 0.117676 0.097656 0.098633
0 0.110352 0.234863 0.109375 0.110352
0 0.107422 0.340332 0.109375 0.110352