0 0.171387 0.145996 0.073242 0.073242
0 0.083008 0.259277 0.060547 0.061523
0 0.909668 0.663086 0.084961 0.085938
0 0.913086 0.770996 0.109375 0.110352
0 0.902832 0.882812 0.110352 0.111328
0 0.813477 0.816406 0.097656 0.097656
0 0.812500 0.678223 0.097656 0.098633
0 0.812500 0.588379 0.109375 0.110352
0 0.720703 0.548340 0.097656 0.098633
0 0.724609 0.665527 0.109375 0.110352
0 0.727051 0.777344 0.084961 0.085938
0 0.447266 0.598633 0.048828 0.048828
0 0.622559 0.611816 0.084961 0.086914
0 0.622559 0.708008 0.084961 0.085938
0 0.635254 0.833008 0.110352 0.111328
0 0.542480 0.854980 0.110352 0.110352
0 0.442871 0.809570 0.084961 0.085938
0 0.534668 0.657227 0.084961 0.085938
0 0.536133 0.763672 0.048828 0.048828
0 0.352539 0.660156 0.048828 0.048828
0 0.262695 0.615234 0.048828 0.048828
0 0.257812 0.715820 0.048828 0.048828
0 0.167969 0.668945 0.037109 0.037109
0 0.157715 0.784668 0.036133 0.036133
0 0.066895 0.708984 0.024414 0.025391
0 0.355469 0.766602 0.097656 0.097656
0 0.346191 0.878418 0.110352 0.110352
0 0.257324 0.819824 0.110352 0.110352
0 0.174805 0.904297 0.097656 0.097656
0 0.083008 0.836426 0.097656 0.098633
0 0.083984 0.940430 0.097656 0.097656
0 0.440430 0.706543 0.048828 0.049805
0 0.933594 0.055664 0.097656 0.097656
0 0.915527 0.155762 0.110352 0.110352
0 0.912598 0.241699 0.110352 0.110352
1 0.816895 0.065918 0.073242 0.073242
0 0.821289 0.171387 0.097656 0.098633
0 0.816895 0.279785 0.110352 0.110352
0 0.733398 0.240234 0.097656 0.097656
0 0.738281 0.162598 0.097656 0.098633
0 0.636230 0.187012 0.073242 0.073242
0 0.642578 0.285645 0.097656 0.098633
0 0.458008 0.097168 0.109375 0.110352
0 0.455078 0.215332 0.097656 0.098633
0 0.356934 0.155273 0.084961 0.085938
0 0.261230 0.203125 0.084961 0.085938
0 0.258789 0.096680 0.097656 0.097656
0 0.088379 0.100586 0.084961 0.085938
0 0.079102 0.179688 0.085938 0.085938