0 0.257812 0.074219 0.097656 0.097656
0 0.068359 0.090332 0.109375 0.110352
0 0.065430 0.194336 0.085938 0.085938
0 0.064941 0.296875 0.084961 0.085938
0 0.064941 0.405273 0.110352 0.111328
0 0.070801 0.528320 0.110352 0.111328
0 0.164062 0.135742 0.085938 0.085938
0 0.162109 0.246582 0.097656 0.098633
0 0.157227 0.368652 0.097656 0.098633
0 0.160645 0.474609 0.110352 0.111328
0 0.260742 0.197754 0.097656 0.098633
0 0.251953 0.307617 0.085938 0.085938
0 0.253906 0.415527 0.097656 0.098633
0 0.253906 0.528320 0.097656 0.097656
0 0.353027 0.136230 0.110352 0.110352
0 0.358887 0.246582 0.110352 0.110352
0 0.358887 0.357910 0.110352 0.110352
0 0.359375 0.477051 0.109375 0.110352
0 0.442383 0.083496 0.109375 0.110352
0 0.445312 0.196777 0.109375 0.110352
0 0.446777 0.300293 0.110352 0.110352
0 0.448730 0.423340 0.110352 0.110352
0 0.451660 0.530762 0.110352 0.110352
0 0.541992 0.142090 0.109375 0.110352
0 0.547852 0.251465 0.109375 0.110352
0 0.541992 0.360840 0.109375 0.110352
0 0.537109 0.471191 0.109375 0.110352
0 0.632324 0.084961 0.110352 0.111328
0 0.636719 0.202148 0.097656 0.097656
0 0.638672 0.305176 0.109375 0.110352
0 0.641602 0.419434 0.097656 0.098633
0 0.635742 0.529785 0.109375 0.110352
0 0.734863 0.141602 0.110352 0.111328
0 0.734863 0.256836 0.110352 0.111328
0 0.730957 0.366699 0.110352 0.110352
0 0.737793 0.481934 0.110352 0.110352
0 0.827148 0.088379 0.109375 0.110352
0 0.833008 0.204102 0.109375 0.111328
0 0.831543 0.311523 0.110352 0.111328
0 0.832520 0.423828 0.110352 0.111328
0 0.828613 0.539551 0.110352 0.110352
0 0.926758 0.145996 0.097656 0.098633
0 0.922852 0.260254 0.109375 0.110352
0 0.922852 0.365234 0.109375 0.111328
0 0.921875 0.479492 0.109375 0.111328
0 0.916992 0.585449 0.109375 0.110352
0 0.921387 0.702637 0.110352 0.110352
0 0.920410 0.805176 0.110352 0.110352
0 0.928711 0.917480 0.097656 0.098633
0 0.825684 0.755371 0.110352 0.110352
0 0.831055 0.859863 0.109375 0.110352
0 0.729492 0.701660 0.085938 0.086914
0 0.731445 0.810059 0.109375 0.110352
0 0.732422 0.916504 0.097656 0.098633
0 0.632812 0.750488 0.109375 0.110352
0 0.637695 0.861816 0.097656 0.098633
0 0.537109 0.687988 0.097656 0.098633
0 0.535645 0.802734 0.084961 0.085938
0 0.541504 0.918945 0.084961 0.085938
0 0.827637 0.645508 0.084961 0.085938
0 0.730469 0.582520 0.109375 0.110352
0 0.636719 0.640137 0.109375 0.110352
0 0.541504 0.582520 0.110352 0.110352
0 0.450195 0.640137 0.097656 0.098633
0 0.449219 0.749023 0.097656 0.097656
0 0.447266 0.857422 0.097656 0.097656
1 0.353516 0.582031 0.085938 0.085938
1 0.066895 0.625977 0.084961 0.085938
0 0.068359 0.740234 0.109375 0.111328
0 0.063477 0.854492 0.085938 0.085938
0 0.158691 0.569824 0.110352 0.110352
0 0.157715 0.692383 0.110352 0.111328
0 0.158203 0.797852 0.097656 0.097656
0 0.162109 0.926758 0.097656 0.097656
0 0.261719 0.626465 0.097656 0.098633
0 0.263184 0.745117 0.084961 0.085938
0 0.264160 0.860352 0.084961 0.085938
0 0.361328 0.685059 0.097656 0.098633
0 0.361328 0.812012 0.109375 0.110352
0 0.359375 0.910156 0.085938 0.085938