0 0.872070 0.392090 0.097656 0.098633
0 0.869629 0.508301 0.110352 0.110352
0 0.771484 0.555176 0.097656 0.098633
0 0.780762 0.446777 0.110352 0.110352
0 0.682617 0.489746 0.109375 0.110352
0 0.594727 0.437500 0.085938 0.085938
0 0.583984 0.541992 0.085938 0.085938
0 0.587891 0.666992 0.085938 0.085938
0 0.581055 0.766602 0.085938 0.085938
0 0.587402 0.898438 0.084961 0.085938
0 0.694824 0.915039 0.084961 0.085938
0 0.690918 0.832031 0.084961 0.085938
0 0.680664 0.715820 0.085938 0.085938
0 0.682129 0.601562 0.084961 0.085938
0 0.776367 0.671875 0.085938 0.085938
0 0.773926 0.793945 0.084961 0.085938
0 0.774902 0.875977 0.084961 0.085938
0 0.870605 0.918945 0.084961 0.085938
0 0.878418 0.824219 0.084961 0.085938
0 0.870605 0.729492 0.084961 0.085938
0 0.875000 0.619141 0.085938 0.085938
0 0.495117 0.388184 0.097656 0.098633
0 0.499023 0.503906 0.085938 0.085938
0 0.497070 0.611816 0.097656 0.098633
0 0.494629 0.720703 0.084961 0.085938
0 0.493164 0.838379 0.097656 0.098633
0 0.404297 0.453125 0.097656 0.097656
0 0.405273 0.555664 0.097656 0.097656
0 0.405762 0.666016 0.084961 0.085938
0 0.405273 0.783691 0.097656 0.098633
0 0.401367 0.896484 0.085938 0.085938
0 0.317871 0.403809 0.110352 0.110352
0 0.311523 0.518066 0.097656 0.098633
0 0.307617 0.627441 0.097656 0.098633
0 0.307617 0.740723 0.097656 0.098633
0 0.309570 0.853516 0.097656 0.097656
0 0.213379 0.367188 0.084961 0.085938
0 0.210449 0.473633 0.084961 0.085938
0 0.213379 0.570312 0.084961 0.085938
0 0.210449 0.684570 0.084961 0.085938
0 0.212891 0.798828 0.097656 0.097656
0 0.210449 0.922852 0.084961 0.085938
0 0.122070 0.853516 0.097656 0.097656
0 0.127930 0.737793 0.109375 0.110352
0 0.126953 0.632324 0.097656 0.098633
1 0.122559 0.524414 0.084961 0.085938
0 0.121582 0.412109 0.084961 0.085938
0 0.122070 0.299316 0.097656 0.098633
0 0.120605 0.193359 0.084961 0.085938
0 0.125977 0.075195 0.085938 0.085938
0 0.219727 0.136230 0.097656 0.098633
0 0.217773 0.237793 0.097656 0.098633
0 0.318359 0.076660 0.097656 0.098633
0 0.311523 0.188965 0.097656 0.098633
0 0.315430 0.295410 0.097656 0.098633
0 0.407227 0.337402 0.097656 0.098633
0 0.414062 0.226562 0.097656 0.097656
0 0.406250 0.118652 0.097656 0.098633
0 0.497070 0.063965 0.097656 0.098633
0 0.500488 0.168945 0.084961 0.085938
0 0.500000 0.270996 0.097656 0.098633
0 0.596191 0.321777 0.110352 0.110352
0 0.594727 0.213379 0.109375 0.110352
0 0.589844 0.105957 0.109375 0.110352
0 0.687988 0.046875 0.084961 0.085938
0 0.690430 0.136719 0.085938 0.085938
0 0.685547 0.270020 0.097656 0.098633
0 0.786133 0.334961 0.109375 0.111328
0 0.686523 0.381836 0.085938 0.085938
0 0.782227 0.209961 0.085938 0.085938
0 0.782227 0.117676 0.097656 0.098633
0 0.878906 0.050293 0.097656 0.098633
0 0.870117 0.167480 0.109375 0.110352
0 0.871094 0.278809 0.109375 0.110352