0 0.478027 0.553711 0.073242 0.074219
0 0.565918 0.494141 0.073242 0.074219
0 0.868652 0.941895 0.073242 0.073242
0 0.773926 0.899414 0.073242 0.074219
0 0.958496 0.712891 0.073242 0.074219
0 0.855957 0.224121 0.110352 0.110352
0 0.861328 0.328613 0.109375 0.110352
0 0.862305 0.441895 0.097656 0.098633
0 0.861328 0.556152 0.097656 0.098633
0 0.861328 0.661133 0.085938 0.085938
0 0.759766 0.170410 0.085938 0.086914
0 0.761719 0.278809 0.109375 0.110352
0 0.762695 0.385254 0.097656 0.098633
0 0.761719 0.498535 0.097656 0.098633
0 0.768066 0.602539 0.084961 0.085938
0 0.764648 0.709961 0.097656 0.097656
0 0.663086 0.219238 0.109375 0.110352
0 0.667969 0.330566 0.097656 0.098633
0 0.664551 0.437500 0.084961 0.085938
0 0.666504 0.546875 0.084961 0.085938
0 0.672852 0.661133 0.097656 0.097656
0 0.567383 0.156738 0.097656 0.098633
0 0.565918 0.271484 0.084961 0.085938
0 0.571777 0.387695 0.084961 0.085938
0 0.572754 0.600586 0.073242 0.074219
0 0.568359 0.704590 0.060547 0.061523
0 0.857910 0.114258 0.084961 0.085938
0 0.666992 0.108887 0.109375 0.110352
0 0.480469 0.108887 0.097656 0.098633
0 0.479492 0.217773 0.097656 0.097656
0 0.477539 0.326172 0.097656 0.097656
0 0.484375 0.437500 0.085938 0.085938
1 0.383789 0.050781 0.085938 0.085938
1 0.097168 0.094727 0.084961 0.085938
0 0.098633 0.208984 0.109375 0.111328
0 0.093750 0.323242 0.085938 0.085938
0 0.095703 0.437500 0.085938 0.085938
0 0.187988 0.161133 0.110352 0.111328
0 0.188477 0.266602 0.097656 0.097656
0 0.192383 0.395508 0.097656 0.097656
0 0.291992 0.095215 0.097656 0.098633
0 0.293457 0.213867 0.084961 0.085938
0 0.294434 0.329102 0.084961 0.085938
0 0.285645 0.432617 0.084961 0.085938
0 0.391602 0.153809 0.097656 0.098633
0 0.391602 0.280762 0.109375 0.110352
0 0.389648 0.378906 0.085938 0.085938
0 0.389648 0.479492 0.097656 0.097656
1 0.479004 0.640625 0.073242 0.074219
0 0.385742 0.594727 0.097656 0.097656
0 0.379395 0.688477 0.073242 0.074219
0 0.291504 0.548828 0.084961 0.085938
0 0.291504 0.647949 0.073242 0.073242
0 0.189453 0.610840 0.097656 0.098633
0 0.195312 0.497070 0.085938 0.085938
0 0.098633 0.546875 0.085938 0.085938
0 0.095703 0.645996 0.085938 0.086914
0 0.086426 0.854004 0.073242 0.073242
0 0.090332 0.930176 0.073242 0.073242
0 0.186035 0.868652 0.073242 0.073242
0 0.385742 0.891113 0.097656 0.098633
0 0.481934 0.863281 0.084961 0.085938
0 0.482422 0.946289 0.097656 0.097656
0 0.573730 0.888672 0.084961 0.085938
0 0.961426 0.891113 0.061523 0.061523