0 0.111328 0.144531 0.097656 0.097656
0 0.107422 0.253906 0.097656 0.097656
0 0.200195 0.094238 0.109375 0.110352
0 0.198242 0.201660 0.109375 0.110352
0 0.200195 0.301758 0.109375 0.111328
0 0.297363 0.144043 0.110352 0.110352
0 0.292969 0.262207 0.097656 0.098633
0 0.390625 0.099121 0.097656 0.098633
0 0.389160 0.202637 0.110352 0.110352
0 0.495117 0.148926 0.109375 0.110352
0 0.496582 0.260254 0.110352 0.110352
0 0.586914 0.092285 0.109375 0.110352
0 0.584961 0.195801 0.109375 0.110352
0 0.680176 0.144043 0.110352 0.110352
0 0.674316 0.256348 0.110352 0.110352
0 0.773438 0.093262 0.109375 0.110352
0 0.771484 0.201660 0.097656 0.098633
0 0.773438 0.317871 0.097656 0.098633
0 0.866211 0.043945 0.085938 0.085938
0 0.866211 0.150391 0.097656 0.097656
0 0.871094 0.261230 0.097656 0.098633
0 0.964844 0.751465 0.048828 0.049805
0 0.863281 0.366699 0.109375 0.110352
0 0.868652 0.481934 0.110352 0.110352
0 0.868652 0.592285 0.110352 0.110352
0 0.871582 0.704590 0.110352 0.110352
0 0.870605 0.810547 0.084961 0.085938
0 0.773438 0.419434 0.097656 0.098633
0 0.769043 0.529785 0.110352 0.110352
0 0.774414 0.641113 0.097656 0.098633
0 0.679688 0.370605 0.109375 0.110352
0 0.676758 0.479004 0.109375 0.110352
0 0.681641 0.588379 0.109375 0.110352
0 0.680664 0.692871 0.109375 0.110352
0 0.682129 0.814453 0.073242 0.074219
0 0.588867 0.316895 0.109375 0.110352
0 0.587891 0.425293 0.097656 0.098633
0 0.589355 0.540527 0.110352 0.110352
0 0.583496 0.633301 0.110352 0.110352
0 0.585449 0.754883 0.110352 0.111328
0 0.492676 0.379395 0.110352 0.110352
0 0.496582 0.492676 0.110352 0.110352
0 0.493652 0.599609 0.110352 0.111328
0 0.495117 0.707031 0.097656 0.097656
0 0.497070 0.811035 0.060547 0.061523
0 0.386230 0.315918 0.110352 0.110352
0 0.391113 0.427246 0.110352 0.110352
0 0.391602 0.539062 0.109375 0.111328
0 0.390625 0.639648 0.097656 0.097656
0 0.393555 0.759277 0.109375 0.110352
0 0.293945 0.377930 0.097656 0.097656
0 0.298828 0.489258 0.097656 0.097656
0 0.294922 0.600098 0.109375 0.110352
0 0.298828 0.707520 0.109375 0.110352
0 0.199219 0.422852 0.109375 0.111328
0 0.204102 0.532227 0.097656 0.097656
0 0.202637 0.641113 0.110352 0.110352
0 0.199707 0.750488 0.110352 0.110352
0 0.108887 0.365234 0.110352 0.111328
0 0.105957 0.475098 0.110352 0.110352
0 0.110840 0.591309 0.110352 0.110352
0 0.104004 0.700684 0.110352 0.110352
0 0.098145 0.810547 0.110352 0.111328
0 0.102539 0.927734 0.097656 0.097656
0 0.200684 0.867188 0.110352 0.111328
0 0.292969 0.813965 0.109375 0.110352
0 0.298828 0.929688 0.109375 0.111328
0 0.392578 0.871582 0.097656 0.098633
0 0.485840 0.917480 0.110352 0.110352
0 0.579590 0.875488 0.110352 0.110352
0 0.679688 0.918457 0.085938 0.086914
0 0.766113 0.863770 0.073242 0.073242
0 0.871582 0.912598 0.110352 0.110352