0 0.318848 0.744141 0.073242 0.074219
0 0.039551 0.497559 0.073242 0.073242
0 0.607910 0.045898 0.084961 0.085938
0 0.797852 0.053223 0.097656 0.098633
0 0.425781 0.845703 0.085938 0.085938
1 0.224609 0.582520 0.085938 0.086914
0 0.224609 0.471680 0.085938 0.085938
0 0.131348 0.526367 0.073242 0.074219
0 0.135254 0.631836 0.073242 0.074219
0 0.131348 0.866211 0.084961 0.085938
0 0.125977 0.730957 0.097656 0.098633
0 0.223145 0.788086 0.084961 0.085938
0 0.222656 0.919434 0.097656 0.098633
0 0.317383 0.859863 0.097656 0.098633
0 0.604492 0.932617 0.048828 0.048828
0 0.881836 0.887207 0.097656 0.098633
0 0.887695 0.764160 0.097656 0.098633
0 0.787109 0.494629 0.097656 0.098633
0 0.694336 0.446289 0.097656 0.097656
0 0.696289 0.542480 0.097656 0.098633
0 0.691406 0.659668 0.109375 0.110352
0 0.688477 0.765137 0.109375 0.110352
0 0.596680 0.488770 0.097656 0.098633
0 0.603516 0.594238 0.097656 0.098633
0 0.598145 0.706543 0.110352 0.110352
0 0.595215 0.820801 0.110352 0.110352
0 0.503906 0.764648 0.109375 0.111328
0 0.512695 0.630859 0.097656 0.097656
0 0.507812 0.529297 0.109375 0.111328
0 0.412109 0.482422 0.109375 0.111328
0 0.417480 0.590332 0.110352 0.110352
0 0.414551 0.734863 0.110352 0.110352
0 0.508789 0.871582 0.109375 0.110352
0 0.317871 0.538086 0.084961 0.085938
0 0.902344 0.092285 0.085938 0.086914
0 0.903320 0.190918 0.097656 0.098633
0 0.897949 0.312500 0.084961 0.085938
0 0.795898 0.365234 0.097656 0.097656
0 0.790039 0.258301 0.097656 0.098633
0 0.790039 0.172363 0.097656 0.098633
0 0.696289 0.105957 0.097656 0.098633
0 0.695312 0.213379 0.109375 0.110352
0 0.694336 0.325195 0.097656 0.097656
0 0.608398 0.369141 0.097656 0.097656
0 0.600586 0.154297 0.097656 0.097656
0 0.605469 0.267578 0.097656 0.097656
0 0.513672 0.104492 0.097656 0.097656
0 0.513672 0.218750 0.097656 0.097656
0 0.505859 0.329102 0.097656 0.097656
0 0.505371 0.430176 0.110352 0.110352
0 0.416992 0.379395 0.097656 0.098633
0 0.414551 0.267090 0.110352 0.110352
0 0.414551 0.144531 0.110352 0.111328
1 0.323242 0.208984 0.085938 0.085938
0 0.320312 0.075195 0.097656 0.097656
0 0.227539 0.152832 0.109375 0.110352
0 0.226562 0.275879 0.097656 0.098633
0 0.226074 0.370605 0.084961 0.086914
0 0.137207 0.442383 0.084961 0.085938
0 0.131348 0.318848 0.110352 0.110352
0 0.132324 0.209473 0.110352 0.110352
0 0.132812 0.099121 0.097656 0.098633
0 0.323242 0.331543 0.109375 0.110352
0 0.318359 0.422363 0.109375 0.110352