1 0.582520 0.339844 0.073242 0.074219
1 0.581055 0.459473 0.060547 0.061523
0 0.866699 0.395996 0.110352 0.110352
0 0.863770 0.511719 0.110352 0.111328
0 0.863281 0.622559 0.097656 0.098633
0 0.863770 0.725098 0.110352 0.110352
0 0.862305 0.843262 0.109375 0.110352
0 0.765625 0.346191 0.097656 0.098633
0 0.770996 0.462402 0.110352 0.110352
0 0.778320 0.563965 0.097656 0.098633
0 0.768066 0.682129 0.084961 0.086914
0 0.771973 0.793945 0.084961 0.085938
0 0.767578 0.895508 0.085938 0.085938
0 0.675293 0.398438 0.110352 0.111328
0 0.681641 0.506348 0.097656 0.098633
0 0.673340 0.747070 0.084961 0.085938
0 0.678711 0.847656 0.085938 0.085938
0 0.674805 0.939453 0.085938 0.085938
0 0.594727 0.583008 0.085938 0.085938
0 0.586914 0.663574 0.109375 0.110352
0 0.584473 0.782227 0.110352 0.111328
0 0.575195 0.897949 0.109375 0.110352
0 0.486328 0.428223 0.097656 0.098633
0 0.489258 0.500000 0.085938 0.085938
0 0.483887 0.614258 0.110352 0.111328
0 0.477051 0.738770 0.110352 0.110352
0 0.479492 0.843262 0.109375 0.110352
0 0.483398 0.943359 0.097656 0.097656
0 0.382812 0.343262 0.097656 0.098633
0 0.389648 0.456543 0.097656 0.098633
0 0.386719 0.569824 0.085938 0.086914
0 0.389648 0.675293 0.097656 0.098633
0 0.391602 0.789551 0.097656 0.098633
0 0.387695 0.897949 0.097656 0.098633
0 0.297852 0.397949 0.097656 0.098633
0 0.293945 0.509766 0.097656 0.097656
0 0.293945 0.612305 0.085938 0.085938
0 0.294922 0.723145 0.097656 0.098633
0 0.293945 0.839355 0.097656 0.098633
0 0.291016 0.945801 0.097656 0.098633
0 0.198242 0.453613 0.109375 0.110352
0 0.205078 0.566895 0.097656 0.098633
0 0.196777 0.678711 0.084961 0.085938
0 0.196777 0.816406 0.084961 0.085938
0 0.193848 0.902344 0.084961 0.085938
0 0.107910 0.398926 0.110352 0.110352
0 0.106445 0.513672 0.109375 0.111328
0 0.107422 0.620605 0.097656 0.098633
0 0.103516 0.729492 0.097656 0.097656
0 0.111328 0.844238 0.097656 0.098633
1 0.298340 0.166504 0.061523 0.061523
0 0.391113 0.236328 0.084961 0.085938
0 0.488281 0.195312 0.085938 0.085938
0 0.488281 0.285156 0.085938 0.085938
0 0.583984 0.226562 0.085938 0.085938
0 0.591797 0.139648 0.085938 0.085938
0 0.864746 0.067871 0.110352 0.110352
0 0.865723 0.187988 0.110352 0.110352
0 0.867188 0.289062 0.097656 0.097656
0 0.771484 0.119629 0.097656 0.098633
0 0.764648 0.239746 0.097656 0.098633
0 0.674316 0.285156 0.084961 0.085938
0 0.671875 0.072754 0.097656 0.098633
0 0.670898 0.178223 0.097656 0.098633
0 0.296875 0.284668 0.109375 0.110352
0 0.202637 0.347168 0.110352 0.110352
0 0.110840 0.297363 0.110352 0.110352
0 0.208008 0.219727 0.085938 0.085938
0 0.116211 0.183105 0.109375 0.110352
0 0.109375 0.108887 0.097656 0.098633