0 0.881836 0.215820 0.085938 0.085938
0 0.774902 0.267578 0.084961 0.085938
0 0.778320 0.358887 0.085938 0.086914
0 0.875488 0.317383 0.084961 0.085938
0 0.871582 0.415039 0.084961 0.085938
0 0.111328 0.419434 0.097656 0.098633
0 0.121094 0.321777 0.097656 0.098633
0 0.118164 0.204590 0.109375 0.110352
0 0.115723 0.105469 0.084961 0.085938
0 0.212891 0.152832 0.097656 0.098633
0 0.209961 0.266113 0.097656 0.098633
0 0.203125 0.370117 0.097656 0.097656
0 0.207031 0.470215 0.109375 0.110352
0 0.305664 0.427246 0.097656 0.098633
0 0.305664 0.316895 0.109375 0.110352
0 0.304199 0.215332 0.110352 0.110352
0 0.306641 0.101074 0.097656 0.098633
0 0.398438 0.156738 0.097656 0.098633
0 0.404297 0.262207 0.097656 0.098633
0 0.403320 0.384277 0.097656 0.098633
0 0.399902 0.484375 0.084961 0.085938
0 0.494141 0.435059 0.097656 0.098633
0 0.491699 0.319824 0.110352 0.110352
0 0.497070 0.212891 0.109375 0.111328
0 0.500977 0.102051 0.097656 0.098633
0 0.597656 0.162598 0.109375 0.110352
0 0.584961 0.273926 0.097656 0.098633
0 0.588867 0.386230 0.097656 0.098633
0 0.589844 0.491699 0.097656 0.098633
0 0.695312 0.431641 0.097656 0.097656
0 0.695801 0.329102 0.084961 0.085938
0 0.685547 0.211914 0.109375 0.111328
0 0.685547 0.122070 0.109375 0.111328
0 0.782227 0.057129 0.097656 0.098633
0 0.780273 0.146973 0.097656 0.098633
0 0.779297 0.494141 0.097656 0.097656
0 0.875977 0.099121 0.097656 0.098633
0 0.579102 0.933105 0.097656 0.098633
0 0.486328 0.884766 0.097656 0.097656
0 0.388672 0.927246 0.097656 0.098633
0 0.204102 0.920898 0.109375 0.111328
0 0.876465 0.548828 0.084961 0.085938
0 0.863770 0.656738 0.110352 0.110352
0 0.768555 0.595215 0.109375 0.110352
0 0.768555 0.710449 0.097656 0.098633
0 0.694336 0.530762 0.085938 0.086914
0 0.695312 0.629395 0.097656 0.098633
0 0.689941 0.750977 0.084961 0.085938
0 0.587891 0.803711 0.097656 0.097656
0 0.582031 0.696777 0.097656 0.098633
0 0.582031 0.610840 0.097656 0.098633
0 0.488281 0.544434 0.097656 0.098633
0 0.487305 0.651855 0.109375 0.110352
0 0.486328 0.763672 0.097656 0.097656
0 0.400391 0.807617 0.097656 0.097656
0 0.392578 0.592773 0.097656 0.097656
0 0.397461 0.706055 0.097656 0.097656
0 0.305664 0.542969 0.097656 0.097656
0 0.305664 0.657227 0.097656 0.097656
0 0.297852 0.767578 0.097656 0.097656
0 0.297363 0.868652 0.110352 0.110352
0 0.208984 0.817871 0.097656 0.098633
0 0.206543 0.705566 0.110352 0.110352
0 0.206543 0.583008 0.110352 0.111328
1 0.115234 0.647461 0.085938 0.085938
0 0.112305 0.513672 0.097656 0.097656
0 0.115234 0.770020 0.109375 0.110352
0 0.110352 0.860840 0.109375 0.110352