0 0.797852 0.340332 0.109375 0.110352
0 0.890137 0.065430 0.110352 0.111328
0 0.894043 0.183105 0.110352 0.110352
0 0.898438 0.287598 0.109375 0.110352
0 0.798828 0.126465 0.097656 0.098633
0 0.795898 0.232910 0.109375 0.110352
0 0.703125 0.068848 0.097656 0.098633
0 0.698242 0.180176 0.109375 0.110352
0 0.702148 0.284668 0.109375 0.110352
0 0.705078 0.397949 0.048828 0.049805
0 0.796875 0.452637 0.048828 0.049805
0 0.891602 0.390625 0.048828 0.048828
0 0.608887 0.128418 0.110352 0.110352
0 0.608887 0.238770 0.110352 0.110352
0 0.611816 0.351074 0.110352 0.110352
0 0.610840 0.457031 0.084961 0.085938
0 0.513672 0.065918 0.097656 0.098633
0 0.509277 0.176270 0.110352 0.110352
0 0.514648 0.287598 0.097656 0.098633
0 0.416992 0.125488 0.109375 0.110352
0 0.421875 0.234863 0.109375 0.110352
0 0.420898 0.339355 0.109375 0.110352
0 0.422363 0.460938 0.073242 0.074219
0 0.328125 0.071777 0.097656 0.098633
0 0.329590 0.187012 0.110352 0.110352
0 0.323730 0.279785 0.110352 0.110352
0 0.325684 0.401367 0.110352 0.111328
0 0.236816 0.139160 0.110352 0.110352
0 0.233887 0.246094 0.110352 0.111328
0 0.235352 0.353516 0.097656 0.097656
0 0.237305 0.457520 0.060547 0.061523
0 0.131348 0.073730 0.110352 0.110352
0 0.131836 0.185547 0.109375 0.111328
0 0.130859 0.286133 0.097656 0.097656
0 0.133789 0.405762 0.109375 0.110352
0 0.132812 0.518066 0.097656 0.098633
0 0.128906 0.632324 0.109375 0.110352
0 0.128906 0.737305 0.109375 0.111328
0 0.127930 0.851562 0.109375 0.111328
0 0.226074 0.563965 0.110352 0.110352
0 0.223145 0.683105 0.110352 0.110352
0 0.225586 0.793945 0.097656 0.097656
0 0.228516 0.911133 0.109375 0.111328
0 0.319824 0.521973 0.110352 0.110352
0 0.323730 0.623535 0.110352 0.110352
0 0.323730 0.743652 0.110352 0.110352
0 0.318848 0.853027 0.110352 0.110352
0 0.419922 0.564941 0.085938 0.086914
0 0.506348 0.510254 0.073242 0.073242
0 0.611816 0.559082 0.110352 0.110352
0 0.702148 0.510254 0.109375 0.110352
0 0.798828 0.559570 0.109375 0.111328
0 0.901367 0.618164 0.085938 0.085938
0 0.895020 0.505859 0.084961 0.085938