0 0.108887 0.249023 0.073242 0.074219
0 0.390137 0.171387 0.073242 0.073242
0 0.208496 0.078613 0.073242 0.073242
0 0.476074 0.253418 0.073242 0.073242
0 0.473145 0.356445 0.073242 0.074219
0 0.579590 0.564453 0.073242 0.074219
0 0.866211 0.359375 0.097656 0.097656
0 0.869141 0.464355 0.097656 0.098633
0 0.873047 0.558105 0.097656 0.098633
0 0.869141 0.697754 0.109375 0.110352
0 0.873047 0.809082 0.109375 0.110352
0 0.858887 0.916016 0.110352 0.111328
0 0.759277 0.853516 0.110352 0.111328
0 0.759277 0.737305 0.084961 0.085938
0 0.764648 0.515137 0.097656 0.098633
0 0.767578 0.415039 0.109375 0.111328
0 0.761230 0.308105 0.110352 0.110352
0 0.765137 0.187500 0.110352 0.111328
0 0.583984 0.187012 0.097656 0.098633
0 0.299805 0.229492 0.085938 0.085938
0 0.288086 0.342773 0.085938 0.085938
0 0.399414 0.284668 0.085938 0.086914
0 0.397949 0.396484 0.084961 0.085938
0 0.467773 0.447266 0.085938 0.085938
0 0.391113 0.541016 0.084961 0.085938
0 0.478027 0.596680 0.084961 0.085938
0 0.582520 0.641602 0.084961 0.085938
0 0.388672 0.846680 0.097656 0.097656
0 0.392578 0.752930 0.097656 0.097656
0 0.582031 0.742676 0.097656 0.098633
0 0.476562 0.802246 0.097656 0.098633
0 0.479004 0.905273 0.084961 0.085938
0 0.392578 0.652344 0.085938 0.085938
0 0.474121 0.689453 0.084961 0.085938
0 0.294434 0.476074 0.110352 0.110352
0 0.291992 0.566895 0.109375 0.110352
0 0.287598 0.694336 0.110352 0.111328
0 0.291504 0.789551 0.110352 0.110352
0 0.297852 0.914062 0.109375 0.111328
0 0.201172 0.854004 0.109375 0.110352
0 0.201172 0.747559 0.109375 0.110352
0 0.197266 0.638184 0.109375 0.110352
0 0.108398 0.482422 0.085938 0.085938
0 0.108398 0.581055 0.085938 0.085938
0 0.102539 0.697754 0.097656 0.098633
0 0.101562 0.800781 0.097656 0.097656
0 0.197754 0.291016 0.084961 0.085938
0 0.196289 0.416992 0.085938 0.085938
0 0.194824 0.527344 0.084961 0.085938
0 0.110840 0.362305 0.084961 0.085938
0 0.404785 0.069824 0.073242 0.073242
0 0.300293 0.134766 0.073242 0.074219
0 0.107422 0.136719 0.085938 0.085938
0 0.586914 0.077637 0.085938 0.086914
0 0.869141 0.141602 0.097656 0.097656
0 0.766602 0.080566 0.097656 0.098633
0 0.679688 0.906738 0.097656 0.098633
0 0.483398 0.140625 0.085938 0.085938