0 0.876465 0.412598 0.110352 0.110352
0 0.877441 0.514160 0.110352 0.110352
0 0.871094 0.636230 0.109375 0.110352
0 0.870605 0.740723 0.110352 0.110352
0 0.865723 0.846191 0.110352 0.110352
0 0.766113 0.902832 0.110352 0.110352
0 0.776367 0.793457 0.109375 0.110352
0 0.783203 0.684570 0.109375 0.111328
0 0.785645 0.579102 0.110352 0.111328
0 0.776855 0.470215 0.110352 0.110352
0 0.780273 0.360840 0.097656 0.098633
0 0.686523 0.405762 0.109375 0.110352
0 0.692871 0.515137 0.110352 0.110352
0 0.673340 0.616699 0.110352 0.110352
0 0.679688 0.737793 0.109375 0.110352
1 0.680664 0.848145 0.109375 0.110352
0 0.583984 0.899902 0.109375 0.110352
0 0.580078 0.788574 0.097656 0.098633
0 0.586914 0.689453 0.097656 0.097656
0 0.590820 0.356445 0.109375 0.111328
0 0.593262 0.463379 0.110352 0.110352
0 0.592773 0.577637 0.097656 0.098633
0 0.488770 0.400879 0.110352 0.110352
0 0.489746 0.519043 0.110352 0.110352
0 0.503906 0.628418 0.109375 0.110352
0 0.485840 0.736328 0.110352 0.111328
0 0.482910 0.851074 0.110352 0.110352
0 0.404785 0.351074 0.110352 0.110352
0 0.397949 0.465332 0.110352 0.110352
0 0.399414 0.573730 0.109375 0.110352
0 0.401855 0.675293 0.110352 0.110352
0 0.395020 0.774902 0.110352 0.110352
0 0.392578 0.881836 0.109375 0.111328
0 0.309570 0.395996 0.097656 0.098633
0 0.308594 0.521973 0.097656 0.098633
0 0.312500 0.623535 0.109375 0.110352
0 0.301758 0.726074 0.097656 0.098633
0 0.292480 0.854980 0.110352 0.110352
0 0.297852 0.929199 0.109375 0.110352
0 0.203125 0.892578 0.097656 0.097656
0 0.203125 0.776855 0.097656 0.098633
0 0.213867 0.671387 0.109375 0.110352
0 0.212891 0.568848 0.097656 0.098633
0 0.206055 0.458008 0.097656 0.097656
0 0.216797 0.343750 0.097656 0.097656
0 0.117188 0.399414 0.109375 0.111328
0 0.116211 0.511230 0.109375 0.110352
0 0.111816 0.621582 0.110352 0.110352
0 0.106934 0.726074 0.110352 0.110352
0 0.111816 0.827637 0.110352 0.110352
0 0.886719 0.095215 0.109375 0.110352
0 0.783203 0.140137 0.109375 0.110352
0 0.690430 0.089355 0.109375 0.110352
0 0.598633 0.155762 0.097656 0.098633
0 0.501953 0.124512 0.109375 0.110352
0 0.409668 0.172852 0.084961 0.085938
0 0.312988 0.107422 0.110352 0.111328
0 0.223633 0.156738 0.109375 0.110352
0 0.117676 0.100586 0.110352 0.111328