0 0.101074 0.423828 0.073242 0.074219
0 0.103027 0.509766 0.073242 0.074219
0 0.304199 0.491699 0.073242 0.073242
0 0.297363 0.275391 0.073242 0.074219
0 0.215820 0.604980 0.060547 0.061523
0 0.867676 0.046387 0.073242 0.073242
0 0.774902 0.119141 0.073242 0.074219
0 0.853516 0.894043 0.097656 0.098633
0 0.580078 0.944336 0.048828 0.048828
0 0.395508 0.960938 0.048828 0.048828
0 0.952637 0.320801 0.061523 0.061523
0 0.873047 0.173828 0.097656 0.097656
1 0.949707 0.411621 0.073242 0.073242
0 0.866211 0.585938 0.097656 0.097656
0 0.871094 0.508301 0.097656 0.098633
0 0.781250 0.225586 0.097656 0.097656
0 0.682617 0.187500 0.085938 0.085938
0 0.685059 0.279785 0.110352 0.110352
0 0.677734 0.392090 0.097656 0.098633
0 0.769043 0.532715 0.073242 0.073242
0 0.775391 0.631348 0.097656 0.098633
0 0.587402 0.108398 0.084961 0.085938
0 0.588379 0.225098 0.110352 0.110352
0 0.592285 0.333496 0.110352 0.110352
0 0.590820 0.442871 0.109375 0.110352
0 0.587891 0.561035 0.097656 0.098633
0 0.486328 0.049805 0.097656 0.097656
0 0.487305 0.177246 0.097656 0.098633
0 0.482422 0.286621 0.097656 0.098633
0 0.478516 0.392090 0.097656 0.098633
0 0.489746 0.500977 0.084961 0.085938
0 0.394043 0.548828 0.084961 0.085938
0 0.399902 0.131836 0.084961 0.085938
0 0.382812 0.249023 0.085938 0.085938
0 0.385254 0.334473 0.084961 0.086914
0 0.391602 0.442383 0.097656 0.097656
0 0.308594 0.071777 0.097656 0.098633
0 0.310547 0.170410 0.097656 0.098633
0 0.218750 0.257324 0.060547 0.061523
0 0.218262 0.360352 0.073242 0.074219
0 0.221191 0.446289 0.084961 0.085938
0 0.211914 0.525391 0.085938 0.085938
0 0.086426 0.608887 0.061523 0.061523
0 0.217773 0.128418 0.109375 0.110352
0 0.119629 0.072754 0.110352 0.110352
0 0.119141 0.172852 0.109375 0.111328
0 0.107422 0.314941 0.097656 0.098633
0 0.301758 0.379395 0.097656 0.098633