0 0.408691 0.280762 0.073242 0.073242
1 0.690430 0.878418 0.085938 0.086914
0 0.893066 0.122070 0.073242 0.074219
0 0.123535 0.117676 0.073242 0.073242
0 0.123535 0.207520 0.073242 0.073242
0 0.124023 0.327148 0.085938 0.085938
0 0.125000 0.444336 0.097656 0.097656
0 0.126953 0.556641 0.097656 0.097656
0 0.205566 0.076660 0.073242 0.073242
0 0.209473 0.152832 0.073242 0.073242
0 0.208984 0.263184 0.060547 0.061523
0 0.216797 0.369141 0.085938 0.085938
0 0.215820 0.503906 0.097656 0.097656
0 0.214844 0.589844 0.097656 0.097656
0 0.305176 0.091309 0.073242 0.073242
0 0.308105 0.218262 0.073242 0.073242
0 0.313965 0.345215 0.073242 0.073242
0 0.314453 0.444824 0.109375 0.110352
0 0.316406 0.557129 0.109375 0.110352
0 0.402832 0.161133 0.122070 0.123047
0 0.408691 0.391602 0.084961 0.085938
0 0.406738 0.503418 0.110352 0.110352
0 0.404785 0.616211 0.122070 0.123047
0 0.504883 0.113770 0.097656 0.098633
0 0.507324 0.220703 0.122070 0.123047
0 0.509766 0.333496 0.109375 0.110352
0 0.497070 0.446777 0.109375 0.110352
0 0.500488 0.556152 0.110352 0.110352
0 0.601074 0.085938 0.084961 0.085938
0 0.601562 0.168945 0.097656 0.097656
0 0.600098 0.289062 0.122070 0.123047
0 0.606445 0.385254 0.109375 0.110352
0 0.611328 0.501465 0.109375 0.110352
0 0.604492 0.608887 0.109375 0.110352
0 0.692871 0.111328 0.084961 0.085938
0 0.694824 0.223633 0.122070 0.123047
0 0.707031 0.437500 0.085938 0.085938
0 0.690430 0.555176 0.109375 0.110352
0 0.787109 0.174805 0.097656 0.097656
0 0.795410 0.281250 0.122070 0.123047
0 0.795410 0.390625 0.110352 0.111328
0 0.793457 0.492676 0.110352 0.110352
0 0.786621 0.607910 0.110352 0.110352
0 0.882812 0.217285 0.109375 0.110352
0 0.887695 0.330078 0.109375 0.111328
0 0.887207 0.442383 0.122070 0.123047
0 0.885254 0.557129 0.110352 0.110352
0 0.885254 0.668945 0.110352 0.111328
0 0.885254 0.774902 0.110352 0.110352
0 0.889160 0.873535 0.110352 0.110352
0 0.791992 0.716309 0.109375 0.110352
0 0.791016 0.827637 0.109375 0.110352
0 0.694336 0.668457 0.109375 0.110352
0 0.697266 0.781250 0.085938 0.085938
0 0.600098 0.712402 0.110352 0.110352
0 0.596191 0.822754 0.110352 0.110352
0 0.600586 0.934082 0.097656 0.098633
0 0.496582 0.665527 0.110352 0.110352
0 0.507812 0.895020 0.097656 0.098633
0 0.403320 0.717285 0.109375 0.110352
0 0.402832 0.833008 0.122070 0.123047
0 0.407715 0.932617 0.122070 0.123047
0 0.314453 0.670410 0.109375 0.110352
0 0.309082 0.774414 0.122070 0.123047
0 0.306152 0.880859 0.122070 0.123047
0 0.209473 0.718750 0.122070 0.123047
0 0.214355 0.826172 0.122070 0.123047
0 0.214355 0.933594 0.122070 0.123047
0 0.123535 0.669922 0.122070 0.123047
0 0.120605 0.775391 0.122070 0.123047
0 0.118652 0.874023 0.122070 0.123047