1 0.887695 0.253906 0.097656 0.097656
0 0.881836 0.357910 0.097656 0.098633
0 0.883789 0.467285 0.097656 0.098633
0 0.886719 0.572754 0.109375 0.110352
0 0.881348 0.690918 0.110352 0.110352
0 0.882324 0.794922 0.110352 0.111328
0 0.887695 0.909668 0.097656 0.098633
0 0.792480 0.306152 0.110352 0.110352
0 0.791992 0.413574 0.097656 0.098633
0 0.784180 0.524414 0.097656 0.097656
0 0.791016 0.636230 0.085938 0.086914
0 0.787109 0.745605 0.097656 0.098633
0 0.786621 0.851074 0.110352 0.110352
0 0.696777 0.249512 0.110352 0.110352
0 0.699219 0.352539 0.109375 0.111328
0 0.695312 0.467285 0.097656 0.098633
0 0.693848 0.583984 0.110352 0.111328
0 0.697266 0.693359 0.097656 0.097656
0 0.698730 0.812988 0.110352 0.110352
0 0.700195 0.907715 0.109375 0.110352
0 0.602539 0.425293 0.109375 0.110352
0 0.599609 0.513672 0.097656 0.097656
0 0.604980 0.599609 0.110352 0.111328
0 0.609863 0.714355 0.110352 0.110352
0 0.591797 0.844238 0.109375 0.110352
0 0.498535 0.909180 0.110352 0.111328
0 0.504883 0.795898 0.109375 0.111328
0 0.510742 0.696777 0.097656 0.098633
0 0.523926 0.235352 0.110352 0.111328
0 0.515625 0.335449 0.109375 0.110352
0 0.515625 0.479980 0.109375 0.110352
0 0.511719 0.569824 0.097656 0.098633
0 0.406250 0.293457 0.109375 0.110352
0 0.415039 0.521484 0.097656 0.097656
0 0.416016 0.627930 0.097656 0.097656
0 0.416016 0.741211 0.097656 0.097656
0 0.412109 0.854492 0.097656 0.097656
0 0.317383 0.250488 0.097656 0.098633
0 0.251953 0.484863 0.048828 0.049805
0 0.316895 0.344238 0.110352 0.110352
0 0.320312 0.702148 0.097656 0.097656
0 0.317871 0.791504 0.110352 0.110352
0 0.317383 0.912598 0.097656 0.098633
0 0.224609 0.835938 0.085938 0.085938
0 0.224609 0.736816 0.109375 0.110352
0 0.136719 0.673340 0.097656 0.098633
0 0.149414 0.817871 0.109375 0.110352
0 0.136719 0.913574 0.109375 0.110352
0 0.888672 0.147949 0.109375 0.110352
0 0.781250 0.190918 0.109375 0.110352
0 0.697266 0.129883 0.109375 0.111328
0 0.515137 0.142578 0.110352 0.111328
0 0.414062 0.185547 0.109375 0.111328
0 0.415527 0.080078 0.110352 0.111328
0 0.137695 0.221680 0.085938 0.085938
0 0.135254 0.131836 0.084961 0.085938
0 0.335938 0.133301 0.097656 0.098633