0 0.104004 0.054199 0.073242 0.073242
0 0.117188 0.198730 0.097656 0.098633
0 0.115234 0.293457 0.097656 0.098633
0 0.127930 0.411621 0.109375 0.110352
0 0.205078 0.139160 0.097656 0.098633
0 0.211426 0.238281 0.084961 0.085938
0 0.208496 0.349121 0.084961 0.086914
0 0.211914 0.449707 0.097656 0.098633
0 0.326172 0.068359 0.097656 0.097656
0 0.318359 0.179199 0.097656 0.098633
0 0.322266 0.286621 0.109375 0.110352
0 0.322754 0.404785 0.110352 0.110352
0 0.317871 0.520996 0.110352 0.110352
0 0.414551 0.130859 0.110352 0.111328
0 0.413086 0.234863 0.109375 0.110352
0 0.413086 0.346191 0.097656 0.098633
0 0.410156 0.460449 0.109375 0.110352
0 0.512207 0.078125 0.110352 0.111328
0 0.507812 0.187500 0.097656 0.097656
0 0.507812 0.298828 0.097656 0.097656
0 0.506348 0.406250 0.084961 0.085938
0 0.506836 0.519531 0.085938 0.085938
0 0.602539 0.134766 0.097656 0.097656
0 0.606934 0.244141 0.110352 0.111328
0 0.599121 0.354492 0.110352 0.111328
0 0.604980 0.460449 0.110352 0.110352
0 0.699219 0.075195 0.085938 0.085938
0 0.696289 0.186523 0.085938 0.085938
0 0.702148 0.288086 0.109375 0.111328
0 0.699219 0.397461 0.109375 0.111328
0 0.694824 0.520996 0.110352 0.110352
0 0.792480 0.135254 0.110352 0.110352
0 0.800781 0.238770 0.109375 0.110352
0 0.794922 0.349121 0.109375 0.110352
0 0.793945 0.463867 0.109375 0.111328
0 0.893066 0.069824 0.110352 0.110352
0 0.891113 0.185059 0.110352 0.110352
0 0.885742 0.293457 0.097656 0.098633
0 0.888184 0.403320 0.084961 0.085938
0 0.888672 0.516602 0.097656 0.097656
0 0.885742 0.628906 0.109375 0.111328
0 0.884766 0.748535 0.060547 0.061523
0 0.880859 0.854980 0.109375 0.110352
0 0.791016 0.573242 0.109375 0.111328
0 0.793945 0.683105 0.109375 0.110352
0 0.785645 0.791504 0.110352 0.110352
0 0.789551 0.911621 0.110352 0.110352
0 0.696777 0.629395 0.110352 0.110352
0 0.692871 0.729004 0.061523 0.061523
0 0.693848 0.850098 0.110352 0.110352
0 0.603027 0.578613 0.061523 0.061523
0 0.598145 0.687012 0.061523 0.061523
0 0.599609 0.797363 0.109375 0.110352
0 0.598633 0.916504 0.109375 0.110352
0 0.509766 0.628418 0.109375 0.110352
0 0.503906 0.753906 0.085938 0.085938
0 0.503906 0.854004 0.109375 0.110352
0 0.412109 0.570801 0.109375 0.110352
0 0.408691 0.683105 0.110352 0.110352
0 0.412598 0.793457 0.110352 0.110352
0 0.413574 0.905762 0.110352 0.110352
0 0.315918 0.622559 0.110352 0.110352
0 0.317871 0.739746 0.110352 0.110352
0 0.318359 0.839355 0.109375 0.110352
0 0.217773 0.556152 0.097656 0.098633
0 0.226562 0.675293 0.109375 0.110352
0 0.225586 0.789062 0.109375 0.111328
0 0.221680 0.907227 0.109375 0.111328
0 0.125000 0.513184 0.109375 0.110352
0 0.123047 0.613281 0.097656 0.097656
0 0.124023 0.740234 0.097656 0.097656
0 0.131348 0.841797 0.110352 0.111328