0 0.342285 0.533691 0.073242 0.073242
0 0.921387 0.417480 0.073242 0.073242
0 0.826660 0.375000 0.073242 0.074219
0 0.914062 0.136719 0.085938 0.085938
0 0.820801 0.078125 0.084961 0.085938
0 0.817383 0.185547 0.097656 0.097656
0 0.725586 0.136719 0.097656 0.097656
0 0.625488 0.076172 0.073242 0.074219
0 0.621094 0.180176 0.060547 0.061523
1 0.531738 0.116211 0.073242 0.074219
0 0.438477 0.070312 0.097656 0.097656
0 0.432129 0.164062 0.073242 0.074219
0 0.344238 0.123535 0.073242 0.073242
0 0.242188 0.086426 0.097656 0.098633
0 0.148438 0.121582 0.085938 0.086914
0 0.059570 0.072754 0.097656 0.098633
0 0.057129 0.370605 0.073242 0.073242
0 0.057129 0.460449 0.073242 0.073242
0 0.057617 0.580078 0.085938 0.085938
0 0.058594 0.697266 0.097656 0.097656
0 0.060547 0.809570 0.097656 0.097656
0 0.139160 0.329590 0.073242 0.073242
0 0.143066 0.405762 0.073242 0.073242
0 0.142578 0.516113 0.060547 0.061523
0 0.150391 0.622070 0.085938 0.085938
0 0.149414 0.756836 0.097656 0.097656
0 0.148438 0.842773 0.097656 0.097656
0 0.238770 0.344238 0.073242 0.073242
0 0.241699 0.471191 0.073242 0.073242
0 0.247559 0.598145 0.073242 0.073242
0 0.248047 0.697754 0.109375 0.110352
0 0.250000 0.810059 0.109375 0.110352
0 0.336426 0.414062 0.122070 0.123047
0 0.342285 0.644531 0.084961 0.085938
0 0.340332 0.756348 0.110352 0.110352
0 0.338379 0.869141 0.122070 0.123047
0 0.438477 0.366699 0.097656 0.098633
0 0.440918 0.473633 0.122070 0.123047
0 0.443359 0.586426 0.109375 0.110352
0 0.430664 0.699707 0.109375 0.110352
0 0.434082 0.809082 0.110352 0.110352
0 0.534668 0.338867 0.084961 0.085938
0 0.535156 0.421875 0.097656 0.097656
0 0.533691 0.541992 0.122070 0.123047
0 0.540039 0.638184 0.109375 0.110352
0 0.544922 0.754395 0.109375 0.110352
0 0.538086 0.861816 0.109375 0.110352
0 0.626465 0.364258 0.084961 0.085938
0 0.628418 0.476562 0.122070 0.123047
0 0.640625 0.690430 0.085938 0.085938
0 0.624023 0.808105 0.109375 0.110352
0 0.720703 0.427734 0.097656 0.097656
0 0.729004 0.534180 0.122070 0.123047
0 0.729004 0.643555 0.110352 0.111328
0 0.727051 0.745605 0.110352 0.110352
0 0.720215 0.860840 0.110352 0.110352
0 0.816406 0.470215 0.109375 0.110352
0 0.821289 0.583008 0.109375 0.111328
0 0.820801 0.695312 0.122070 0.123047
0 0.818848 0.810059 0.110352 0.110352
0 0.916504 0.527832 0.110352 0.110352
0 0.919434 0.638672 0.122070 0.123047
0 0.918457 0.750977 0.122070 0.123047
0 0.923828 0.855469 0.109375 0.111328
0 0.818848 0.921875 0.110352 0.111328
0 0.627930 0.921387 0.109375 0.110352
0 0.430176 0.918457 0.110352 0.110352
0 0.248047 0.923340 0.109375 0.110352