0 0.949219 0.805176 0.097656 0.098633
0 0.946289 0.895996 0.097656 0.098633
0 0.847168 0.842773 0.110352 0.111328
0 0.948242 0.662109 0.097656 0.097656
0 0.944336 0.573730 0.097656 0.098633
0 0.857910 0.200195 0.110352 0.111328
0 0.854004 0.311035 0.110352 0.110352
0 0.857910 0.404297 0.110352 0.111328
0 0.851074 0.520020 0.110352 0.110352
0 0.765625 0.579590 0.109375 0.110352
0 0.759277 0.462891 0.110352 0.111328
0 0.759766 0.359863 0.109375 0.110352
0 0.766113 0.249512 0.110352 0.110352
0 0.763672 0.152832 0.109375 0.110352
0 0.671875 0.189453 0.109375 0.111328
0 0.667969 0.296387 0.097656 0.098633
0 0.666992 0.404297 0.097656 0.097656
0 0.666504 0.517090 0.110352 0.110352
0 0.667969 0.634277 0.097656 0.098633
0 0.664062 0.742676 0.097656 0.098633
0 0.756348 0.806152 0.110352 0.110352
0 0.753906 0.680176 0.109375 0.110352
0 0.651855 0.839844 0.084961 0.085938
0 0.753906 0.910156 0.097656 0.097656
0 0.558594 0.894531 0.085938 0.085938
0 0.566406 0.789062 0.097656 0.097656
0 0.573242 0.668457 0.097656 0.098633
0 0.572266 0.569336 0.097656 0.097656
0 0.567383 0.465332 0.097656 0.098633
0 0.568359 0.355957 0.109375 0.110352
0 0.572266 0.238770 0.097656 0.098633
0 0.577637 0.133301 0.110352 0.110352
0 0.478027 0.192871 0.110352 0.110352
0 0.480469 0.305176 0.109375 0.110352
0 0.482910 0.405273 0.110352 0.111328
0 0.476562 0.520020 0.109375 0.110352
0 0.477539 0.628906 0.109375 0.111328
0 0.473633 0.731934 0.109375 0.110352
0 0.463379 0.853027 0.110352 0.110352
0 0.362305 0.908691 0.109375 0.110352
0 0.372559 0.786621 0.110352 0.110352
0 0.379395 0.673340 0.110352 0.110352
0 0.371582 0.564941 0.110352 0.110352
0 0.380859 0.460938 0.097656 0.097656
0 0.382324 0.350586 0.110352 0.111328
0 0.391602 0.130371 0.109375 0.110352
0 0.384766 0.238770 0.109375 0.110352
0 0.285645 0.188965 0.110352 0.110352
0 0.286621 0.290527 0.110352 0.110352
0 0.280273 0.412598 0.109375 0.110352
0 0.279785 0.517090 0.110352 0.110352
0 0.274902 0.622559 0.110352 0.110352
0 0.271973 0.753418 0.110352 0.110352
0 0.281250 0.842285 0.097656 0.098633
0 0.186523 0.894043 0.109375 0.110352
0 0.182617 0.779785 0.097656 0.098633
0 0.175293 0.679199 0.110352 0.110352
0 0.185547 0.569824 0.109375 0.110352
0 0.192383 0.460938 0.109375 0.111328
0 0.194824 0.355469 0.110352 0.111328
0 0.186035 0.246582 0.110352 0.110352
0 0.189453 0.137207 0.097656 0.098633
0 0.095703 0.182129 0.109375 0.110352
0 0.102051 0.291504 0.110352 0.110352
0 0.082520 0.393066 0.110352 0.110352
0 0.088867 0.514160 0.109375 0.110352
1 0.089844 0.624512 0.109375 0.110352
0 0.084473 0.739258 0.110352 0.111328
0 0.082031 0.846191 0.109375 0.110352