0 0.331055 0.342285 0.109375 0.110352
0 0.900391 0.130371 0.109375 0.110352
0 0.903809 0.232910 0.110352 0.110352
0 0.899902 0.340332 0.110352 0.110352
0 0.811035 0.070801 0.110352 0.110352
0 0.802246 0.181152 0.110352 0.110352
0 0.808105 0.295410 0.110352 0.110352
0 0.807617 0.404297 0.109375 0.111328
0 0.721680 0.121094 0.085938 0.085938
0 0.710938 0.234375 0.097656 0.097656
0 0.714844 0.350586 0.097656 0.097656
0 0.617188 0.071777 0.109375 0.110352
0 0.619141 0.175781 0.109375 0.111328
0 0.621094 0.290039 0.109375 0.111328
0 0.615723 0.389648 0.110352 0.111328
0 0.520996 0.126953 0.110352 0.111328
0 0.518066 0.234375 0.110352 0.111328
0 0.522949 0.341309 0.110352 0.110352
0 0.423340 0.067383 0.110352 0.111328
0 0.427246 0.185059 0.110352 0.110352
0 0.431641 0.289551 0.109375 0.110352
0 0.332031 0.128418 0.097656 0.098633
0 0.329102 0.234863 0.109375 0.110352
0 0.236328 0.070801 0.097656 0.098633
0 0.231445 0.182129 0.109375 0.110352
0 0.235352 0.286621 0.109375 0.110352
0 0.238281 0.399902 0.048828 0.049805
0 0.330078 0.454590 0.048828 0.049805
0 0.424805 0.392578 0.048828 0.048828
0 0.142090 0.130371 0.110352 0.110352
0 0.142090 0.240723 0.110352 0.110352
0 0.145020 0.353027 0.110352 0.110352
0 0.144043 0.458984 0.084961 0.085938
0 0.039551 0.512207 0.073242 0.073242
0 0.145020 0.561035 0.110352 0.110352
0 0.235352 0.512207 0.109375 0.110352
0 0.332031 0.561523 0.109375 0.111328
0 0.434570 0.620117 0.085938 0.085938
0 0.428223 0.507812 0.084961 0.085938
0 0.524902 0.458984 0.084961 0.085938
0 0.521973 0.565430 0.084961 0.085938
0 0.529297 0.672852 0.097656 0.097656
0 0.524414 0.777344 0.097656 0.097656
0 0.519531 0.894043 0.097656 0.098633
0 0.618652 0.507324 0.073242 0.073242
0 0.621582 0.619141 0.084961 0.085938
0 0.620605 0.835938 0.073242 0.074219
0 0.707031 0.453613 0.097656 0.098633
0 0.712891 0.562988 0.097656 0.098633
0 0.708008 0.678223 0.097656 0.098633
0 0.717773 0.789062 0.097656 0.097656
0 0.719727 0.899414 0.097656 0.097656
0 0.810059 0.508301 0.110352 0.110352
0 0.811035 0.622559 0.110352 0.110352
0 0.805664 0.729004 0.109375 0.110352
0 0.804688 0.847168 0.109375 0.110352
0 0.904785 0.457520 0.110352 0.110352
0 0.901855 0.568848 0.110352 0.110352
0 0.895996 0.677246 0.110352 0.110352
0 0.903809 0.789551 0.110352 0.110352
0 0.905273 0.897949 0.109375 0.110352