0 0.314941 0.377441 0.073242 0.073242
0 0.315918 0.269531 0.084961 0.085938
0 0.234863 0.867188 0.084961 0.085938
0 0.240723 0.763672 0.084961 0.085938
0 0.151855 0.807617 0.084961 0.085938
0 0.043457 0.764160 0.073242 0.073242
0 0.045410 0.639160 0.073242 0.073242
0 0.037598 0.541992 0.073242 0.074219
0 0.891602 0.479004 0.060547 0.061523
0 0.523438 0.280762 0.060547 0.061523
0 0.789551 0.323242 0.073242 0.074219
0 0.785645 0.888184 0.073242 0.073242
0 0.143555 0.267090 0.097656 0.098633
0 0.148926 0.383789 0.110352 0.111328
0 0.154785 0.488281 0.110352 0.111328
0 0.149902 0.593750 0.073242 0.074219
0 0.147949 0.705078 0.073242 0.074219
0 0.239258 0.316895 0.097656 0.098633
0 0.239258 0.433594 0.097656 0.097656
0 0.239746 0.547852 0.073242 0.074219
0 0.234863 0.649414 0.073242 0.074219
0 0.339355 0.482422 0.073242 0.074219
0 0.333984 0.596680 0.097656 0.097656
0 0.336914 0.708008 0.097656 0.097656
0 0.425293 0.315918 0.084961 0.086914
0 0.429199 0.429199 0.110352 0.110352
0 0.434082 0.545410 0.110352 0.110352
0 0.428223 0.651855 0.110352 0.110352
0 0.427734 0.767578 0.109375 0.111328
0 0.530762 0.372559 0.122070 0.122070
0 0.533203 0.487793 0.097656 0.098633
0 0.523438 0.600098 0.097656 0.098633
0 0.523438 0.718262 0.097656 0.098633
0 0.614258 0.329102 0.085938 0.085938
0 0.619141 0.435059 0.097656 0.098633
0 0.611328 0.548340 0.097656 0.098633
0 0.615234 0.656250 0.085938 0.085938
0 0.625000 0.766113 0.097656 0.098633
0 0.526367 0.826172 0.097656 0.097656
0 0.702637 0.381836 0.084961 0.085938
0 0.704590 0.503906 0.084961 0.085938
0 0.708984 0.603027 0.085938 0.086914
0 0.708984 0.711914 0.085938 0.085938
0 0.708008 0.829102 0.085938 0.085938
0 0.790527 0.447266 0.084961 0.085938
0 0.788574 0.557617 0.084961 0.085938
0 0.788574 0.657227 0.084961 0.085938
0 0.782715 0.772461 0.084961 0.085938
0 0.895508 0.384766 0.048828 0.048828
0 0.887695 0.589844 0.085938 0.085938
0 0.887207 0.706055 0.084961 0.085938
0 0.881836 0.795410 0.048828 0.049805
0 0.778320 0.972168 0.048828 0.049805
0 0.706055 0.931641 0.085938 0.085938
0 0.620117 0.884277 0.097656 0.098633
0 0.525391 0.932129 0.109375 0.110352
0 0.424805 0.875977 0.097656 0.097656
0 0.333008 0.824219 0.109375 0.111328
0 0.331543 0.934570 0.110352 0.111328
0 0.143066 0.934082 0.073242 0.073242
0 0.050781 0.877930 0.085938 0.085938