0 0.239258 0.095215 0.085938 0.086914
0 0.900879 0.649414 0.084961 0.085938
0 0.810059 0.089844 0.084961 0.085938
0 0.615234 0.088867 0.085938 0.085938
0 0.420410 0.090820 0.084961 0.085938
0 0.142090 0.051270 0.024414 0.024414
0 0.046387 0.085449 0.024414 0.024414
0 0.042480 0.194824 0.024414 0.024414
0 0.045410 0.276855 0.024414 0.024414
0 0.143066 0.138184 0.024414 0.024414
0 0.136230 0.245605 0.024414 0.024414
0 0.236328 0.276367 0.037109 0.037109
0 0.233398 0.193848 0.109375 0.110352
0 0.342773 0.137695 0.085938 0.085938
0 0.343262 0.246582 0.073242 0.073242
0 0.423828 0.196777 0.097656 0.098633
0 0.414551 0.312012 0.061523 0.061523
0 0.515625 0.143066 0.097656 0.098633
0 0.520508 0.250488 0.097656 0.098633
0 0.624023 0.200195 0.097656 0.097656
0 0.715332 0.138672 0.084961 0.085938
0 0.713867 0.250000 0.097656 0.097656
0 0.813477 0.197266 0.097656 0.097656
0 0.807129 0.291992 0.084961 0.085938
0 0.902344 0.142578 0.085938 0.085938
0 0.904297 0.246094 0.085938 0.085938
0 0.046875 0.488281 0.085938 0.085938
0 0.045410 0.932129 0.061523 0.061523
0 0.144043 0.446777 0.061523 0.061523
0 0.140625 0.540527 0.097656 0.098633
0 0.145020 0.655273 0.122070 0.123047
0 0.137695 0.764160 0.109375 0.110352
0 0.141113 0.878906 0.122070 0.123047
0 0.238281 0.489746 0.097656 0.098633
0 0.233887 0.599121 0.110352 0.110352
0 0.226074 0.703125 0.122070 0.123047
0 0.234863 0.825684 0.110352 0.110352
0 0.235840 0.928711 0.122070 0.123047
0 0.328125 0.457031 0.048828 0.048828
0 0.325195 0.542480 0.097656 0.098633
0 0.324707 0.657715 0.122070 0.122070
0 0.328613 0.763672 0.122070 0.123047
0 0.327637 0.880371 0.110352 0.110352
0 0.413574 0.489746 0.073242 0.073242
0 0.417969 0.602051 0.109375 0.110352
0 0.418945 0.711426 0.109375 0.110352
0 0.418945 0.819336 0.085938 0.085938
0 0.424316 0.933105 0.110352 0.110352
0 0.523926 0.541992 0.122070 0.123047
0 0.512207 0.650391 0.122070 0.123047
0 0.519531 0.770996 0.097656 0.098633
0 0.520508 0.869629 0.097656 0.098633
0 0.617676 0.487305 0.073242 0.074219
0 0.623047 0.599609 0.097656 0.097656
0 0.629395 0.712891 0.122070 0.123047
0 0.625000 0.825684 0.097656 0.098633
0 0.613281 0.928223 0.097656 0.098633
0 0.718262 0.542969 0.122070 0.123047
0 0.714355 0.663086 0.122070 0.123047
0 0.716309 0.771484 0.084961 0.085938
0 0.713867 0.892090 0.097656 0.098633
0 0.808594 0.494141 0.097656 0.097656
0 0.812500 0.607422 0.097656 0.097656
0 0.812500 0.711914 0.097656 0.097656
0 0.814453 0.826172 0.097656 0.097656
0 0.813965 0.932617 0.122070 0.123047
0 0.898926 0.545898 0.073242 0.074219
0 0.906250 0.767578 0.085938 0.085938
0 0.903320 0.880859 0.097656 0.097656