0 0.246094 0.141113 0.109375 0.110352
0 0.912109 0.077637 0.085938 0.086914
0 0.426270 0.241211 0.073242 0.074219
0 0.814941 0.033691 0.024414 0.024414
0 0.719238 0.067871 0.024414 0.024414
0 0.715332 0.177246 0.024414 0.024414
0 0.718262 0.259277 0.024414 0.024414
0 0.815918 0.120605 0.024414 0.024414
0 0.809082 0.228027 0.024414 0.024414
0 0.909180 0.258789 0.037109 0.037109
0 0.906250 0.176270 0.109375 0.110352
0 0.432617 0.133789 0.097656 0.097656
0 0.331543 0.081543 0.110352 0.110352
0 0.332031 0.190918 0.097656 0.098633
0 0.248535 0.246582 0.073242 0.073242
0 0.145508 0.084473 0.097656 0.098633
0 0.149414 0.188965 0.097656 0.098633
0 0.054688 0.128418 0.097656 0.098633
0 0.057129 0.240723 0.073242 0.073242
0 0.063477 0.409668 0.060547 0.061523
0 0.055664 0.516113 0.097656 0.098633
0 0.055664 0.625488 0.097656 0.098633
0 0.152832 0.463867 0.084961 0.085938
0 0.148438 0.571777 0.097656 0.098633
0 0.151855 0.686035 0.122070 0.122070
0 0.156250 0.793457 0.097656 0.098633
0 0.150879 0.904297 0.122070 0.123047
0 0.245117 0.410645 0.060547 0.061523
0 0.248047 0.520020 0.097656 0.098633
0 0.243164 0.632324 0.097656 0.098633
0 0.244141 0.743652 0.097656 0.098633
0 0.248047 0.845215 0.097656 0.098633
0 0.336914 0.466797 0.085938 0.085938
0 0.337891 0.570801 0.097656 0.098633
0 0.339844 0.684082 0.097656 0.098633
0 0.336914 0.797363 0.097656 0.098633
0 0.337402 0.911621 0.122070 0.122070
0 0.435059 0.417969 0.036133 0.037109
0 0.435547 0.516602 0.097656 0.097656
0 0.434570 0.625488 0.109375 0.110352
0 0.432129 0.746094 0.122070 0.123047
0 0.437500 0.855957 0.109375 0.110352
0 0.530762 0.475586 0.084961 0.085938
0 0.528320 0.573242 0.097656 0.097656
0 0.526855 0.689453 0.110352 0.111328
0 0.522949 0.801758 0.122070 0.123047
0 0.525391 0.903809 0.109375 0.110352
0 0.630859 0.422363 0.060547 0.061523
0 0.623047 0.520508 0.085938 0.085938
0 0.624512 0.631836 0.110352 0.111328
0 0.616699 0.745117 0.122070 0.123047
0 0.616699 0.853027 0.110352 0.110352
0 0.719727 0.470703 0.085938 0.085938
0 0.711914 0.580566 0.097656 0.098633
0 0.721680 0.690918 0.109375 0.110352
0 0.719238 0.802734 0.122070 0.123047
0 0.718262 0.914551 0.061523 0.061523
0 0.816895 0.429199 0.061523 0.061523
0 0.813477 0.522949 0.097656 0.098633
0 0.817871 0.637695 0.122070 0.123047
0 0.810547 0.746582 0.109375 0.110352
0 0.813965 0.861328 0.122070 0.123047
0 0.911133 0.472168 0.097656 0.098633
0 0.906738 0.581543 0.110352 0.110352
0 0.898926 0.685547 0.122070 0.123047
0 0.907715 0.808105 0.110352 0.110352
0 0.908691 0.911133 0.122070 0.123047