0 0.462402 0.266113 0.073242 0.073242
1 0.744141 0.863770 0.085938 0.086914
0 0.946777 0.107422 0.073242 0.074219
0 0.082520 0.249023 0.073242 0.074219
0 0.079102 0.381836 0.097656 0.097656
0 0.078613 0.483398 0.110352 0.111328
0 0.074707 0.593262 0.110352 0.110352
0 0.177246 0.103027 0.073242 0.073242
0 0.177246 0.192871 0.073242 0.073242
0 0.177734 0.312500 0.085938 0.085938
0 0.178711 0.429688 0.097656 0.097656
0 0.180664 0.541992 0.097656 0.097656
0 0.259277 0.062012 0.073242 0.073242
0 0.263184 0.138184 0.073242 0.073242
0 0.262695 0.248535 0.060547 0.061523
0 0.270508 0.354492 0.085938 0.085938
0 0.269531 0.489258 0.097656 0.097656
0 0.268555 0.575195 0.097656 0.097656
0 0.358887 0.076660 0.073242 0.073242
0 0.361816 0.203613 0.073242 0.073242
0 0.367676 0.330566 0.073242 0.073242
0 0.368164 0.430176 0.109375 0.110352
0 0.370117 0.542480 0.109375 0.110352
0 0.456543 0.146484 0.122070 0.123047
0 0.462402 0.376953 0.084961 0.085938
0 0.460449 0.488770 0.110352 0.110352
0 0.458496 0.601562 0.122070 0.123047
0 0.558594 0.099121 0.097656 0.098633
0 0.561035 0.206055 0.122070 0.123047
0 0.563477 0.318848 0.109375 0.110352
0 0.550781 0.432129 0.109375 0.110352
0 0.554199 0.541504 0.110352 0.110352
0 0.654785 0.071289 0.084961 0.085938
0 0.655273 0.154297 0.097656 0.097656
0 0.653809 0.274414 0.122070 0.123047
0 0.660156 0.370605 0.109375 0.110352
0 0.665039 0.486816 0.109375 0.110352
0 0.658203 0.594238 0.109375 0.110352
0 0.746582 0.096680 0.084961 0.085938
0 0.748535 0.208984 0.122070 0.123047
0 0.760742 0.422852 0.085938 0.085938
0 0.744141 0.540527 0.109375 0.110352
0 0.840820 0.160156 0.097656 0.097656
0 0.849121 0.266602 0.122070 0.123047
0 0.849121 0.375977 0.110352 0.111328
0 0.847168 0.478027 0.110352 0.110352
0 0.840332 0.593262 0.110352 0.110352
0 0.936523 0.202637 0.109375 0.110352
0 0.941406 0.315430 0.109375 0.111328
0 0.938965 0.542480 0.110352 0.110352
0 0.938965 0.654297 0.110352 0.111328
0 0.938965 0.760254 0.110352 0.110352
0 0.942871 0.858887 0.110352 0.110352
0 0.845703 0.701660 0.109375 0.110352
0 0.844727 0.812988 0.109375 0.110352
0 0.748047 0.653809 0.109375 0.110352
0 0.750977 0.766602 0.085938 0.085938
0 0.653809 0.697754 0.110352 0.110352
0 0.649902 0.808105 0.110352 0.110352
0 0.654297 0.919434 0.097656 0.098633
0 0.550293 0.650879 0.110352 0.110352
0 0.561523 0.880371 0.097656 0.098633
0 0.457031 0.702637 0.109375 0.110352
0 0.456543 0.818359 0.122070 0.123047
0 0.461426 0.917969 0.122070 0.123047
0 0.368164 0.655762 0.109375 0.110352
0 0.362793 0.759766 0.122070 0.123047
0 0.359863 0.866211 0.122070 0.123047
0 0.263184 0.704102 0.122070 0.123047
0 0.268066 0.811523 0.122070 0.123047
0 0.268066 0.918945 0.122070 0.123047
0 0.177246 0.655273 0.122070 0.123047
0 0.174316 0.760742 0.122070 0.123047
0 0.172363 0.859375 0.122070 0.123047
0 0.082520 0.697266 0.122070 0.123047
0 0.080566 0.814453 0.122070 0.123047
0 0.079590 0.925781 0.122070 0.123047