0 0.363281 0.137695 0.085938 0.085938
0 0.557129 0.142090 0.073242 0.073242
0 0.550293 0.359375 0.084961 0.085938
0 0.555176 0.476074 0.073242 0.073242
0 0.645020 0.301270 0.073242 0.073242
0 0.650879 0.527344 0.084961 0.085938
0 0.644043 0.415527 0.061523 0.061523
0 0.647461 0.643555 0.085938 0.085938
0 0.651855 0.195801 0.073242 0.073242
0 0.081055 0.084473 0.097656 0.098633
0 0.176270 0.141602 0.073242 0.074219
1 0.270020 0.089355 0.073242 0.073242
0 0.458496 0.084961 0.084961 0.085938
0 0.553223 0.033691 0.061523 0.061523
0 0.461914 0.196777 0.085938 0.086914
0 0.274414 0.190918 0.097656 0.098633
0 0.647461 0.084961 0.085938 0.085938
0 0.549316 0.250488 0.073242 0.073242
0 0.552734 0.582031 0.085938 0.085938
0 0.553711 0.693359 0.097656 0.097656
0 0.457031 0.307617 0.085938 0.085938
0 0.453125 0.419434 0.097656 0.098633
0 0.456055 0.527344 0.085938 0.085938
0 0.456055 0.633789 0.097656 0.097656
0 0.360352 0.254395 0.097656 0.098633
0 0.360352 0.361816 0.097656 0.098633
0 0.362793 0.476562 0.084961 0.085938
0 0.365723 0.584961 0.084961 0.085938
0 0.364258 0.689453 0.097656 0.097656
0 0.268555 0.303223 0.097656 0.098633
0 0.271484 0.416016 0.097656 0.097656
0 0.268066 0.535156 0.084961 0.085938
0 0.266602 0.637695 0.097656 0.097656
0 0.178711 0.248047 0.097656 0.097656
0 0.175781 0.368164 0.085938 0.085938
0 0.178223 0.476562 0.073242 0.074219
0 0.176270 0.584961 0.073242 0.074219
0 0.168457 0.696777 0.073242 0.073242
0 0.081055 0.197266 0.109375 0.111328
0 0.080078 0.308594 0.097656 0.097656
0 0.083984 0.421875 0.097656 0.097656
0 0.084473 0.527344 0.084961 0.085938
0 0.085938 0.636230 0.097656 0.098633
0 0.081543 0.750977 0.073242 0.074219
0 0.083984 0.858398 0.097656 0.097656
0 0.173340 0.802734 0.073242 0.074219
0 0.169922 0.915039 0.097656 0.097656
0 0.271484 0.745605 0.097656 0.098633
0 0.267578 0.859375 0.085938 0.085938
0 0.364258 0.797363 0.097656 0.098633
0 0.369141 0.915527 0.097656 0.098633
0 0.458008 0.748535 0.085938 0.086914
0 0.458008 0.855957 0.097656 0.098633
0 0.557617 0.802246 0.097656 0.098633
0 0.550781 0.910645 0.097656 0.098633
0 0.646973 0.742188 0.084961 0.085938
0 0.646973 0.854492 0.084961 0.085938