0 0.914062 0.358887 0.109375 0.110352
0 0.920898 0.472168 0.097656 0.098633
0 0.912598 0.583984 0.084961 0.085938
0 0.912598 0.721680 0.084961 0.085938
0 0.909668 0.807617 0.084961 0.085938
0 0.911133 0.910645 0.109375 0.110352
0 0.823730 0.304199 0.110352 0.110352
0 0.822266 0.418945 0.109375 0.111328
0 0.823242 0.525879 0.097656 0.098633
0 0.819336 0.634766 0.097656 0.097656
0 0.827148 0.749512 0.097656 0.098633
0 0.817871 0.859863 0.110352 0.110352
0 0.735840 0.360352 0.084961 0.085938
0 0.730469 0.469238 0.097656 0.098633
0 0.722656 0.586426 0.097656 0.098633
0 0.727539 0.684082 0.097656 0.098633
0 0.725098 0.802734 0.084961 0.085938
0 0.723633 0.910645 0.097656 0.098633
0 0.640137 0.306641 0.084961 0.085938
0 0.633789 0.419922 0.097656 0.097656
0 0.630859 0.522949 0.097656 0.098633
0 0.627930 0.636230 0.097656 0.098633
0 0.624023 0.751953 0.085938 0.085938
0 0.626953 0.856934 0.097656 0.098633
0 0.525879 0.903809 0.110352 0.110352
0 0.528320 0.791992 0.109375 0.111328
0 0.528809 0.680176 0.110352 0.110352
1 0.541992 0.572266 0.097656 0.097656
0 0.532715 0.465332 0.110352 0.110352
0 0.536621 0.355957 0.110352 0.110352
1 0.439453 0.310547 0.097656 0.097656
0 0.433594 0.414551 0.097656 0.098633
0 0.435547 0.523926 0.097656 0.098633
0 0.438477 0.629395 0.109375 0.110352
0 0.433105 0.747559 0.110352 0.110352
0 0.434082 0.851562 0.110352 0.111328
0 0.344238 0.362793 0.110352 0.110352
0 0.343750 0.470215 0.097656 0.098633
0 0.335938 0.581055 0.097656 0.097656
0 0.342773 0.692871 0.085938 0.086914
0 0.338867 0.802246 0.097656 0.098633
0 0.338379 0.907715 0.110352 0.110352
0 0.248535 0.306152 0.110352 0.110352
0 0.250977 0.409180 0.109375 0.111328
0 0.247070 0.523926 0.097656 0.098633
0 0.245605 0.640625 0.110352 0.111328
0 0.249023 0.750000 0.097656 0.097656
0 0.250488 0.869629 0.110352 0.110352
0 0.154297 0.481934 0.109375 0.110352
0 0.151367 0.570312 0.097656 0.097656
0 0.156738 0.656250 0.110352 0.111328
0 0.161621 0.770996 0.110352 0.110352
0 0.143555 0.900879 0.109375 0.110352
0 0.056641 0.852539 0.109375 0.111328
0 0.062500 0.753418 0.097656 0.098633
0 0.075684 0.291992 0.110352 0.111328
0 0.067383 0.392090 0.109375 0.110352
0 0.067383 0.536621 0.109375 0.110352
0 0.063477 0.626465 0.097656 0.098633
0 0.918457 0.252441 0.110352 0.110352
0 0.826660 0.202637 0.110352 0.110352
0 0.923828 0.125000 0.085938 0.085938
0 0.832031 0.088379 0.109375 0.110352
0 0.735352 0.145020 0.097656 0.098633
0 0.736328 0.234863 0.109375 0.110352
0 0.632812 0.198730 0.109375 0.110352
0 0.535645 0.246582 0.110352 0.110352
0 0.440430 0.204590 0.109375 0.110352
0 0.333008 0.247559 0.109375 0.110352
0 0.249023 0.186523 0.109375 0.111328
0 0.081055 0.092285 0.109375 0.110352
0 0.066895 0.199219 0.110352 0.111328