0 0.910156 0.895996 0.097656 0.098633
0 0.919434 0.787598 0.110352 0.110352
0 0.821289 0.830566 0.109375 0.110352
0 0.733398 0.778320 0.085938 0.085938
0 0.722656 0.882812 0.085938 0.085938
0 0.820801 0.942383 0.084961 0.085938
0 0.633789 0.729004 0.097656 0.098633
0 0.637695 0.844727 0.085938 0.085938
0 0.542969 0.793945 0.097656 0.097656
0 0.543945 0.896484 0.097656 0.097656
0 0.456543 0.744629 0.110352 0.110352
0 0.450195 0.858887 0.097656 0.098633
0 0.352051 0.708008 0.084961 0.085938
0 0.349121 0.814453 0.084961 0.085938
0 0.352051 0.911133 0.084961 0.085938
1 0.261230 0.865234 0.084961 0.085938
0 0.260254 0.752930 0.084961 0.085938
0 0.166016 0.694336 0.085938 0.085938
0 0.166992 0.807617 0.085938 0.085938
0 0.162109 0.916992 0.097656 0.097656
0 0.075195 0.862305 0.109375 0.111328
0 0.081055 0.739746 0.097656 0.098633
0 0.076172 0.090820 0.097656 0.097656
0 0.073242 0.200195 0.085938 0.085938
0 0.069336 0.309570 0.085938 0.085938
0 0.066406 0.425293 0.097656 0.098633
0 0.081055 0.547363 0.097656 0.098633
0 0.075684 0.643555 0.110352 0.111328
0 0.167969 0.145508 0.085938 0.085938
0 0.168945 0.266113 0.097656 0.098633
0 0.165039 0.373047 0.085938 0.085938
0 0.163574 0.477539 0.084961 0.085938
0 0.169922 0.583984 0.097656 0.097656
0 0.260742 0.640137 0.097656 0.098633
0 0.259277 0.534180 0.084961 0.085938
0 0.264648 0.416016 0.085938 0.085938
0 0.258301 0.312012 0.084961 0.086914
0 0.261719 0.201660 0.097656 0.098633
0 0.263672 0.085449 0.097656 0.098633
0 0.356445 0.136230 0.097656 0.098633
0 0.359375 0.244629 0.097656 0.098633
0 0.357422 0.367188 0.085938 0.085938
0 0.358398 0.477051 0.097656 0.098633
0 0.356445 0.578613 0.097656 0.098633
0 0.456055 0.089844 0.097656 0.097656
0 0.449707 0.192383 0.084961 0.085938
0 0.447266 0.301758 0.097656 0.097656
0 0.457031 0.417480 0.097656 0.098633
0 0.450195 0.529785 0.097656 0.098633
0 0.454102 0.636230 0.097656 0.098633
0 0.545898 0.678223 0.097656 0.098633
0 0.552734 0.567383 0.097656 0.097656
0 0.544922 0.459473 0.097656 0.098633
0 0.547852 0.348633 0.097656 0.097656
0 0.546875 0.235840 0.097656 0.098633
0 0.554688 0.125000 0.097656 0.097656
0 0.642578 0.066895 0.097656 0.098633
0 0.640625 0.174316 0.097656 0.098633
0 0.639648 0.289062 0.097656 0.097656
0 0.635742 0.404785 0.097656 0.098633
0 0.639160 0.509766 0.084961 0.085938
0 0.638672 0.611816 0.097656 0.098633
0 0.734863 0.662598 0.110352 0.110352
0 0.733398 0.554199 0.109375 0.110352
0 0.728516 0.446777 0.109375 0.110352
0 0.734863 0.345215 0.110352 0.110352
0 0.733887 0.231934 0.110352 0.110352
0 0.731445 0.117676 0.109375 0.110352
0 0.819336 0.066895 0.109375 0.110352
0 0.832031 0.170898 0.109375 0.111328
0 0.824219 0.282715 0.109375 0.110352
0 0.826660 0.387695 0.084961 0.085938
0 0.829102 0.477539 0.085938 0.085938
0 0.824219 0.610840 0.097656 0.098633
0 0.924805 0.675781 0.109375 0.111328
0 0.825195 0.722656 0.085938 0.085938
0 0.920898 0.550781 0.085938 0.085938
0 0.920898 0.458496 0.097656 0.098633
0 0.919922 0.337402 0.097656 0.098633
0 0.925293 0.233398 0.084961 0.085938
0 0.919922 0.106934 0.109375 0.110352