0 0.148926 0.240723 0.073242 0.073242
0 0.238770 0.386719 0.073242 0.074219
0 0.239746 0.281738 0.073242 0.073242
0 0.335449 0.324707 0.073242 0.073242
0 0.055176 0.303711 0.084961 0.085938
0 0.150879 0.335938 0.073242 0.074219
0 0.155762 0.452148 0.073242 0.074219
0 0.338867 0.429688 0.085938 0.085938
0 0.242676 0.506836 0.073242 0.074219
0 0.710449 0.368164 0.073242 0.074219
0 0.694824 0.260742 0.073242 0.074219
0 0.524902 0.691895 0.073242 0.073242
0 0.513184 0.578613 0.073242 0.073242
0 0.709473 0.569824 0.073242 0.073242
0 0.920410 0.683594 0.084961 0.085938
0 0.812012 0.640137 0.073242 0.073242
0 0.813965 0.515137 0.073242 0.073242
0 0.431641 0.625000 0.085938 0.085938
0 0.710449 0.456543 0.073242 0.073242
0 0.806152 0.417969 0.073242 0.074219
0 0.425293 0.506348 0.073242 0.073242
0 0.053223 0.200195 0.073242 0.074219
0 0.060547 0.421875 0.085938 0.085938
0 0.057617 0.535156 0.097656 0.097656
0 0.147461 0.143066 0.060547 0.061523
0 0.149414 0.584961 0.097656 0.097656
0 0.235352 0.175293 0.060547 0.061523
0 0.249512 0.645508 0.084961 0.085938
0 0.323730 0.127441 0.061523 0.061523
0 0.324707 0.214355 0.061523 0.061523
0 0.342773 0.566406 0.085938 0.085938
0 0.342285 0.682617 0.084961 0.085938
0 0.429688 0.194824 0.048828 0.049805
0 0.428711 0.298340 0.048828 0.049805
0 0.432129 0.407715 0.073242 0.073242
0 0.503906 0.157715 0.060547 0.061523
0 0.507812 0.255371 0.060547 0.061523
0 0.507812 0.340332 0.060547 0.061523
0 0.517090 0.448730 0.061523 0.061523
0 0.592285 0.209473 0.061523 0.061523
0 0.600098 0.314941 0.073242 0.073242
0 0.613770 0.402832 0.073242 0.073242
0 0.611816 0.514160 0.073242 0.073242
0 0.614746 0.635254 0.073242 0.073242
0 0.682129 0.148926 0.061523 0.061523
0 0.725586 0.684082 0.085938 0.086914
0 0.801270 0.300781 0.073242 0.074219
0 0.912109 0.143066 0.097656 0.098633
0 0.917480 0.259766 0.110352 0.111328
0 0.923340 0.364258 0.110352 0.111328
0 0.918457 0.469727 0.073242 0.074219
0 0.916504 0.581055 0.073242 0.074219
0 0.911621 0.810059 0.073242 0.073242
0 0.911133 0.915527 0.109375 0.110352
0 0.819336 0.753906 0.085938 0.085938
0 0.814453 0.869629 0.109375 0.110352
0 0.719238 0.811035 0.110352 0.110352
0 0.719238 0.921387 0.110352 0.110352
0 0.618652 0.752441 0.084961 0.086914
0 0.629883 0.863770 0.097656 0.098633
0 0.526367 0.797852 0.085938 0.085938
0 0.530273 0.920898 0.085938 0.085938
0 0.433105 0.748535 0.073242 0.073242
0 0.441406 0.860840 0.097656 0.098633
0 0.344238 0.778320 0.084961 0.085938
0 0.337891 0.916992 0.097656 0.097656
0 0.250000 0.756836 0.097656 0.097656
0 0.244141 0.869141 0.097656 0.097656
0 0.156250 0.700195 0.085938 0.085938
0 0.150391 0.808594 0.109375 0.111328
0 0.150391 0.912109 0.085938 0.085938
0 0.059570 0.749023 0.097656 0.097656
0 0.054688 0.860840 0.097656 0.098633