0 0.913086 0.119629 0.109375 0.110352
0 0.917969 0.229004 0.109375 0.110352
0 0.916992 0.333496 0.109375 0.110352
0 0.918457 0.455078 0.073242 0.074219
0 0.824219 0.065918 0.097656 0.098633
0 0.825684 0.181152 0.110352 0.110352
0 0.819824 0.273926 0.110352 0.110352
0 0.821777 0.395508 0.110352 0.111328
0 0.732910 0.133301 0.110352 0.110352
0 0.729980 0.240234 0.110352 0.111328
0 0.731445 0.347656 0.097656 0.097656
0 0.733398 0.451660 0.060547 0.061523
0 0.627441 0.067871 0.110352 0.110352
0 0.627930 0.179688 0.109375 0.111328
0 0.626953 0.280273 0.097656 0.097656
0 0.629883 0.399902 0.109375 0.110352
0 0.535156 0.129883 0.097656 0.097656
0 0.531250 0.240723 0.109375 0.110352
0 0.535156 0.348145 0.109375 0.110352
0 0.435547 0.063477 0.109375 0.111328
0 0.440430 0.172852 0.097656 0.097656
0 0.438965 0.281738 0.110352 0.110352
0 0.436035 0.391113 0.110352 0.110352
0 0.342285 0.115723 0.110352 0.110352
0 0.347168 0.231934 0.110352 0.110352
0 0.340332 0.341309 0.110352 0.110352
0 0.246582 0.069824 0.110352 0.110352
0 0.247070 0.173340 0.109375 0.110352
0 0.245117 0.283691 0.109375 0.110352
0 0.242188 0.394043 0.097656 0.098633
0 0.151367 0.116699 0.109375 0.110352
0 0.152344 0.229980 0.097656 0.098633
0 0.157227 0.333496 0.097656 0.098633
0 0.059570 0.065918 0.109375 0.110352
0 0.056152 0.169434 0.110352 0.110352
0 0.056152 0.282715 0.110352 0.110352
0 0.061035 0.612793 0.110352 0.110352
0 0.061035 0.724121 0.110352 0.110352
0 0.061523 0.843262 0.109375 0.110352
0 0.144531 0.449707 0.109375 0.110352
0 0.147461 0.562988 0.109375 0.110352
0 0.148926 0.666504 0.110352 0.110352
0 0.150879 0.789551 0.110352 0.110352
0 0.153809 0.896973 0.110352 0.110352
0 0.244141 0.508301 0.109375 0.110352
0 0.250000 0.617676 0.109375 0.110352
0 0.244141 0.727051 0.109375 0.110352
0 0.239258 0.837402 0.109375 0.110352
0 0.334473 0.451172 0.110352 0.111328
0 0.338867 0.568359 0.097656 0.097656
0 0.340820 0.671387 0.109375 0.110352
0 0.343750 0.785645 0.097656 0.098633
0 0.337891 0.895996 0.109375 0.110352
0 0.437012 0.507812 0.110352 0.111328
0 0.437012 0.623047 0.110352 0.111328
0 0.433105 0.732910 0.110352 0.110352
0 0.439941 0.848145 0.110352 0.110352
0 0.529297 0.454590 0.109375 0.110352
0 0.535156 0.570312 0.109375 0.111328
0 0.533691 0.677734 0.110352 0.111328
0 0.534668 0.790039 0.110352 0.111328
0 0.530762 0.905762 0.110352 0.110352
0 0.628906 0.512207 0.097656 0.098633
0 0.625000 0.626465 0.109375 0.110352
0 0.625000 0.731445 0.109375 0.111328
0 0.624023 0.845703 0.109375 0.111328
0 0.722168 0.558105 0.110352 0.110352
0 0.719238 0.677246 0.110352 0.110352
0 0.721680 0.788086 0.097656 0.097656
0 0.724609 0.905273 0.109375 0.111328
0 0.815918 0.516113 0.110352 0.110352
0 0.819824 0.617676 0.110352 0.110352
0 0.819824 0.737793 0.110352 0.110352
0 0.814941 0.847168 0.110352 0.110352
0 0.916016 0.559082 0.085938 0.086914
1 0.055664 0.948242 0.085938 0.085938