0 0.960938 0.090332 0.060547 0.061523
0 0.867188 0.142090 0.097656 0.098633
0 0.867188 0.250488 0.097656 0.098633
0 0.774902 0.092285 0.073242 0.073242
0 0.776367 0.196777 0.097656 0.098633
0 0.774414 0.310059 0.097656 0.098633
0 0.673828 0.153809 0.097656 0.098633
0 0.679688 0.259277 0.109375 0.110352
0 0.588867 0.099121 0.097656 0.098633
0 0.588867 0.199707 0.097656 0.098633
0 0.583008 0.313477 0.109375 0.111328
0 0.492188 0.142090 0.109375 0.110352
0 0.490723 0.253906 0.110352 0.111328
0 0.397461 0.081055 0.097656 0.097656
0 0.398926 0.191406 0.110352 0.111328
0 0.398926 0.310059 0.110352 0.110352
0 0.297852 0.148438 0.097656 0.097656
0 0.307617 0.266113 0.109375 0.110352
0 0.208008 0.095215 0.060547 0.061523
0 0.204102 0.201660 0.109375 0.110352
0 0.206055 0.312012 0.109375 0.110352
0 0.108887 0.138184 0.110352 0.110352
0 0.112793 0.258301 0.110352 0.110352
0 0.107910 0.367676 0.110352 0.110352
0 0.110840 0.479004 0.110352 0.110352
0 0.111816 0.581543 0.110352 0.110352
0 0.107422 0.699707 0.097656 0.098633
0 0.200195 0.427246 0.109375 0.110352
0 0.205078 0.536621 0.097656 0.098633
0 0.203613 0.640137 0.110352 0.110352
0 0.306641 0.362793 0.097656 0.098633
0 0.302734 0.471191 0.097656 0.098633
0 0.309570 0.586426 0.109375 0.110352
0 0.311035 0.697754 0.110352 0.110352
0 0.399902 0.420410 0.110352 0.110352
0 0.401367 0.529785 0.109375 0.110352
0 0.399414 0.633301 0.109375 0.110352
0 0.497559 0.361328 0.110352 0.111328
0 0.492676 0.478027 0.110352 0.110352
0 0.494629 0.581543 0.110352 0.110352
0 0.488770 0.693848 0.110352 0.110352
0 0.590820 0.418945 0.109375 0.111328
0 0.587891 0.530762 0.109375 0.110352
0 0.585938 0.639160 0.097656 0.098633
0 0.587891 0.755371 0.097656 0.098633
0 0.682129 0.359863 0.110352 0.110352
0 0.680664 0.481445 0.085938 0.085938
0 0.680664 0.587891 0.097656 0.097656
0 0.685547 0.698730 0.097656 0.098633
0 0.776855 0.418457 0.110352 0.110352
0 0.775879 0.523438 0.110352 0.111328
0 0.776367 0.645508 0.109375 0.111328
0 0.772461 0.751465 0.109375 0.110352
0 0.871094 0.360840 0.109375 0.110352
0 0.868652 0.478027 0.110352 0.110352
0 0.870605 0.584473 0.110352 0.110352
0 0.871582 0.695312 0.110352 0.111328
0 0.874512 0.812500 0.110352 0.111328
0 0.873047 0.917480 0.097656 0.098633
0 0.777344 0.859863 0.097656 0.098633
0 0.677734 0.804199 0.109375 0.110352
0 0.683105 0.919434 0.110352 0.110352
0 0.587891 0.856934 0.097656 0.098633
0 0.494141 0.808105 0.109375 0.110352
0 0.491211 0.916504 0.109375 0.110352
0 0.403320 0.754395 0.109375 0.110352
0 0.402344 0.862793 0.097656 0.098633
0 0.307129 0.816895 0.110352 0.110352
0 0.311035 0.930176 0.110352 0.110352
0 0.200684 0.753418 0.110352 0.110352
0 0.205566 0.864746 0.110352 0.110352
0 0.108398 0.815430 0.097656 0.097656
0 0.113281 0.926758 0.097656 0.097656