0 0.858887 0.445801 0.110352 0.110352
0 0.856445 0.548340 0.109375 0.110352
0 0.864258 0.665527 0.097656 0.098633
0 0.864258 0.774902 0.097656 0.098633
0 0.866211 0.881348 0.097656 0.098633
0 0.763672 0.919434 0.097656 0.098633
0 0.776367 0.497559 0.109375 0.110352
0 0.773438 0.634277 0.109375 0.110352
0 0.765625 0.715820 0.085938 0.085938
0 0.773438 0.817871 0.109375 0.110352
0 0.684570 0.549805 0.085938 0.085938
0 0.673828 0.644531 0.109375 0.111328
0 0.671387 0.743652 0.110352 0.110352
0 0.684082 0.857910 0.110352 0.110352
0 0.580566 0.806152 0.110352 0.110352
0 0.581055 0.721191 0.097656 0.098633
0 0.584961 0.610840 0.097656 0.098633
0 0.588867 0.500488 0.109375 0.110352
0 0.488281 0.449219 0.109375 0.111328
0 0.487793 0.553223 0.110352 0.110352
0 0.487793 0.669434 0.110352 0.110352
0 0.479980 0.780762 0.110352 0.110352
0 0.193359 0.935547 0.097656 0.097656
0 0.393555 0.497559 0.109375 0.110352
0 0.387207 0.611816 0.110352 0.110352
0 0.389648 0.722168 0.097656 0.098633
0 0.387207 0.835449 0.073242 0.073242
0 0.293945 0.539062 0.085938 0.085938
0 0.289062 0.655762 0.097656 0.098633
0 0.288574 0.776855 0.110352 0.110352
0 0.290039 0.890137 0.109375 0.110352
0 0.193359 0.494141 0.085938 0.085938
0 0.197266 0.614258 0.097656 0.097656
0 0.190430 0.712891 0.097656 0.097656
0 0.198242 0.826172 0.109375 0.111328
0 0.101562 0.543945 0.109375 0.111328
0 0.102539 0.654297 0.109375 0.111328
1 0.102539 0.749512 0.097656 0.098633
0 0.098633 0.879395 0.109375 0.110352
0 0.869629 0.112793 0.110352 0.110352
0 0.870117 0.228027 0.097656 0.098633
0 0.868164 0.336426 0.109375 0.110352
0 0.775391 0.382812 0.109375 0.111328
0 0.768555 0.270996 0.097656 0.098633
0 0.777832 0.173340 0.110352 0.110352
0 0.779297 0.059082 0.097656 0.098633
0 0.685059 0.115234 0.084961 0.085938
0 0.687500 0.222656 0.085938 0.085938
0 0.692383 0.339844 0.085938 0.085938
0 0.687012 0.442383 0.084961 0.085938
0 0.583984 0.403809 0.109375 0.110352
0 0.583008 0.278809 0.097656 0.098633
0 0.583008 0.168945 0.085938 0.085938
0 0.583984 0.061523 0.097656 0.097656
0 0.495117 0.117188 0.097656 0.097656
0 0.495117 0.238281 0.097656 0.097656
0 0.497070 0.346191 0.097656 0.098633
0 0.395508 0.055664 0.085938 0.085938
0 0.402344 0.175781 0.097656 0.097656
0 0.399414 0.293945 0.109375 0.111328
0 0.395508 0.391602 0.097656 0.097656
0 0.296875 0.438477 0.085938 0.085938
0 0.301758 0.338379 0.097656 0.098633
0 0.302734 0.219727 0.097656 0.097656
0 0.303711 0.110352 0.085938 0.085938
0 0.197754 0.160156 0.084961 0.085938
0 0.196289 0.279785 0.097656 0.098633
0 0.201172 0.395020 0.109375 0.110352
0 0.109375 0.443359 0.109375 0.111328
0 0.105957 0.331543 0.110352 0.110352
0 0.105957 0.223145 0.110352 0.110352
0 0.104980 0.107910 0.110352 0.110352