0 0.264160 0.799316 0.061523 0.061523
0 0.186523 0.950684 0.060547 0.061523
0 0.552246 0.865234 0.073242 0.074219
0 0.268066 0.906250 0.073242 0.074219
0 0.727051 0.285156 0.073242 0.074219
0 0.729004 0.371094 0.073242 0.074219
0 0.930176 0.353027 0.073242 0.073242
0 0.923340 0.136719 0.073242 0.074219
0 0.648926 0.338379 0.073242 0.073242
0 0.841797 0.466309 0.060547 0.061523
0 0.646973 0.436035 0.073242 0.073242
0 0.926758 0.875977 0.037109 0.037109
0 0.744629 0.860352 0.036133 0.037109
1 0.470703 0.923340 0.060547 0.061523
1 0.368652 0.958496 0.036133 0.036133
1 0.644043 0.917480 0.061523 0.061523
0 0.825684 0.916016 0.024414 0.025391
0 0.464355 0.804688 0.084961 0.085938
0 0.366211 0.847656 0.085938 0.085938
0 0.182617 0.851562 0.048828 0.048828
0 0.085449 0.904785 0.110352 0.110352
0 0.844727 0.118652 0.060547 0.061523
0 0.844238 0.221680 0.073242 0.074219
0 0.847168 0.307617 0.084961 0.085938
0 0.837891 0.386719 0.085938 0.085938
0 0.712402 0.470215 0.061523 0.061523
0 0.465820 0.423828 0.085938 0.085938
0 0.733398 0.176270 0.097656 0.098633
0 0.649414 0.224121 0.097656 0.098633
0 0.664062 0.109375 0.085938 0.085938
0 0.570801 0.176758 0.084961 0.085938
0 0.561523 0.270996 0.097656 0.098633
0 0.548340 0.391602 0.084961 0.085938
0 0.471191 0.318848 0.110352 0.110352
0 0.463379 0.225098 0.110352 0.110352
0 0.466309 0.097656 0.110352 0.111328
0 0.377930 0.167969 0.085938 0.085938
0 0.373047 0.266602 0.109375 0.111328
0 0.374023 0.373535 0.097656 0.098633
0 0.368652 0.481445 0.084961 0.085938
0 0.292480 0.437012 0.084961 0.086914
0 0.282227 0.332031 0.085938 0.085938
0 0.282715 0.212891 0.084961 0.085938
0 0.291504 0.103516 0.084961 0.085938
0 0.187988 0.153320 0.084961 0.085938
0 0.180664 0.269043 0.097656 0.098633
0 0.177734 0.386230 0.109375 0.110352
0 0.189453 0.490234 0.097656 0.097656
0 0.095215 0.210449 0.084961 0.086914
0 0.092773 0.108887 0.109375 0.110352
0 0.086914 0.308105 0.097656 0.098633
0 0.092285 0.426758 0.084961 0.085938
0 0.927734 0.240723 0.097656 0.098633