0 0.487793 0.141113 0.073242 0.073242
0 0.583496 0.192383 0.084961 0.085938
0 0.576660 0.080566 0.061523 0.061523
0 0.580078 0.308594 0.085938 0.085938
0 0.485352 0.247070 0.085938 0.085938
0 0.486328 0.358398 0.097656 0.097656
0 0.385742 0.084473 0.097656 0.098633
0 0.388672 0.192383 0.085938 0.085938
0 0.388672 0.298828 0.097656 0.097656
0 0.295410 0.141602 0.084961 0.085938
0 0.298340 0.250000 0.084961 0.085938
0 0.296875 0.354492 0.097656 0.097656
0 0.204102 0.081055 0.097656 0.097656
0 0.200684 0.200195 0.084961 0.085938
0 0.199219 0.302734 0.097656 0.097656
0 0.110840 0.141602 0.073242 0.074219
0 0.108887 0.250000 0.073242 0.074219
0 0.101074 0.361816 0.073242 0.073242
0 0.105957 0.467773 0.073242 0.074219
0 0.102539 0.580078 0.097656 0.097656
0 0.107910 0.691406 0.084961 0.085938
0 0.106445 0.802246 0.097656 0.098633
0 0.204102 0.410645 0.097656 0.098633
0 0.200195 0.524414 0.085938 0.085938
0 0.198242 0.626953 0.097656 0.097656
0 0.199219 0.741211 0.085938 0.085938
0 0.202148 0.857422 0.085938 0.085938
0 0.296875 0.462402 0.097656 0.098633
0 0.301758 0.580566 0.097656 0.098633
0 0.304688 0.686523 0.097656 0.097656
0 0.303711 0.803711 0.097656 0.097656
0 0.390625 0.413574 0.085938 0.086914
0 0.390625 0.520996 0.097656 0.098633
0 0.389648 0.629395 0.097656 0.098633
0 0.390625 0.759277 0.097656 0.098633
0 0.490234 0.467285 0.097656 0.098633
0 0.483398 0.575684 0.097656 0.098633
0 0.482422 0.690430 0.085938 0.085938
0 0.485840 0.799805 0.084961 0.085938
0 0.579590 0.407227 0.084961 0.085938
0 0.579590 0.519531 0.084961 0.085938
0 0.580078 0.633301 0.097656 0.098633
0 0.582031 0.745117 0.085938 0.085938
0 0.578125 0.856445 0.085938 0.085938
0 0.393066 0.870117 0.084961 0.085938
0 0.482910 0.908203 0.084961 0.085938
0 0.299805 0.912109 0.085938 0.085938
0 0.104004 0.915039 0.084961 0.085938