0 0.053223 0.251953 0.073242 0.074219
0 0.141113 0.192383 0.073242 0.074219
0 0.914062 0.318848 0.109375 0.110352
0 0.443848 0.640137 0.073242 0.073242
0 0.349121 0.597656 0.073242 0.074219
0 0.912598 0.090820 0.110352 0.111328
0 0.912109 0.203125 0.097656 0.097656
0 0.916504 0.424316 0.073242 0.073242
0 0.811523 0.154785 0.109375 0.110352
0 0.813477 0.262207 0.097656 0.098633
0 0.817383 0.366699 0.097656 0.098633
0 0.721680 0.089355 0.097656 0.098633
0 0.722656 0.199707 0.097656 0.098633
0 0.722656 0.306152 0.097656 0.098633
0 0.725098 0.418457 0.073242 0.073242
0 0.624023 0.133301 0.097656 0.098633
0 0.625977 0.256348 0.097656 0.098633
0 0.625977 0.365723 0.097656 0.098633
0 0.534180 0.084473 0.097656 0.098633
0 0.528320 0.189941 0.097656 0.098633
0 0.529297 0.309082 0.097656 0.098633
0 0.533691 0.411133 0.073242 0.074219
0 0.437500 0.140137 0.097656 0.098633
0 0.436523 0.254395 0.097656 0.098633
0 0.436523 0.359375 0.085938 0.085938
0 0.337891 0.083496 0.097656 0.098633
0 0.336914 0.196777 0.097656 0.098633
0 0.343262 0.300781 0.084961 0.085938
0 0.339844 0.408203 0.097656 0.097656
0 0.239746 0.135742 0.084961 0.085938
0 0.241699 0.245117 0.084961 0.085938
0 0.248047 0.359375 0.097656 0.097656
0 0.146973 0.085938 0.084961 0.085938
0 0.147949 0.298828 0.073242 0.074219
0 0.143555 0.402832 0.060547 0.061523
0 0.059570 0.135742 0.085938 0.085938
1 0.054199 0.338867 0.073242 0.074219
0 0.057129 0.561523 0.084961 0.085938
0 0.057617 0.644531 0.097656 0.097656
0 0.062500 0.860840 0.109375 0.110352
0 0.148926 0.586914 0.084961 0.085938
0 0.150879 0.699219 0.122070 0.123047
0 0.163086 0.913086 0.085938 0.085938
0 0.243164 0.650391 0.097656 0.097656
0 0.251465 0.756836 0.122070 0.123047
0 0.251465 0.866211 0.110352 0.111328
0 0.338867 0.692871 0.109375 0.110352
0 0.343750 0.805664 0.109375 0.111328
0 0.343262 0.917969 0.122070 0.123047
0 0.438965 0.750488 0.110352 0.110352
0 0.441895 0.861328 0.122070 0.123047
0 0.536621 0.589355 0.061523 0.061523
0 0.535156 0.695801 0.097656 0.098633
0 0.534180 0.808105 0.097656 0.098633
0 0.541016 0.901367 0.097656 0.097656
0 0.634766 0.638184 0.097656 0.098633
0 0.628906 0.756348 0.097656 0.098633
0 0.628418 0.852539 0.122070 0.123047
0 0.731445 0.587402 0.060547 0.061523
0 0.723633 0.693848 0.097656 0.098633
0 0.723633 0.803223 0.097656 0.098633
0 0.726074 0.919922 0.122070 0.123047
0 0.820801 0.641602 0.084961 0.085938
0 0.816406 0.749512 0.097656 0.098633
0 0.819824 0.863770 0.122070 0.122070
0 0.913086 0.588379 0.060547 0.061523
0 0.916016 0.697754 0.097656 0.098633
0 0.911133 0.810059 0.097656 0.098633
0 0.912109 0.921387 0.097656 0.098633