0 0.060059 0.150879 0.073242 0.073242
1 0.341797 0.748535 0.085938 0.086914
0 0.060059 0.261719 0.084961 0.085938
0 0.058105 0.373535 0.110352 0.110352
0 0.158691 0.090820 0.122070 0.123047
0 0.161133 0.203613 0.109375 0.110352
0 0.148438 0.316895 0.109375 0.110352
0 0.151855 0.426270 0.110352 0.110352
0 0.251465 0.159180 0.122070 0.123047
0 0.257812 0.255371 0.109375 0.110352
0 0.262695 0.371582 0.109375 0.110352
0 0.255859 0.479004 0.109375 0.110352
0 0.346191 0.093750 0.122070 0.123047
0 0.358398 0.307617 0.085938 0.085938
0 0.341797 0.425293 0.109375 0.110352
0 0.446777 0.151367 0.122070 0.123047
0 0.446777 0.260742 0.110352 0.111328
0 0.444824 0.362793 0.110352 0.110352
0 0.437988 0.478027 0.110352 0.110352
0 0.534180 0.087402 0.109375 0.110352
0 0.539062 0.200195 0.109375 0.111328
0 0.538574 0.312500 0.122070 0.123047
0 0.536621 0.427246 0.110352 0.110352
0 0.634277 0.145020 0.110352 0.110352
0 0.637207 0.255859 0.122070 0.123047
0 0.636230 0.368164 0.122070 0.123047
0 0.641602 0.472656 0.109375 0.111328
0 0.730469 0.090332 0.097656 0.098633
0 0.729492 0.202637 0.097656 0.098633
0 0.736328 0.295898 0.097656 0.097656
0 0.729980 0.422852 0.122070 0.123047
0 0.824219 0.150879 0.097656 0.098633
0 0.823730 0.247070 0.122070 0.123047
0 0.822754 0.363281 0.122070 0.123047
0 0.822754 0.476562 0.122070 0.123047
0 0.918945 0.088379 0.097656 0.098633
0 0.918945 0.197754 0.097656 0.098633
0 0.921387 0.314453 0.122070 0.123047
0 0.919434 0.429688 0.122070 0.123047
0 0.919434 0.529297 0.122070 0.123047
0 0.924805 0.638184 0.097656 0.098633
0 0.919434 0.750000 0.084961 0.085938
0 0.918945 0.849609 0.109375 0.111328
0 0.824707 0.584961 0.122070 0.123047
0 0.823242 0.707031 0.109375 0.111328
0 0.824219 0.811523 0.109375 0.111328
0 0.828613 0.920898 0.122070 0.123047
0 0.735352 0.521484 0.097656 0.097656
0 0.726562 0.639648 0.097656 0.097656
0 0.738770 0.739258 0.110352 0.111328
0 0.739746 0.860352 0.122070 0.123047
0 0.635742 0.586914 0.097656 0.097656
0 0.644043 0.694824 0.110352 0.110352
0 0.637207 0.904785 0.110352 0.110352
0 0.536621 0.539062 0.110352 0.111328
0 0.536621 0.645020 0.110352 0.110352
0 0.540527 0.743652 0.110352 0.110352
0 0.537598 0.848145 0.073242 0.073242
0 0.538574 0.944824 0.073242 0.073242
0 0.443359 0.586426 0.109375 0.110352
0 0.442383 0.697754 0.109375 0.110352
0 0.345703 0.538574 0.109375 0.110352
0 0.348633 0.651367 0.085938 0.085938
0 0.251465 0.582520 0.110352 0.110352
0 0.247559 0.692871 0.110352 0.110352
0 0.251953 0.804199 0.097656 0.098633
0 0.147949 0.535645 0.110352 0.110352
0 0.159180 0.765137 0.097656 0.098633
0 0.150391 0.861328 0.097656 0.097656