0 0.171387 0.189941 0.073242 0.073242
0 0.078613 0.262695 0.073242 0.074219
0 0.374512 0.420410 0.073242 0.073242
0 0.953125 0.277832 0.048828 0.049805
0 0.256348 0.464355 0.061523 0.061523
0 0.921875 0.748535 0.097656 0.098633
0 0.925781 0.628906 0.085938 0.085938
0 0.925781 0.529785 0.109375 0.110352
0 0.837891 0.466309 0.097656 0.098633
0 0.850586 0.610840 0.109375 0.110352
0 0.837891 0.706543 0.109375 0.110352
0 0.823242 0.809570 0.097656 0.097656
0 0.742188 0.760254 0.109375 0.110352
0 0.738281 0.642090 0.109375 0.110352
1 0.739746 0.543945 0.084961 0.085938
0 0.744141 0.078125 0.085938 0.085938
0 0.746094 0.174805 0.097656 0.097656
0 0.737305 0.421875 0.097656 0.097656
0 0.644043 0.377930 0.084961 0.085938
0 0.638672 0.485840 0.097656 0.098633
0 0.638672 0.586914 0.097656 0.097656
0 0.638672 0.702637 0.109375 0.110352
0 0.640137 0.800293 0.110352 0.110352
0 0.541992 0.758301 0.109375 0.110352
0 0.542969 0.644043 0.097656 0.098633
0 0.553711 0.528320 0.109375 0.111328
0 0.544922 0.427246 0.109375 0.110352
0 0.555176 0.302246 0.110352 0.110352
0 0.547852 0.097656 0.097656 0.097656
0 0.451660 0.373535 0.110352 0.110352
0 0.461914 0.486328 0.085938 0.085938
0 0.362793 0.089844 0.110352 0.111328
0 0.272461 0.064941 0.109375 0.110352
0 0.264648 0.161133 0.097656 0.097656
0 0.168945 0.088379 0.097656 0.098633
0 0.176758 0.317383 0.097656 0.097656
0 0.369141 0.298828 0.085938 0.085938
0 0.370117 0.544922 0.097656 0.097656
0 0.352051 0.645020 0.110352 0.110352
0 0.349121 0.730957 0.110352 0.110352
0 0.454102 0.740234 0.109375 0.111328
0 0.445312 0.596191 0.097656 0.098633
1 0.253418 0.555176 0.073242 0.073242
0 0.257812 0.660645 0.097656 0.098633
0 0.253418 0.769043 0.110352 0.110352
0 0.169922 0.729492 0.097656 0.097656
0 0.174805 0.651855 0.097656 0.098633
0 0.073242 0.140625 0.085938 0.085938
0 0.084961 0.369141 0.097656 0.097656
0 0.072754 0.676270 0.073242 0.073242
0 0.079102 0.774902 0.097656 0.098633