0 0.203613 0.571289 0.073242 0.074219
0 0.380371 0.077148 0.073242 0.074219
0 0.581543 0.059082 0.073242 0.073242
0 0.300293 0.044434 0.073242 0.073242
0 0.493164 0.172363 0.060547 0.061523
0 0.298340 0.142090 0.073242 0.073242
0 0.956543 0.893066 0.073242 0.073242
0 0.584473 0.909668 0.073242 0.073242
0 0.857422 0.511719 0.048828 0.048828
0 0.853027 0.722656 0.084961 0.085938
0 0.944824 0.570312 0.084961 0.085938
0 0.946289 0.676758 0.048828 0.048828
0 0.762695 0.573242 0.048828 0.048828
0 0.672852 0.528320 0.048828 0.048828
0 0.667969 0.628906 0.048828 0.048828
0 0.578125 0.582031 0.037109 0.037109
0 0.567871 0.697754 0.036133 0.036133
0 0.395996 0.566406 0.036133 0.037109
1 0.298828 0.733887 0.048828 0.049805
1 0.203125 0.775391 0.048828 0.048828
1 0.198242 0.685547 0.048828 0.048828
1 0.122070 0.629395 0.060547 0.061523
1 0.020020 0.664551 0.036133 0.036133
0 0.402344 0.673828 0.085938 0.085938
1 0.295410 0.623535 0.061523 0.061523
0 0.477051 0.622070 0.024414 0.025391
0 0.765625 0.679688 0.097656 0.097656
0 0.756348 0.791504 0.110352 0.110352
0 0.766602 0.905762 0.109375 0.110352
0 0.667480 0.732910 0.110352 0.110352
0 0.672363 0.861816 0.110352 0.110352
0 0.584961 0.817383 0.097656 0.097656
0 0.493164 0.749512 0.097656 0.098633
0 0.494141 0.853516 0.097656 0.097656
0 0.393555 0.902832 0.097656 0.098633
0 0.394531 0.787109 0.109375 0.111328
0 0.302734 0.850586 0.085938 0.085938
0 0.302734 0.939453 0.097656 0.097656
0 0.202148 0.889648 0.097656 0.097656
0 0.115723 0.510742 0.084961 0.085938
0 0.115234 0.838867 0.097656 0.097656
0 0.124512 0.720703 0.084961 0.085938
0 0.850586 0.619629 0.048828 0.049805
0 0.865234 0.128418 0.097656 0.098633
0 0.767090 0.068359 0.084961 0.085938
0 0.671387 0.116211 0.084961 0.085938
0 0.489258 0.092773 0.085938 0.085938
0 0.363770 0.176270 0.061523 0.061523
0 0.117188 0.129883 0.085938 0.085938
0 0.199707 0.097656 0.084961 0.085938