0 0.296387 0.683594 0.073242 0.074219
0 0.110840 0.475586 0.084961 0.085938
0 0.114258 0.593750 0.085938 0.085938
0 0.111328 0.674316 0.097656 0.098633
0 0.106445 0.799805 0.085938 0.085938
0 0.110352 0.898438 0.085938 0.085938
0 0.205078 0.406250 0.085938 0.085938
0 0.205078 0.530273 0.085938 0.085938
0 0.202148 0.657715 0.085938 0.086914
0 0.202148 0.760742 0.085938 0.085938
0 0.204590 0.872070 0.084961 0.085938
0 0.304199 0.913086 0.084961 0.085938
0 0.292480 0.792969 0.084961 0.085938
0 0.290039 0.471680 0.097656 0.097656
0 0.296875 0.573242 0.097656 0.097656
0 0.397461 0.480957 0.097656 0.098633
0 0.404297 0.625488 0.097656 0.098633
0 0.393555 0.740234 0.085938 0.085938
0 0.389160 0.854492 0.084961 0.085938
0 0.481445 0.473633 0.085938 0.085938
0 0.485352 0.580078 0.097656 0.097656
0 0.482422 0.689453 0.085938 0.085938
0 0.478516 0.798828 0.085938 0.085938
0 0.475586 0.914551 0.097656 0.098633
0 0.577148 0.530273 0.085938 0.085938
0 0.577148 0.634766 0.085938 0.085938
0 0.578125 0.755371 0.097656 0.098633
0 0.574219 0.862305 0.085938 0.085938
0 0.673828 0.905273 0.085938 0.085938
0 0.667480 0.801270 0.084961 0.086914
0 0.670898 0.690918 0.097656 0.098633
0 0.672852 0.574707 0.097656 0.098633
0 0.668945 0.468262 0.097656 0.098633
0 0.765625 0.521973 0.109375 0.110352
0 0.765625 0.625488 0.097656 0.098633
0 0.768555 0.733887 0.097656 0.098633
0 0.766602 0.856445 0.085938 0.085938
0 0.860352 0.463379 0.097656 0.098633
0 0.865234 0.579102 0.097656 0.097656
0 0.858887 0.681641 0.084961 0.085938
0 0.856445 0.791016 0.097656 0.097656
0 0.866211 0.906738 0.097656 0.098633
0 0.955078 0.293945 0.085938 0.085938
0 0.866211 0.137695 0.097656 0.097656
0 0.860352 0.233887 0.097656 0.098633
0 0.858398 0.356934 0.097656 0.098633
0 0.771484 0.413574 0.109375 0.110352
0 0.765137 0.300293 0.110352 0.110352
0 0.777832 0.187012 0.110352 0.110352
0 0.769043 0.075684 0.110352 0.110352
0 0.682617 0.142090 0.097656 0.098633
0 0.667969 0.253418 0.109375 0.110352
0 0.669922 0.359375 0.085938 0.085938
0 0.569824 0.421875 0.084961 0.085938
0 0.577148 0.306152 0.097656 0.098633
0 0.583008 0.197754 0.097656 0.098633
0 0.579102 0.088867 0.085938 0.085938
0 0.485352 0.138184 0.097656 0.098633
0 0.482422 0.257324 0.097656 0.098633
0 0.482910 0.355469 0.084961 0.085938
0 0.388672 0.385742 0.097656 0.097656
0 0.388672 0.286621 0.109375 0.110352
0 0.392090 0.195801 0.110352 0.110352
0 0.386719 0.087402 0.097656 0.098633
0 0.295898 0.130371 0.097656 0.098633
0 0.300781 0.226562 0.097656 0.097656
0 0.290039 0.360352 0.085938 0.085938
0 0.202148 0.299805 0.097656 0.097656
0 0.208984 0.194336 0.097656 0.097656
0 0.208984 0.088379 0.097656 0.098633
0 0.117676 0.140625 0.110352 0.111328
0 0.111816 0.252930 0.084961 0.085938
0 0.112793 0.358398 0.084961 0.085938