0 0.913086 0.080078 0.097656 0.097656
0 0.814941 0.139160 0.073242 0.073242
0 0.732422 0.078613 0.097656 0.098633
0 0.633789 0.141113 0.097656 0.098633
0 0.540039 0.079590 0.097656 0.098633
0 0.445312 0.135254 0.097656 0.098633
0 0.341309 0.077637 0.110352 0.110352
0 0.249023 0.141602 0.109375 0.111328
0 0.156250 0.087891 0.097656 0.097656
0 0.057129 0.126953 0.110352 0.111328
0 0.060059 0.244629 0.073242 0.073242
0 0.062988 0.356445 0.084961 0.085938
0 0.062012 0.573242 0.073242 0.074219
0 0.148438 0.190918 0.097656 0.098633
0 0.154297 0.300293 0.097656 0.098633
0 0.149414 0.415527 0.097656 0.098633
0 0.159180 0.526367 0.097656 0.097656
0 0.161133 0.636719 0.097656 0.097656
0 0.251465 0.245605 0.110352 0.110352
0 0.252441 0.359863 0.110352 0.110352
0 0.247070 0.466309 0.109375 0.110352
0 0.246094 0.584473 0.109375 0.110352
0 0.247070 0.692383 0.109375 0.111328
0 0.346191 0.194824 0.110352 0.110352
0 0.343262 0.306152 0.110352 0.110352
0 0.337402 0.414551 0.110352 0.110352
0 0.345215 0.526855 0.110352 0.110352
0 0.346680 0.635254 0.109375 0.110352
0 0.447266 0.247559 0.109375 0.110352
0 0.447266 0.355957 0.097656 0.098633
0 0.442871 0.468262 0.110352 0.110352
0 0.445801 0.579590 0.110352 0.110352
0 0.444824 0.694824 0.110352 0.110352
0 0.540039 0.187988 0.109375 0.110352
0 0.546875 0.312012 0.109375 0.110352
0 0.540039 0.415527 0.109375 0.110352
0 0.540039 0.531738 0.109375 0.110352
0 0.537109 0.635254 0.109375 0.110352
0 0.634766 0.242188 0.097656 0.097656
0 0.631348 0.357910 0.110352 0.110352
0 0.637695 0.473145 0.109375 0.110352
0 0.632812 0.584473 0.097656 0.098633
0 0.638672 0.691895 0.109375 0.110352
0 0.728027 0.193359 0.073242 0.074219
0 0.730469 0.300781 0.097656 0.097656
0 0.727051 0.408691 0.110352 0.110352
0 0.729980 0.525879 0.110352 0.110352
0 0.729004 0.640625 0.084961 0.085938
0 0.819824 0.245117 0.073242 0.074219
0 0.816406 0.357422 0.097656 0.097656
0 0.821777 0.468750 0.084961 0.085938
0 0.820312 0.579590 0.097656 0.098633
0 0.917969 0.187988 0.097656 0.098633
0 0.914062 0.301758 0.085938 0.085938
0 0.912109 0.404297 0.097656 0.097656
0 0.913086 0.518555 0.085938 0.085938
0 0.916016 0.634766 0.085938 0.085938
0 0.918945 0.738770 0.097656 0.098633
0 0.916016 0.853027 0.097656 0.098633
0 0.817871 0.692383 0.084961 0.085938
0 0.820801 0.804688 0.084961 0.085938
0 0.817383 0.911621 0.097656 0.098633
0 0.729492 0.746582 0.097656 0.098633
0 0.727539 0.853027 0.097656 0.098633
0 0.631836 0.802246 0.109375 0.110352
0 0.633301 0.917480 0.110352 0.110352
1 0.531738 0.754395 0.110352 0.110352
1 0.436035 0.802246 0.110352 0.110352
0 0.533691 0.853027 0.110352 0.110352
0 0.435059 0.924805 0.073242 0.074219
0 0.335938 0.747559 0.109375 0.110352
0 0.338867 0.858398 0.109375 0.111328
0 0.250000 0.795898 0.109375 0.111328
0 0.250488 0.903320 0.084961 0.085938
0 0.149902 0.762695 0.110352 0.111328
0 0.152832 0.871094 0.084961 0.085938
0 0.061035 0.704102 0.084961 0.085938
0 0.067871 0.817871 0.024414 0.024414
0 0.061523 0.936523 0.037109 0.037109