0 0.588379 0.724121 0.073242 0.073242
0 0.681152 0.315430 0.073242 0.074219
0 0.495605 0.796875 0.073242 0.074219
0 0.791504 0.954590 0.073242 0.073242
0 0.876953 0.566895 0.109375 0.110352
0 0.868652 0.907715 0.110352 0.110352
0 0.779785 0.624023 0.110352 0.111328
0 0.689453 0.599121 0.109375 0.110352
0 0.681641 0.695312 0.097656 0.097656
0 0.585938 0.622559 0.097656 0.098633
0 0.593750 0.851562 0.097656 0.097656
0 0.786133 0.833008 0.085938 0.085938
0 0.499023 0.566406 0.097656 0.097656
0 0.490234 0.674805 0.085938 0.085938
0 0.501953 0.903320 0.097656 0.097656
0 0.403320 0.865234 0.085938 0.085938
0 0.312500 0.565918 0.097656 0.098633
1 0.305664 0.680664 0.085938 0.085938
0 0.308105 0.786133 0.084961 0.085938
0 0.309082 0.902832 0.110352 0.110352
0 0.216797 0.532227 0.097656 0.097656
0 0.221680 0.623535 0.097656 0.098633
0 0.207031 0.727539 0.097656 0.097656
0 0.208008 0.854980 0.097656 0.098633
0 0.123535 0.579102 0.110352 0.111328
0 0.127441 0.704102 0.122070 0.123047
0 0.120605 0.809570 0.084961 0.085938
0 0.103516 0.926758 0.085938 0.085938
0 0.882812 0.134766 0.085938 0.085938
0 0.876953 0.251465 0.097656 0.098633
0 0.875977 0.354492 0.097656 0.097656
0 0.492188 0.117188 0.085938 0.085938
0 0.498535 0.249023 0.084961 0.085938
0 0.605957 0.265625 0.084961 0.085938
0 0.602051 0.182617 0.084961 0.085938
0 0.591797 0.066406 0.085938 0.085938
0 0.685059 0.144531 0.084961 0.085938
0 0.686035 0.226562 0.084961 0.085938
0 0.784180 0.376953 0.085938 0.085938
0 0.781738 0.269531 0.084961 0.085938
0 0.789551 0.174805 0.084961 0.085938
0 0.781738 0.080078 0.084961 0.085938
0 0.780273 0.525879 0.097656 0.098633
0 0.688477 0.505371 0.109375 0.110352
0 0.591309 0.521973 0.110352 0.110352
0 0.497070 0.454102 0.097656 0.097656
0 0.405762 0.071289 0.084961 0.085938
0 0.404297 0.188965 0.097656 0.098633
0 0.405273 0.302246 0.097656 0.098633
0 0.316406 0.134277 0.097656 0.098633
0 0.312500 0.247070 0.085938 0.085938
0 0.309570 0.356445 0.097656 0.097656
0 0.304688 0.455078 0.085938 0.085938
0 0.218750 0.091309 0.097656 0.098633
0 0.220703 0.204102 0.097656 0.097656
0 0.220703 0.301758 0.109375 0.111328
0 0.215332 0.413574 0.110352 0.110352
0 0.124023 0.149414 0.097656 0.097656
0 0.121582 0.273438 0.084961 0.085938
0 0.126465 0.375977 0.084961 0.085938
0 0.130371 0.486816 0.110352 0.110352