0 0.103027 0.243164 0.073242 0.074219
0 0.187012 0.172363 0.061523 0.061523
0 0.108887 0.145996 0.061523 0.061523
0 0.105469 0.353516 0.109375 0.111328
0 0.188477 0.089355 0.097656 0.098633
0 0.198730 0.312500 0.110352 0.111328
0 0.194824 0.417969 0.110352 0.111328
0 0.283203 0.136230 0.109375 0.110352
0 0.284180 0.248535 0.109375 0.110352
0 0.286133 0.360352 0.097656 0.097656
0 0.387207 0.075684 0.110352 0.110352
0 0.386719 0.196777 0.109375 0.110352
0 0.387695 0.301270 0.097656 0.098633
0 0.383789 0.409668 0.109375 0.110352
0 0.474609 0.149902 0.097656 0.098633
0 0.472656 0.244629 0.097656 0.098633
0 0.485352 0.362793 0.109375 0.110352
0 0.562500 0.090332 0.097656 0.098633
0 0.568848 0.189453 0.084961 0.085938
0 0.565918 0.300293 0.084961 0.086914
0 0.569336 0.400879 0.097656 0.098633
0 0.675781 0.130371 0.097656 0.098633
0 0.679688 0.237793 0.109375 0.110352
0 0.680176 0.355957 0.110352 0.110352
0 0.675293 0.472168 0.110352 0.110352
0 0.771973 0.082031 0.110352 0.111328
0 0.770508 0.186035 0.109375 0.110352
0 0.770508 0.297363 0.097656 0.098633
0 0.767578 0.411621 0.109375 0.110352
0 0.865234 0.138672 0.097656 0.097656
0 0.865234 0.250000 0.097656 0.097656
0 0.863770 0.357422 0.084961 0.085938
0 0.864258 0.470703 0.085938 0.085938
0 0.960449 0.529785 0.061523 0.061523
0 0.955566 0.638184 0.061523 0.061523
0 0.867188 0.579590 0.109375 0.110352
0 0.861328 0.705078 0.085938 0.085938
0 0.861328 0.805176 0.109375 0.110352
0 0.863281 0.913574 0.097656 0.098633
0 0.769531 0.521973 0.109375 0.110352
0 0.766113 0.634277 0.110352 0.110352
0 0.770020 0.744629 0.110352 0.110352
0 0.770996 0.856934 0.110352 0.110352
0 0.673340 0.573730 0.110352 0.110352
0 0.675293 0.690918 0.110352 0.110352
0 0.675781 0.790527 0.109375 0.110352
0 0.670898 0.905273 0.109375 0.111328
0 0.575195 0.507324 0.097656 0.098633
0 0.583984 0.626465 0.109375 0.110352
0 0.583008 0.740234 0.109375 0.111328
0 0.579102 0.858398 0.109375 0.111328
0 0.482422 0.464355 0.109375 0.110352
0 0.480469 0.564453 0.097656 0.097656
0 0.481445 0.691406 0.097656 0.097656
0 0.488770 0.792969 0.110352 0.111328
0 0.480957 0.910645 0.110352 0.110352
0 0.383789 0.530273 0.109375 0.111328
0 0.378418 0.637695 0.084961 0.085938
0 0.382812 0.733398 0.097656 0.097656
0 0.385254 0.851562 0.084961 0.085938
0 0.288574 0.467773 0.110352 0.111328
0 0.282227 0.579102 0.097656 0.097656
0 0.278809 0.683594 0.084961 0.085938
0 0.283691 0.799316 0.110352 0.110352
0 0.286133 0.909668 0.109375 0.110352
0 0.191406 0.533203 0.097656 0.097656
0 0.193359 0.644531 0.085938 0.085938
0 0.192383 0.757324 0.109375 0.110352
0 0.188477 0.856934 0.097656 0.098633
0 0.099609 0.465332 0.097656 0.098633
0 0.100586 0.578613 0.097656 0.098633
0 0.097656 0.691406 0.085938 0.085938
0 0.096680 0.791504 0.097656 0.098633
0 0.097168 0.915527 0.110352 0.110352