0 0.923340 0.302246 0.110352 0.110352
0 0.924316 0.403809 0.110352 0.110352
0 0.917969 0.525879 0.109375 0.110352
0 0.917480 0.630371 0.110352 0.110352
0 0.912598 0.735840 0.110352 0.110352
0 0.909668 0.866699 0.110352 0.110352
0 0.820312 0.893066 0.097656 0.098633
0 0.812988 0.792480 0.110352 0.110352
0 0.823242 0.683105 0.109375 0.110352
0 0.830078 0.574219 0.109375 0.111328
0 0.832520 0.468750 0.110352 0.111328
0 0.823730 0.359863 0.110352 0.110352
0 0.827148 0.250488 0.097656 0.098633
0 0.733398 0.295410 0.109375 0.110352
0 0.739746 0.404785 0.110352 0.110352
0 0.720215 0.506348 0.110352 0.110352
0 0.726562 0.627441 0.109375 0.110352
1 0.727539 0.737793 0.109375 0.110352
0 0.722168 0.852539 0.110352 0.111328
0 0.626953 0.905762 0.097656 0.098633
0 0.630859 0.789551 0.109375 0.110352
0 0.626953 0.678223 0.097656 0.098633
0 0.633789 0.579102 0.097656 0.097656
0 0.637695 0.246094 0.109375 0.111328
0 0.640137 0.353027 0.110352 0.110352
0 0.639648 0.467285 0.097656 0.098633
0 0.535645 0.290527 0.110352 0.110352
0 0.536621 0.408691 0.110352 0.110352
0 0.550781 0.518066 0.109375 0.110352
0 0.532715 0.625977 0.110352 0.111328
0 0.529785 0.740723 0.110352 0.110352
0 0.532227 0.845703 0.109375 0.111328
0 0.451660 0.240723 0.110352 0.110352
0 0.444824 0.354980 0.110352 0.110352
0 0.446289 0.463379 0.109375 0.110352
0 0.448730 0.564941 0.110352 0.110352
0 0.441895 0.664551 0.110352 0.110352
0 0.439453 0.771484 0.109375 0.111328
0 0.432617 0.888672 0.097656 0.097656
0 0.356445 0.285645 0.097656 0.098633
0 0.355469 0.411621 0.097656 0.098633
0 0.359375 0.513184 0.109375 0.110352
0 0.348633 0.615723 0.097656 0.098633
0 0.339355 0.744629 0.110352 0.110352
0 0.344727 0.818848 0.109375 0.110352
0 0.250000 0.894043 0.109375 0.110352
0 0.250000 0.782227 0.097656 0.097656
0 0.250000 0.666504 0.097656 0.098633
0 0.260742 0.561035 0.109375 0.110352
0 0.259766 0.458496 0.097656 0.098633
0 0.252930 0.347656 0.097656 0.097656
0 0.263672 0.233398 0.097656 0.097656
0 0.164062 0.289062 0.109375 0.111328
0 0.163086 0.400879 0.109375 0.110352
0 0.158691 0.511230 0.110352 0.110352
0 0.153809 0.615723 0.110352 0.110352
0 0.158691 0.717285 0.110352 0.110352
0 0.146973 0.840332 0.110352 0.110352
0 0.060547 0.887207 0.097656 0.098633
0 0.060547 0.766113 0.097656 0.098633
0 0.060547 0.663574 0.097656 0.098633
0 0.071289 0.223633 0.085938 0.085938
0 0.062012 0.342285 0.110352 0.110352
0 0.064453 0.446289 0.085938 0.085938
0 0.069336 0.561035 0.097656 0.098633
0 0.456543 0.062500 0.084961 0.085938