0 0.683105 0.255859 0.073242 0.074219
0 0.782715 0.085449 0.073242 0.073242
0 0.480957 0.768555 0.073242 0.074219
0 0.874023 0.236328 0.085938 0.085938
0 0.862305 0.349609 0.085938 0.085938
0 0.868652 0.482910 0.110352 0.110352
0 0.866211 0.573730 0.109375 0.110352
0 0.861816 0.701172 0.110352 0.111328
0 0.865723 0.796387 0.110352 0.110352
0 0.872070 0.920898 0.109375 0.111328
0 0.775391 0.860840 0.109375 0.110352
0 0.775391 0.754395 0.109375 0.110352
0 0.771484 0.645020 0.109375 0.110352
0 0.682617 0.489258 0.085938 0.085938
0 0.682617 0.587891 0.085938 0.085938
0 0.676758 0.704590 0.097656 0.098633
0 0.675781 0.807617 0.097656 0.097656
0 0.583008 0.195801 0.097656 0.098633
0 0.580566 0.312012 0.110352 0.110352
0 0.482422 0.358887 0.097656 0.098633
0 0.491699 0.250488 0.110352 0.110352
0 0.393555 0.293457 0.109375 0.110352
0 0.305664 0.241211 0.085938 0.085938
0 0.294922 0.345703 0.085938 0.085938
0 0.298828 0.470703 0.085938 0.085938
0 0.291992 0.570312 0.085938 0.085938
0 0.298340 0.702148 0.084961 0.085938
0 0.405762 0.718750 0.084961 0.085938
0 0.401855 0.635742 0.084961 0.085938
0 0.391602 0.519531 0.085938 0.085938
0 0.393066 0.405273 0.084961 0.085938
0 0.487305 0.475586 0.085938 0.085938
0 0.484863 0.597656 0.084961 0.085938
0 0.485840 0.679688 0.084961 0.085938
0 0.583984 0.830078 0.085938 0.085938
0 0.581543 0.722656 0.084961 0.085938
0 0.589355 0.627930 0.084961 0.085938
0 0.581543 0.533203 0.084961 0.085938
0 0.585938 0.422852 0.085938 0.085938
0 0.771973 0.297852 0.084961 0.085938
0 0.770508 0.423828 0.085938 0.085938
0 0.769043 0.534180 0.084961 0.085938
0 0.685059 0.369141 0.084961 0.085938
0 0.296875 0.907227 0.097656 0.097656
0 0.206055 0.191895 0.097656 0.098633
0 0.209961 0.307617 0.085938 0.085938
0 0.208008 0.415527 0.097656 0.098633
0 0.205566 0.524414 0.084961 0.085938
0 0.204102 0.642090 0.097656 0.098633
0 0.205078 0.755371 0.097656 0.098633
0 0.115234 0.256836 0.097656 0.097656
0 0.116211 0.359375 0.097656 0.097656
0 0.116699 0.469727 0.084961 0.085938
0 0.116211 0.587402 0.097656 0.098633
0 0.112305 0.700195 0.085938 0.085938
0 0.109375 0.809570 0.097656 0.097656
0 0.104492 0.908203 0.085938 0.085938
0 0.874512 0.141602 0.073242 0.074219
0 0.118164 0.141113 0.097656 0.098633
0 0.210938 0.074707 0.097656 0.098633
0 0.307129 0.125488 0.110352 0.110352
0 0.396484 0.073730 0.097656 0.098633
0 0.497070 0.138672 0.109375 0.111328
0 0.397461 0.185547 0.085938 0.085938
0 0.582031 0.082520 0.109375 0.110352
0 0.681641 0.143555 0.085938 0.085938