0 0.261230 0.466797 0.073242 0.074219
0 0.074219 0.134766 0.085938 0.085938
0 0.175781 0.081055 0.097656 0.097656
0 0.357910 0.077148 0.084961 0.085938
0 0.450195 0.133789 0.085938 0.085938
0 0.265137 0.147461 0.084961 0.085938
0 0.451172 0.241211 0.085938 0.085938
0 0.447266 0.349609 0.097656 0.097656
0 0.450684 0.472656 0.084961 0.085938
0 0.451660 0.567383 0.084961 0.085938
0 0.450684 0.690430 0.084961 0.085938
0 0.354980 0.185547 0.084961 0.085938
0 0.354492 0.302734 0.097656 0.097656
0 0.356445 0.414062 0.097656 0.097656
0 0.360352 0.521484 0.085938 0.085938
0 0.354492 0.628906 0.085938 0.085938
1 0.261230 0.242188 0.084961 0.085938
0 0.261719 0.353516 0.097656 0.097656
0 0.266602 0.574707 0.097656 0.098633
0 0.171875 0.189453 0.085938 0.085938
0 0.168945 0.301270 0.097656 0.098633
0 0.169922 0.414551 0.097656 0.098633
0 0.166504 0.517578 0.084961 0.085938
0 0.167969 0.633301 0.097656 0.098633
0 0.077148 0.238770 0.097656 0.098633
0 0.074219 0.353027 0.097656 0.098633
0 0.073242 0.459473 0.097656 0.098633
0 0.072266 0.573730 0.097656 0.098633
0 0.070312 0.687012 0.097656 0.098633
0 0.072266 0.791992 0.085938 0.085938
0 0.069336 0.899414 0.085938 0.085938
0 0.173340 0.740234 0.084961 0.085938
0 0.165039 0.841309 0.097656 0.098633
0 0.264648 0.692871 0.097656 0.098633
0 0.262695 0.794434 0.097656 0.098633
1 0.354492 0.737305 0.085938 0.085938
0 0.359375 0.847168 0.097656 0.098633
0 0.457031 0.798828 0.085938 0.085938