0 0.509277 0.706055 0.073242 0.074219
0 0.511230 0.791992 0.073242 0.074219
0 0.712402 0.773926 0.073242 0.073242
0 0.705566 0.557617 0.073242 0.074219
0 0.431152 0.759277 0.073242 0.073242
0 0.624023 0.887207 0.060547 0.061523
0 0.429199 0.856934 0.073242 0.073242
0 0.904297 0.136719 0.097656 0.097656
0 0.909180 0.228027 0.097656 0.098633
0 0.894531 0.332031 0.097656 0.097656
0 0.895508 0.459473 0.097656 0.098633
0 0.890625 0.568848 0.097656 0.098633
0 0.886719 0.674316 0.097656 0.098633
0 0.897949 0.783203 0.084961 0.085938
0 0.802246 0.831055 0.084961 0.085938
0 0.811035 0.183594 0.110352 0.111328
0 0.814941 0.308594 0.122070 0.123047
0 0.808105 0.414062 0.084961 0.085938
0 0.791016 0.531250 0.085938 0.085938
0 0.793457 0.616699 0.084961 0.086914
0 0.799805 0.724609 0.097656 0.097656
0 0.715332 0.132324 0.110352 0.110352
0 0.719238 0.241699 0.110352 0.110352
0 0.716797 0.354004 0.097656 0.098633
0 0.718750 0.452637 0.097656 0.098633
0 0.626953 0.539551 0.060547 0.061523
0 0.626465 0.642578 0.073242 0.074219
0 0.629395 0.728516 0.084961 0.085938
0 0.620117 0.807617 0.085938 0.085938
0 0.494629 0.891113 0.061523 0.061523
0 0.248047 0.844727 0.085938 0.085938
0 0.621094 0.198730 0.109375 0.110352
0 0.628418 0.295410 0.110352 0.110352
0 0.625977 0.410645 0.109375 0.110352
0 0.530273 0.137695 0.085938 0.085938
0 0.525391 0.248535 0.109375 0.110352
0 0.527832 0.354980 0.110352 0.110352
0 0.527344 0.455078 0.109375 0.111328
0 0.515625 0.597168 0.097656 0.098633
0 0.431641 0.645020 0.097656 0.098633
0 0.446289 0.530273 0.085938 0.085938
0 0.432129 0.187012 0.084961 0.086914
0 0.438477 0.291016 0.097656 0.097656
0 0.431641 0.422363 0.097656 0.098633
0 0.330078 0.130859 0.085938 0.085938
0 0.331543 0.244141 0.084961 0.085938
0 0.338867 0.357422 0.097656 0.097656
0 0.342773 0.460449 0.109375 0.110352
0 0.353027 0.597656 0.084961 0.085938
0 0.343750 0.691895 0.097656 0.098633
0 0.330566 0.812500 0.084961 0.085938
0 0.253418 0.739746 0.110352 0.110352
0 0.245605 0.645996 0.110352 0.110352
0 0.248535 0.518555 0.110352 0.111328
0 0.250977 0.416992 0.109375 0.111328
0 0.249023 0.301270 0.097656 0.098633
1 0.249512 0.189453 0.073242 0.074219
0 0.151855 0.126953 0.084961 0.085938
0 0.148926 0.248047 0.084961 0.085938
0 0.151367 0.356934 0.109375 0.110352
0 0.154297 0.465332 0.097656 0.098633
0 0.160156 0.588867 0.085938 0.085938
0 0.155273 0.687500 0.109375 0.111328
0 0.156250 0.794434 0.097656 0.098633
0 0.150879 0.902344 0.084961 0.085938
0 0.074707 0.857910 0.084961 0.086914
0 0.064453 0.752930 0.085938 0.085938
0 0.064941 0.633789 0.084961 0.085938
0 0.073730 0.524414 0.084961 0.085938
0 0.076660 0.412109 0.084961 0.085938
0 0.077148 0.306152 0.097656 0.098633
0 0.062500 0.201172 0.085938 0.085938
1 0.254395 0.065430 0.073242 0.074219
0 0.627930 0.083984 0.085938 0.085938
0 0.438965 0.072266 0.084961 0.085938
0 0.073242 0.075684 0.097656 0.098633
0 0.817871 0.091309 0.110352 0.110352
0 0.709961 0.661621 0.097656 0.098633