0 0.736328 0.168945 0.085938 0.085938
0 0.930176 0.173340 0.073242 0.073242
0 0.923340 0.390625 0.084961 0.085938
0 0.928223 0.507324 0.073242 0.073242
0 0.075195 0.114746 0.097656 0.098633
0 0.078125 0.230957 0.109375 0.110352
0 0.174316 0.060547 0.110352 0.111328
0 0.174805 0.170410 0.097656 0.098633
0 0.264160 0.116211 0.110352 0.111328
0 0.271973 0.212891 0.110352 0.111328
0 0.360352 0.060547 0.097656 0.097656
0 0.362305 0.174805 0.097656 0.097656
0 0.454102 0.115723 0.097656 0.098633
0 0.549316 0.064453 0.084961 0.085938
0 0.549316 0.172852 0.073242 0.074219
1 0.643066 0.120605 0.073242 0.073242
0 0.735352 0.064941 0.085938 0.086914
0 0.831543 0.116211 0.084961 0.085938
0 0.926270 0.064941 0.061523 0.061523
0 0.834961 0.228027 0.085938 0.086914
0 0.647461 0.222168 0.097656 0.098633
0 0.922363 0.281738 0.073242 0.073242
0 0.925781 0.613281 0.085938 0.085938
0 0.926758 0.724609 0.097656 0.097656
0 0.830078 0.338867 0.085938 0.085938
0 0.826172 0.450684 0.097656 0.098633
0 0.829102 0.558594 0.085938 0.085938
0 0.829102 0.665039 0.097656 0.097656
0 0.733398 0.285645 0.097656 0.098633
0 0.733398 0.393066 0.097656 0.098633
0 0.735840 0.507812 0.084961 0.085938
0 0.738770 0.616211 0.084961 0.085938
0 0.737305 0.720703 0.097656 0.097656
0 0.641602 0.334473 0.097656 0.098633
0 0.644531 0.447266 0.097656 0.097656
0 0.641113 0.566406 0.084961 0.085938
0 0.639648 0.668945 0.097656 0.097656
0 0.551758 0.279297 0.097656 0.097656
0 0.548828 0.399414 0.085938 0.085938
0 0.551270 0.507812 0.073242 0.074219
0 0.549316 0.616211 0.073242 0.074219
0 0.541504 0.728027 0.073242 0.073242
0 0.454102 0.228516 0.109375 0.111328
0 0.453125 0.339844 0.097656 0.097656
0 0.457031 0.453125 0.097656 0.097656
0 0.457520 0.558594 0.084961 0.085938
0 0.458984 0.667480 0.097656 0.098633
0 0.359375 0.282227 0.097656 0.097656
0 0.359375 0.393066 0.097656 0.098633
0 0.361816 0.503906 0.084961 0.085938
0 0.360352 0.615723 0.097656 0.098633
0 0.360352 0.729980 0.097656 0.098633
0 0.266113 0.341309 0.110352 0.110352
0 0.268066 0.448730 0.110352 0.110352
0 0.264648 0.559570 0.085938 0.085938
0 0.266602 0.668457 0.097656 0.098633
0 0.167969 0.282715 0.097656 0.098633
0 0.165039 0.392090 0.097656 0.098633
0 0.173828 0.505371 0.097656 0.098633
0 0.174805 0.612793 0.097656 0.098633
0 0.171875 0.724121 0.097656 0.098633
0 0.069336 0.344238 0.109375 0.110352
0 0.068359 0.456543 0.109375 0.110352
0 0.071777 0.559082 0.110352 0.110352
0 0.067871 0.666504 0.110352 0.110352
0 0.072754 0.783691 0.110352 0.110352
0 0.069824 0.895020 0.110352 0.110352
0 0.173828 0.836426 0.109375 0.110352
0 0.173828 0.944824 0.097656 0.098633
0 0.266602 0.776855 0.109375 0.110352
0 0.273438 0.900879 0.109375 0.110352
0 0.361328 0.831055 0.097656 0.097656
0 0.454590 0.782227 0.073242 0.074219
0 0.457031 0.889648 0.097656 0.097656
0 0.546387 0.833984 0.073242 0.074219
0 0.542969 0.946289 0.097656 0.097656
0 0.644531 0.776855 0.097656 0.098633
0 0.640625 0.890625 0.085938 0.085938
0 0.737305 0.828613 0.097656 0.098633
0 0.742188 0.946777 0.097656 0.098633
0 0.831055 0.779785 0.085938 0.086914
0 0.831055 0.887207 0.097656 0.098633
0 0.930664 0.833496 0.097656 0.098633
0 0.923828 0.941895 0.097656 0.098633