0 0.937012 0.309082 0.073242 0.073242
0 0.834961 0.912109 0.085938 0.085938
0 0.754883 0.846191 0.109375 0.110352
0 0.739258 0.732910 0.097656 0.098633
0 0.734375 0.636719 0.085938 0.085938
0 0.743652 0.526367 0.084961 0.085938
0 0.747559 0.415527 0.110352 0.110352
0 0.653320 0.367188 0.109375 0.111328
0 0.656250 0.476562 0.097656 0.097656
0 0.644531 0.585938 0.097656 0.097656
0 0.645508 0.689941 0.097656 0.098633
0 0.647461 0.800293 0.097656 0.098633
0 0.639648 0.900879 0.097656 0.098633
0 0.543945 0.846191 0.097656 0.098633
0 0.550781 0.741699 0.097656 0.098633
0 0.557617 0.637695 0.097656 0.097656
0 0.554688 0.524414 0.097656 0.097656
0 0.557617 0.421875 0.097656 0.097656
0 0.556641 0.311035 0.097656 0.098633
0 0.933594 0.861816 0.109375 0.110352
0 0.932129 0.750000 0.110352 0.111328
0 0.933594 0.638184 0.109375 0.110352
0 0.928223 0.539062 0.073242 0.074219
0 0.936523 0.422363 0.109375 0.110352
0 0.844727 0.372559 0.109375 0.110352
0 0.831543 0.471191 0.110352 0.110352
0 0.833008 0.579590 0.097656 0.098633
0 0.832520 0.700684 0.110352 0.110352
0 0.834961 0.806152 0.097656 0.098633
0 0.461914 0.367676 0.097656 0.098633
0 0.455078 0.475586 0.109375 0.111328
0 0.459961 0.582520 0.097656 0.098633
0 0.453613 0.681152 0.110352 0.110352
0 0.453125 0.796875 0.097656 0.097656
0 0.452148 0.903809 0.097656 0.098633
0 0.363281 0.824219 0.097656 0.097656
0 0.359375 0.735840 0.097656 0.098633
0 0.364746 0.619629 0.110352 0.110352
0 0.371094 0.518555 0.109375 0.111328
1 0.368652 0.410645 0.110352 0.110352
0 0.372559 0.299805 0.110352 0.111328
0 0.272949 0.362305 0.110352 0.111328
0 0.269043 0.473145 0.110352 0.110352
0 0.272949 0.566406 0.110352 0.111328
0 0.266113 0.682129 0.110352 0.110352
0 0.180664 0.741699 0.109375 0.110352
0 0.174316 0.625000 0.110352 0.111328
0 0.174805 0.521973 0.109375 0.110352
0 0.181152 0.411621 0.110352 0.110352
0 0.178711 0.314941 0.109375 0.110352
0 0.086914 0.351562 0.109375 0.111328
0 0.083008 0.458496 0.097656 0.098633
0 0.082031 0.566406 0.097656 0.097656
0 0.081543 0.679199 0.110352 0.110352
0 0.083008 0.796387 0.097656 0.098633
0 0.079102 0.904785 0.097656 0.098633
0 0.168945 0.842285 0.109375 0.110352
0 0.852539 0.123047 0.097656 0.097656
0 0.751465 0.066895 0.110352 0.110352
0 0.563965 0.082520 0.084961 0.086914
0 0.371094 0.091309 0.097656 0.098633
0 0.181641 0.098633 0.085938 0.085938