0 0.359863 0.669434 0.073242 0.073242
0 0.360840 0.561523 0.084961 0.085938
0 0.090332 0.931152 0.073242 0.073242
0 0.082520 0.833984 0.073242 0.074219
0 0.936523 0.770996 0.060547 0.061523
0 0.568359 0.572754 0.060547 0.061523
0 0.834473 0.615234 0.073242 0.074219
0 0.077637 0.716797 0.073242 0.074219
0 0.188477 0.559082 0.097656 0.098633
0 0.193848 0.675781 0.110352 0.111328
0 0.199707 0.780273 0.110352 0.111328
0 0.194824 0.885742 0.073242 0.074219
0 0.284180 0.608887 0.097656 0.098633
0 0.284180 0.725586 0.097656 0.097656
0 0.284668 0.839844 0.073242 0.074219
0 0.279785 0.941406 0.073242 0.074219
0 0.384277 0.774414 0.073242 0.074219
0 0.378906 0.888672 0.097656 0.097656
0 0.470215 0.607910 0.084961 0.086914
0 0.474121 0.721191 0.110352 0.110352
0 0.479004 0.837402 0.110352 0.110352
0 0.473145 0.943848 0.110352 0.110352
0 0.575684 0.664551 0.122070 0.122070
0 0.578125 0.779785 0.097656 0.098633
0 0.568359 0.892090 0.097656 0.098633
0 0.659180 0.621094 0.085938 0.085938
0 0.664062 0.727051 0.097656 0.098633
0 0.656250 0.840332 0.097656 0.098633
0 0.660156 0.948242 0.085938 0.085938
0 0.747559 0.673828 0.084961 0.085938
0 0.749512 0.795898 0.084961 0.085938
0 0.753906 0.895020 0.085938 0.086914
0 0.835449 0.739258 0.084961 0.085938
0 0.833496 0.849609 0.084961 0.085938
0 0.833496 0.949219 0.084961 0.085938
0 0.940430 0.676758 0.048828 0.048828
0 0.932617 0.881836 0.085938 0.085938