0 0.936035 0.457031 0.084961 0.085938
0 0.929688 0.570312 0.097656 0.097656
0 0.926758 0.673340 0.097656 0.098633
0 0.923828 0.786621 0.097656 0.098633
0 0.919922 0.902344 0.085938 0.085938
0 0.824219 0.942383 0.109375 0.111328
0 0.824707 0.830566 0.110352 0.110352
1 0.837891 0.722656 0.097656 0.097656
0 0.828613 0.615723 0.110352 0.110352
0 0.832520 0.506348 0.110352 0.110352
1 0.735352 0.460938 0.097656 0.097656
0 0.729492 0.564941 0.097656 0.098633
0 0.731445 0.674316 0.097656 0.098633
0 0.734375 0.779785 0.109375 0.110352
0 0.729004 0.897949 0.110352 0.110352
0 0.640137 0.513184 0.110352 0.110352
0 0.639648 0.620605 0.097656 0.098633
0 0.631836 0.731445 0.097656 0.097656
0 0.638672 0.843262 0.085938 0.086914
0 0.544434 0.456543 0.110352 0.110352
0 0.546875 0.559570 0.109375 0.111328
0 0.542969 0.674316 0.097656 0.098633
0 0.541504 0.791016 0.110352 0.111328
0 0.544922 0.900391 0.097656 0.097656
0 0.450195 0.632324 0.109375 0.110352
0 0.447266 0.720703 0.097656 0.097656
0 0.452637 0.806641 0.110352 0.111328
0 0.457520 0.921387 0.110352 0.110352
0 0.358398 0.903809 0.097656 0.098633
0 0.371582 0.442383 0.110352 0.111328
0 0.363281 0.542480 0.109375 0.110352
0 0.363281 0.687012 0.109375 0.110352
0 0.359375 0.776855 0.097656 0.098633
0 0.253906 0.500488 0.109375 0.110352
0 0.262695 0.728516 0.097656 0.097656
0 0.263672 0.834961 0.097656 0.097656
0 0.263672 0.948242 0.097656 0.097656
0 0.165039 0.457520 0.097656 0.098633
0 0.099609 0.691895 0.048828 0.049805
0 0.164551 0.551270 0.110352 0.110352
0 0.167969 0.909180 0.097656 0.097656
0 0.072266 0.943848 0.109375 0.110352
0 0.928711 0.349121 0.109375 0.110352
0 0.831543 0.396973 0.110352 0.110352
0 0.736328 0.354980 0.109375 0.110352
0 0.628906 0.397949 0.109375 0.110352
0 0.642578 0.066406 0.097656 0.097656
0 0.547852 0.137695 0.097656 0.097656
0 0.544922 0.336914 0.109375 0.111328
0 0.460938 0.190918 0.097656 0.098633
0 0.457520 0.079102 0.110352 0.111328
0 0.373047 0.131348 0.109375 0.110352
0 0.376953 0.242676 0.109375 0.110352
0 0.362793 0.349609 0.110352 0.111328
0 0.261719 0.392578 0.109375 0.111328
0 0.263184 0.287109 0.110352 0.111328
0 0.263184 0.170898 0.084961 0.085938
0 0.086426 0.075195 0.084961 0.085938
0 0.085938 0.176270 0.097656 0.098633
0 0.183594 0.340332 0.097656 0.098633