0 0.906250 0.633301 0.097656 0.098633
0 0.909180 0.705078 0.085938 0.085938
0 0.903809 0.819336 0.110352 0.111328
0 0.896973 0.943848 0.110352 0.110352
0 0.802734 0.548340 0.097656 0.098633
0 0.809570 0.661621 0.097656 0.098633
0 0.806641 0.774902 0.085938 0.086914
0 0.809570 0.880371 0.097656 0.098633
0 0.717773 0.603027 0.097656 0.098633
0 0.713867 0.714844 0.097656 0.097656
0 0.713867 0.817383 0.085938 0.085938
0 0.714844 0.928223 0.097656 0.098633
0 0.618164 0.658691 0.109375 0.110352
0 0.625000 0.771973 0.097656 0.098633
0 0.616699 0.883789 0.084961 0.085938
0 0.527832 0.604004 0.110352 0.110352
0 0.526367 0.718750 0.109375 0.111328
0 0.527344 0.825684 0.097656 0.098633
0 0.523438 0.934570 0.097656 0.097656
0 0.439941 0.660156 0.084961 0.085938
0 0.434570 0.769043 0.097656 0.098633
0 0.426758 0.886230 0.097656 0.098633
0 0.344238 0.606445 0.084961 0.085938
0 0.337891 0.719727 0.097656 0.097656
0 0.334961 0.822754 0.097656 0.098633
0 0.332031 0.936035 0.097656 0.098633
1 0.246094 0.872070 0.097656 0.097656
0 0.236816 0.765137 0.110352 0.110352
0 0.240723 0.655762 0.110352 0.110352
1 0.143555 0.610352 0.097656 0.097656
0 0.137695 0.714355 0.097656 0.098633
0 0.139648 0.823730 0.097656 0.098633
0 0.142578 0.929199 0.109375 0.110352
1 0.718262 0.371582 0.061523 0.061523
0 0.811035 0.441406 0.084961 0.085938
0 0.908203 0.400391 0.085938 0.085938
0 0.908203 0.490234 0.085938 0.085938
0 0.903320 0.064453 0.109375 0.111328
0 0.907227 0.166016 0.109375 0.111328
0 0.811523 0.221680 0.109375 0.111328
0 0.819336 0.112793 0.109375 0.110352
0 0.721680 0.055176 0.097656 0.098633
0 0.723633 0.161621 0.097656 0.098633
0 0.723633 0.245117 0.097656 0.097656
0 0.621094 0.199707 0.097656 0.098633
0 0.630859 0.098145 0.109375 0.110352
0 0.541504 0.138184 0.110352 0.110352
0 0.437988 0.086426 0.110352 0.110352
0 0.337402 0.061035 0.110352 0.110352
0 0.716797 0.489746 0.109375 0.110352
0 0.622559 0.552246 0.110352 0.110352
0 0.530762 0.502441 0.110352 0.110352
0 0.627930 0.424805 0.085938 0.085938
0 0.536133 0.388184 0.109375 0.110352
0 0.529297 0.313965 0.097656 0.098633
0 0.437988 0.349121 0.110352 0.110352
0 0.439453 0.444824 0.097656 0.098633
0 0.440430 0.534668 0.109375 0.110352
0 0.336914 0.498535 0.109375 0.110352
0 0.239746 0.546387 0.110352 0.110352
0 0.144531 0.504395 0.109375 0.110352
0 0.050781 0.215820 0.097656 0.097656
0 0.244629 0.115723 0.073242 0.073242
0 0.145996 0.057129 0.110352 0.110352
0 0.147461 0.170410 0.109375 0.110352
0 0.055664 0.106445 0.109375 0.111328