0 0.576172 0.049805 0.085938 0.085938
0 0.576660 0.154785 0.061523 0.061523
0 0.577148 0.269043 0.097656 0.098633
1 0.575684 0.375488 0.110352 0.110352
0 0.668945 0.208008 0.085938 0.085938
0 0.684082 0.325195 0.084961 0.085938
0 0.479980 0.100586 0.084961 0.085938
0 0.480957 0.220215 0.110352 0.110352
0 0.481445 0.325684 0.109375 0.110352
0 0.382812 0.157715 0.060547 0.061523
0 0.384766 0.256348 0.109375 0.110352
0 0.382812 0.375488 0.109375 0.110352
0 0.296875 0.104004 0.097656 0.098633
0 0.289062 0.209473 0.097656 0.098633
0 0.289062 0.317871 0.097656 0.098633
0 0.196777 0.159668 0.073242 0.073242
0 0.198242 0.264160 0.097656 0.098633
0 0.196289 0.377441 0.097656 0.098633
0 0.098633 0.091309 0.097656 0.098633
0 0.095703 0.221191 0.097656 0.098633
0 0.101562 0.326660 0.109375 0.110352
0 0.104004 0.427246 0.110352 0.110352
0 0.102539 0.548828 0.085938 0.085938
0 0.102539 0.655273 0.097656 0.097656
0 0.107422 0.766113 0.097656 0.098633
0 0.198730 0.485840 0.110352 0.110352
0 0.197754 0.590820 0.110352 0.111328
0 0.198242 0.712891 0.109375 0.111328
0 0.194336 0.818848 0.109375 0.110352
0 0.292969 0.428223 0.109375 0.110352
0 0.290527 0.545410 0.110352 0.110352
0 0.292480 0.651855 0.110352 0.110352
0 0.293457 0.762695 0.110352 0.111328
0 0.380859 0.479980 0.109375 0.110352
0 0.379883 0.593262 0.109375 0.110352
0 0.387695 0.704590 0.109375 0.110352
0 0.480469 0.430176 0.097656 0.098633
0 0.480469 0.541504 0.109375 0.110352
0 0.483398 0.647949 0.097656 0.098633
0 0.484375 0.760254 0.109375 0.110352
0 0.579590 0.477051 0.110352 0.110352
0 0.574707 0.591309 0.110352 0.110352
0 0.578613 0.710449 0.110352 0.110352
0 0.581055 0.815918 0.109375 0.110352
0 0.679688 0.432617 0.085938 0.085938
0 0.683105 0.534180 0.084961 0.085938
0 0.678223 0.645508 0.084961 0.085938
0 0.679199 0.758789 0.084961 0.085938
0 0.765625 0.267578 0.097656 0.097656
0 0.778320 0.375000 0.097656 0.097656
0 0.774414 0.486816 0.109375 0.110352
0 0.772461 0.592285 0.109375 0.110352
0 0.774414 0.707520 0.097656 0.098633
0 0.771973 0.815918 0.110352 0.110352
0 0.870605 0.321289 0.110352 0.111328
0 0.874512 0.430664 0.110352 0.111328
0 0.874023 0.542480 0.109375 0.110352
0 0.870117 0.645020 0.097656 0.098633
0 0.873047 0.761230 0.109375 0.110352
0 0.864746 0.210938 0.084961 0.085938
0 0.864258 0.874512 0.109375 0.110352
0 0.773926 0.927246 0.110352 0.110352
0 0.681641 0.869629 0.097656 0.098633
0 0.580078 0.928223 0.109375 0.110352
0 0.482422 0.872559 0.109375 0.110352
0 0.384277 0.816406 0.110352 0.111328
0 0.386230 0.923828 0.110352 0.111328
0 0.296387 0.879883 0.110352 0.111328
0 0.199219 0.927246 0.097656 0.098633
0 0.099609 0.871582 0.109375 0.110352