0 0.486816 0.313477 0.073242 0.074219
0 0.393555 0.252441 0.060547 0.061523
0 0.495605 0.753418 0.073242 0.073242
0 0.568848 0.904297 0.073242 0.074219
0 0.682129 0.183594 0.073242 0.074219
1 0.492676 0.956055 0.073242 0.074219
1 0.487793 0.848145 0.073242 0.073242
0 0.394531 0.806641 0.085938 0.085938
0 0.394531 0.921875 0.085938 0.085938
1 0.583496 0.810547 0.073242 0.074219
1 0.583496 0.690918 0.073242 0.073242
0 0.864258 0.199219 0.085938 0.085938
0 0.865234 0.312500 0.085938 0.085938
0 0.860352 0.421875 0.097656 0.097656
0 0.870117 0.539062 0.109375 0.111328
0 0.865234 0.635254 0.097656 0.098633
0 0.871582 0.756348 0.110352 0.110352
0 0.866211 0.858887 0.109375 0.110352
0 0.772949 0.910645 0.110352 0.110352
0 0.778320 0.817383 0.109375 0.111328
0 0.765625 0.693848 0.109375 0.110352
0 0.765625 0.581543 0.109375 0.110352
0 0.769531 0.471191 0.109375 0.110352
0 0.773438 0.367188 0.109375 0.111328
0 0.779297 0.244629 0.097656 0.098633
0 0.684570 0.296875 0.085938 0.085938
0 0.680664 0.521973 0.097656 0.098633
0 0.676758 0.404785 0.085938 0.086914
0 0.583496 0.470703 0.084961 0.085938
0 0.581055 0.368164 0.085938 0.085938
0 0.202148 0.384766 0.085938 0.085938
0 0.109375 0.527344 0.085938 0.085938
0 0.673828 0.736328 0.085938 0.085938
0 0.678711 0.856445 0.085938 0.085938
0 0.676270 0.636719 0.084961 0.085938
0 0.578125 0.244629 0.097656 0.098633
0 0.494141 0.211914 0.097656 0.097656
0 0.488281 0.422852 0.097656 0.097656
0 0.489258 0.525879 0.097656 0.098633
0 0.495605 0.646484 0.084961 0.085938
0 0.580566 0.579102 0.084961 0.085938
0 0.401367 0.372070 0.109375 0.111328
0 0.395020 0.479004 0.110352 0.110352
0 0.395996 0.586426 0.110352 0.110352
0 0.396973 0.706543 0.110352 0.110352
0 0.306641 0.763672 0.085938 0.085938
0 0.307617 0.853516 0.085938 0.085938
0 0.312012 0.655273 0.084961 0.085938
0 0.308105 0.523926 0.110352 0.110352
0 0.304199 0.422363 0.110352 0.110352
0 0.308594 0.317383 0.085938 0.085938
0 0.311523 0.205566 0.097656 0.098633
0 0.206055 0.261230 0.097656 0.098633
0 0.204590 0.501953 0.110352 0.111328
0 0.200684 0.612793 0.110352 0.110352
0 0.203125 0.720215 0.097656 0.098633
0 0.208008 0.801270 0.097656 0.098633
0 0.108887 0.875000 0.084961 0.085938
0 0.207031 0.915527 0.097656 0.098633
0 0.112305 0.767090 0.097656 0.098633
0 0.109375 0.205078 0.085938 0.085938
1 0.121094 0.306641 0.097656 0.097656
0 0.114258 0.422852 0.085938 0.085938
0 0.114258 0.673828 0.085938 0.085938
0 0.117188 0.094238 0.097656 0.098633
0 0.206055 0.148926 0.097656 0.098633
0 0.310059 0.075195 0.084961 0.085938
0 0.397949 0.153320 0.084961 0.085938
0 0.496094 0.115723 0.097656 0.098633
0 0.586426 0.145508 0.084961 0.085938
0 0.674316 0.082031 0.084961 0.085938
0 0.779297 0.052246 0.097656 0.098633
0 0.773926 0.148438 0.110352 0.111328
0 0.868164 0.088867 0.097656 0.097656