0 0.439941 0.109863 0.073242 0.073242
0 0.513184 0.260742 0.073242 0.074219
0 0.691895 0.953125 0.073242 0.074219
0 0.888184 0.804688 0.073242 0.074219
0 0.897949 0.379395 0.110352 0.110352
0 0.901855 0.488770 0.110352 0.110352
0 0.899414 0.601074 0.097656 0.098633
0 0.901367 0.699707 0.097656 0.098633
0 0.809570 0.786621 0.060547 0.061523
0 0.809082 0.889648 0.073242 0.074219
0 0.803711 0.445801 0.109375 0.110352
0 0.811035 0.542480 0.110352 0.110352
0 0.808594 0.657715 0.109375 0.110352
0 0.712891 0.384766 0.085938 0.085938
0 0.708008 0.495605 0.109375 0.110352
0 0.710449 0.602051 0.110352 0.110352
0 0.709961 0.702148 0.109375 0.111328
0 0.698242 0.844238 0.097656 0.098633
0 0.614258 0.892090 0.097656 0.098633
0 0.628906 0.777344 0.085938 0.085938
0 0.614746 0.434082 0.084961 0.086914
0 0.621094 0.538086 0.097656 0.097656
0 0.614258 0.669434 0.097656 0.098633
0 0.512695 0.377930 0.085938 0.085938
0 0.514160 0.491211 0.084961 0.085938
0 0.521484 0.604492 0.097656 0.097656
0 0.525391 0.707520 0.109375 0.110352
0 0.535645 0.844727 0.084961 0.085938
0 0.526367 0.938965 0.097656 0.098633
0 0.428223 0.893066 0.110352 0.110352
0 0.431152 0.765625 0.110352 0.111328
0 0.433594 0.664062 0.109375 0.111328
0 0.431641 0.548340 0.097656 0.098633
1 0.432129 0.436523 0.073242 0.074219
0 0.334473 0.374023 0.084961 0.085938
0 0.331543 0.495117 0.084961 0.085938
0 0.333984 0.604004 0.109375 0.110352
0 0.336914 0.712402 0.097656 0.098633
0 0.342773 0.835938 0.085938 0.085938
0 0.337891 0.934570 0.109375 0.111328
0 0.247559 0.880859 0.084961 0.085938
0 0.256348 0.771484 0.084961 0.085938
0 0.259277 0.659180 0.084961 0.085938
0 0.259766 0.553223 0.097656 0.098633
0 0.245117 0.448242 0.085938 0.085938
0 0.151367 0.377441 0.097656 0.098633
0 0.146973 0.501465 0.110352 0.110352
0 0.147949 0.607910 0.110352 0.110352
0 0.151855 0.717285 0.096680 0.098633
0 0.152832 0.821289 0.084961 0.085938
0 0.145508 0.937012 0.097656 0.098633
0 0.060059 0.878418 0.084961 0.086914
0 0.060547 0.446777 0.109375 0.110352
0 0.060547 0.553223 0.097656 0.098633
0 0.060059 0.663574 0.110352 0.110352
0 0.057617 0.776855 0.109375 0.110352
1 0.437012 0.312500 0.073242 0.074219
1 0.432129 0.204590 0.073242 0.073242
0 0.338867 0.163086 0.085938 0.085938
0 0.338867 0.278320 0.085938 0.085938
1 0.527832 0.166992 0.073242 0.074219
1 0.527832 0.047363 0.073242 0.073242
0 0.902344 0.272949 0.097656 0.098633
0 0.896973 0.166016 0.110352 0.111328
0 0.903320 0.055664 0.097656 0.097656
0 0.815918 0.112793 0.110352 0.110352
0 0.810547 0.215332 0.109375 0.110352
0 0.717285 0.267090 0.110352 0.110352
0 0.810547 0.331055 0.085938 0.085938
0 0.722656 0.173828 0.109375 0.111328
0 0.618164 0.092773 0.085938 0.085938
0 0.623047 0.212891 0.085938 0.085938
0 0.621582 0.319336 0.084961 0.085938
0 0.341309 0.062988 0.110352 0.110352
0 0.250977 0.120117 0.085938 0.085938
0 0.251953 0.209961 0.085938 0.085938
0 0.147461 0.076660 0.097656 0.098633
0 0.152344 0.157715 0.097656 0.098633
0 0.053223 0.231445 0.084961 0.085938
0 0.054688 0.326660 0.097656 0.098633
0 0.151367 0.271973 0.097656 0.098633
0 0.255859 0.322754 0.097656 0.098633
0 0.056641 0.123535 0.097656 0.098633
0 0.892578 0.908691 0.097656 0.098633