0 0.586426 0.236816 0.061523 0.061523
0 0.314941 0.283691 0.061523 0.061523
0 0.508789 0.388184 0.060547 0.061523
0 0.874512 0.302734 0.073242 0.074219
0 0.590332 0.343750 0.073242 0.074219
0 0.310547 0.940918 0.109375 0.110352
0 0.218750 0.883301 0.109375 0.110352
1 0.969727 0.465332 0.048828 0.049805
1 0.874023 0.506836 0.048828 0.048828
1 0.869141 0.416992 0.048828 0.048828
1 0.792969 0.360840 0.060547 0.061523
1 0.690918 0.395996 0.036133 0.036133
1 0.966309 0.354980 0.061523 0.061523
0 0.872559 0.841309 0.110352 0.110352
0 0.876953 0.726562 0.097656 0.097656
0 0.873047 0.621094 0.097656 0.097656
0 0.786621 0.242188 0.084961 0.085938
0 0.688477 0.285156 0.085938 0.085938
0 0.504883 0.289062 0.048828 0.048828
0 0.786133 0.570312 0.097656 0.097656
0 0.795410 0.452148 0.084961 0.085938
0 0.781250 0.698242 0.085938 0.085938
1 0.786133 0.799316 0.097656 0.098633
0 0.786133 0.893066 0.097656 0.098633
0 0.686523 0.842285 0.109375 0.110352
0 0.685547 0.734375 0.097656 0.097656
0 0.694336 0.626465 0.109375 0.110352
0 0.694824 0.496094 0.110352 0.111328
0 0.596680 0.448242 0.085938 0.085938
0 0.598633 0.568848 0.097656 0.098633
0 0.594727 0.680664 0.097656 0.097656
0 0.588379 0.793945 0.110352 0.111328
0 0.601074 0.897949 0.110352 0.110352
0 0.498047 0.835449 0.109375 0.110352
0 0.502930 0.729980 0.109375 0.110352
1 0.500488 0.618164 0.110352 0.111328
0 0.508789 0.503418 0.109375 0.110352
0 0.415527 0.456543 0.110352 0.110352
0 0.407715 0.342285 0.110352 0.110352
0 0.406250 0.559570 0.109375 0.111328
0 0.409180 0.661133 0.097656 0.097656
0 0.404785 0.785645 0.110352 0.110352
0 0.413574 0.879395 0.110352 0.110352
0 0.315918 0.386230 0.110352 0.110352
0 0.315918 0.500977 0.110352 0.111328
0 0.318359 0.619629 0.109375 0.110352
0 0.310547 0.716797 0.109375 0.111328
0 0.314453 0.819824 0.109375 0.110352
0 0.222656 0.769043 0.109375 0.110352
0 0.224609 0.327637 0.109375 0.110352
0 0.221680 0.434570 0.109375 0.111328
0 0.222656 0.541016 0.097656 0.097656
0 0.218750 0.660645 0.109375 0.110352
0 0.117188 0.374512 0.109375 0.110352
0 0.123535 0.479980 0.110352 0.110352
0 0.130859 0.595703 0.109375 0.111328
0 0.125977 0.711426 0.109375 0.110352
0 0.121582 0.817871 0.110352 0.110352
0 0.119141 0.934082 0.097656 0.098633