0 0.479004 0.571289 0.084961 0.085938
0 0.475098 0.693848 0.110352 0.110352
0 0.475098 0.806641 0.110352 0.111328
0 0.474609 0.908203 0.109375 0.111328
0 0.375488 0.859863 0.110352 0.110352
0 0.374023 0.740234 0.109375 0.111328
0 0.375488 0.636230 0.110352 0.110352
0 0.289062 0.574707 0.097656 0.098633
0 0.289062 0.684082 0.109375 0.110352
0 0.291504 0.802246 0.110352 0.110352
0 0.286133 0.914551 0.109375 0.110352
0 0.186523 0.743652 0.097656 0.098633
0 0.190430 0.623047 0.097656 0.097656
0 0.095215 0.689453 0.084961 0.085938
0 0.098633 0.797363 0.109375 0.110352
0 0.088379 0.909180 0.110352 0.111328
0 0.949219 0.759277 0.097656 0.098633
0 0.942383 0.648438 0.097656 0.097656
0 0.853516 0.589844 0.109375 0.111328
0 0.852539 0.701660 0.109375 0.110352
0 0.848145 0.812012 0.110352 0.110352
0 0.843262 0.916504 0.110352 0.110352
0 0.760742 0.524414 0.085938 0.085938
0 0.751465 0.643066 0.110352 0.110352
0 0.753906 0.747070 0.085938 0.085938
0 0.758789 0.861816 0.097656 0.098633
0 0.653320 0.914551 0.109375 0.110352
0 0.662109 0.800293 0.097656 0.098633
0 0.658203 0.700195 0.097656 0.097656
0 0.665039 0.579102 0.097656 0.097656
0 0.572266 0.540039 0.109375 0.111328
0 0.568359 0.643066 0.097656 0.098633
0 0.571777 0.751953 0.084961 0.085938
0 0.562500 0.862793 0.109375 0.110352
0 0.866211 0.071289 0.097656 0.097656
0 0.862305 0.184570 0.097656 0.097656
0 0.768066 0.121582 0.110352 0.110352
0 0.767578 0.242676 0.097656 0.098633
0 0.769043 0.337891 0.110352 0.111328
0 0.854004 0.291016 0.110352 0.111328
0 0.670898 0.285645 0.097656 0.098633
0 0.674805 0.166016 0.085938 0.085938
0 0.674805 0.066895 0.109375 0.110352
0 0.599609 0.147949 0.109375 0.110352
0 0.586914 0.243652 0.109375 0.110352
0 0.572266 0.346680 0.097656 0.097656
0 0.491211 0.297363 0.109375 0.110352
0 0.487305 0.179199 0.109375 0.110352
1 0.488770 0.081055 0.084961 0.085938
0 0.387695 0.124023 0.097656 0.097656
0 0.387695 0.239746 0.109375 0.110352
0 0.389160 0.337402 0.110352 0.110352
0 0.291016 0.295410 0.109375 0.110352
0 0.291992 0.181152 0.097656 0.098633
0 0.302734 0.065430 0.109375 0.111328
0 0.119141 0.082031 0.097656 0.097656
0 0.101074 0.182129 0.110352 0.110352
0 0.098145 0.268066 0.110352 0.110352
0 0.203125 0.277344 0.109375 0.111328
0 0.194336 0.133301 0.097656 0.098633