0 0.053223 0.269531 0.073242 0.074219
0 0.056641 0.159668 0.097656 0.098633
0 0.619629 0.045898 0.084961 0.085938
0 0.811035 0.046875 0.084961 0.085938
0 0.904297 0.104492 0.097656 0.097656
0 0.806641 0.161621 0.097656 0.098633
0 0.525391 0.100098 0.097656 0.098633
0 0.429688 0.153320 0.097656 0.097656
0 0.335938 0.104004 0.097656 0.098633
0 0.238281 0.151855 0.097656 0.098633
0 0.891602 0.678711 0.097656 0.097656
0 0.894531 0.770996 0.109375 0.110352
0 0.893066 0.872559 0.110352 0.110352
0 0.804688 0.938965 0.097656 0.098633
0 0.805176 0.820801 0.110352 0.110352
0 0.810547 0.707520 0.097656 0.098633
0 0.710938 0.653809 0.109375 0.110352
0 0.704590 0.769531 0.110352 0.111328
0 0.711914 0.880371 0.109375 0.110352
0 0.625488 0.914062 0.084961 0.085938
0 0.620117 0.818848 0.097656 0.098633
0 0.619141 0.705566 0.109375 0.110352
0 0.517090 0.654785 0.110352 0.110352
0 0.522461 0.764160 0.109375 0.110352
0 0.525879 0.878418 0.110352 0.110352
0 0.429199 0.922852 0.110352 0.111328
0 0.429199 0.814941 0.110352 0.110352
0 0.328613 0.655762 0.110352 0.110352
0 0.427734 0.701660 0.109375 0.110352
0 0.327148 0.765137 0.097656 0.098633
0 0.334961 0.866699 0.097656 0.098633
0 0.240234 0.929199 0.097656 0.098633
0 0.236816 0.807129 0.110352 0.110352
0 0.237793 0.709473 0.110352 0.110352
0 0.139648 0.665039 0.085938 0.085938
0 0.143555 0.774414 0.085938 0.085938
0 0.145020 0.869141 0.084961 0.085938
0 0.056641 0.726074 0.097656 0.098633
0 0.898438 0.543457 0.097656 0.098633
0 0.911133 0.426758 0.097656 0.097656
0 0.916992 0.318359 0.085938 0.085938
0 0.907227 0.206055 0.097656 0.097656
0 0.804688 0.263672 0.109375 0.111328
0 0.804688 0.378906 0.097656 0.097656
0 0.800293 0.479980 0.110352 0.110352
0 0.799805 0.592285 0.097656 0.098633
0 0.710938 0.542480 0.097656 0.098633
0 0.709473 0.437988 0.110352 0.110352
0 0.709961 0.318848 0.097656 0.098633
0 0.710449 0.208984 0.110352 0.111328
0 0.711914 0.105469 0.097656 0.097656
0 0.621094 0.159180 0.097656 0.097656
0 0.611328 0.250488 0.097656 0.098633
0 0.615234 0.380371 0.097656 0.098633
0 0.617188 0.485840 0.109375 0.110352
0 0.610352 0.603027 0.097656 0.098633
0 0.521484 0.559082 0.097656 0.098633
0 0.523438 0.432129 0.109375 0.110352
0 0.517578 0.324707 0.109375 0.110352
0 0.524414 0.207520 0.109375 0.110352
0 0.430664 0.384277 0.097656 0.098633
0 0.427246 0.480957 0.110352 0.110352
0 0.423828 0.593262 0.097656 0.098633
0 0.337891 0.542480 0.109375 0.110352
0 0.337891 0.431152 0.097656 0.098633
0 0.334473 0.314453 0.084961 0.085938
0 0.340820 0.211426 0.097656 0.098633
0 0.239258 0.270020 0.097656 0.098633
0 0.234375 0.483398 0.097656 0.097656
0 0.237305 0.587891 0.085938 0.085938
0 0.145996 0.542969 0.084961 0.085938
0 0.143066 0.422852 0.084961 0.085938
0 0.149414 0.207031 0.085938 0.085938
0 0.052734 0.375000 0.097656 0.097656
0 0.052734 0.485352 0.097656 0.097656
0 0.051758 0.597656 0.097656 0.097656