0 0.922852 0.829590 0.109375 0.110352
0 0.923340 0.737305 0.110352 0.111328
0 0.929688 0.609863 0.109375 0.110352
0 0.819824 0.566895 0.110352 0.110352
0 0.817383 0.669434 0.109375 0.110352
0 0.825195 0.786621 0.097656 0.098633
0 0.825195 0.895996 0.097656 0.098633
0 0.737305 0.618652 0.109375 0.110352
0 0.734375 0.755371 0.109375 0.110352
0 0.726562 0.836914 0.085938 0.085938
0 0.734375 0.938965 0.109375 0.110352
0 0.645508 0.670898 0.085938 0.085938
0 0.634766 0.765625 0.109375 0.111328
0 0.632324 0.864746 0.110352 0.110352
0 0.541504 0.927246 0.110352 0.110352
0 0.541992 0.842285 0.097656 0.098633
0 0.545898 0.731934 0.097656 0.098633
0 0.549805 0.621582 0.109375 0.110352
0 0.449219 0.570312 0.109375 0.111328
0 0.448730 0.674316 0.110352 0.110352
0 0.448730 0.790527 0.110352 0.110352
0 0.440918 0.901855 0.110352 0.110352
0 0.354492 0.618652 0.109375 0.110352
0 0.348145 0.732910 0.110352 0.110352
0 0.350586 0.843262 0.097656 0.098633
0 0.348145 0.956543 0.073242 0.073242
0 0.254883 0.660156 0.085938 0.085938
0 0.250000 0.776855 0.097656 0.098633
0 0.249512 0.897949 0.110352 0.110352
0 0.154297 0.615234 0.085938 0.085938
0 0.158203 0.735352 0.097656 0.097656
0 0.151367 0.833984 0.097656 0.097656
0 0.062500 0.665039 0.109375 0.111328
0 0.063477 0.775391 0.109375 0.111328
1 0.063477 0.870605 0.097656 0.098633
0 0.920898 0.500488 0.109375 0.110352
0 0.919922 0.411621 0.109375 0.110352
0 0.922363 0.306152 0.110352 0.110352
0 0.929199 0.173828 0.110352 0.111328
0 0.929199 0.065918 0.110352 0.110352
0 0.834961 0.117676 0.097656 0.098633
0 0.830566 0.233887 0.110352 0.110352
0 0.831055 0.349121 0.097656 0.098633
0 0.829102 0.457520 0.109375 0.110352
0 0.736328 0.503906 0.109375 0.111328
0 0.729492 0.392090 0.097656 0.098633
0 0.738770 0.294434 0.110352 0.110352
0 0.740234 0.180176 0.097656 0.098633
0 0.736816 0.058105 0.110352 0.110352
0 0.645020 0.120117 0.084961 0.085938
0 0.645996 0.236328 0.084961 0.085938
0 0.648438 0.343750 0.085938 0.085938
0 0.653320 0.460938 0.085938 0.085938
0 0.647949 0.563477 0.084961 0.085938
0 0.544922 0.524902 0.109375 0.110352
0 0.543945 0.399902 0.097656 0.098633
0 0.543945 0.290039 0.085938 0.085938
0 0.544922 0.182617 0.097656 0.097656
0 0.551758 0.057617 0.109375 0.111328
0 0.453125 0.131348 0.097656 0.098633
0 0.456055 0.238281 0.097656 0.097656
0 0.456055 0.359375 0.097656 0.097656
0 0.458008 0.467285 0.097656 0.098633
0 0.360352 0.068848 0.097656 0.098633
0 0.356445 0.176758 0.085938 0.085938
0 0.363281 0.296875 0.097656 0.097656
0 0.360352 0.415039 0.109375 0.111328
0 0.356445 0.512695 0.097656 0.097656
0 0.257812 0.559570 0.085938 0.085938
0 0.262695 0.459473 0.097656 0.098633
0 0.263672 0.340820 0.097656 0.097656
0 0.264648 0.128906 0.085938 0.085938
0 0.264648 0.231445 0.085938 0.085938
0 0.161621 0.065430 0.084961 0.085938
0 0.160156 0.174316 0.109375 0.110352
0 0.158691 0.281250 0.084961 0.085938
0 0.157227 0.400879 0.097656 0.098633
0 0.162109 0.516113 0.109375 0.110352
0 0.070312 0.564453 0.109375 0.111328
0 0.066895 0.452637 0.110352 0.110352
0 0.066895 0.344238 0.110352 0.110352
0 0.065918 0.229004 0.110352 0.110352
0 0.066895 0.116699 0.110352 0.110352