0 0.420410 0.855957 0.073242 0.073242
0 0.421387 0.748047 0.084961 0.085938
0 0.628906 0.759277 0.060547 0.061523
0 0.895020 0.801758 0.073242 0.074219
0 0.138184 0.903320 0.073242 0.074219
0 0.249023 0.745605 0.097656 0.098633
0 0.254395 0.862305 0.110352 0.111328
0 0.344727 0.795410 0.097656 0.098633
0 0.344727 0.912109 0.097656 0.097656
0 0.444824 0.960938 0.073242 0.074219
0 0.530762 0.794434 0.084961 0.086914
0 0.534668 0.907715 0.110352 0.110352
0 0.636230 0.851074 0.122070 0.122070
0 0.719727 0.807617 0.085938 0.085938
0 0.724609 0.913574 0.097656 0.098633
0 0.808105 0.860352 0.084961 0.085938
0 0.895996 0.925781 0.084961 0.085938