0 0.062012 0.524414 0.073242 0.074219
0 0.630371 0.182129 0.073242 0.073242
0 0.718262 0.250000 0.073242 0.074219
0 0.821777 0.191406 0.073242 0.074219
0 0.827637 0.077148 0.073242 0.074219
0 0.062500 0.078613 0.097656 0.098633
0 0.066406 0.180176 0.109375 0.110352
0 0.065430 0.414551 0.097656 0.098633
0 0.246094 0.181641 0.085938 0.085938
0 0.923828 0.124023 0.048828 0.048828
0 0.158203 0.144043 0.097656 0.098633
0 0.160645 0.235352 0.084961 0.085938
0 0.251465 0.080078 0.084961 0.085938
0 0.347168 0.135254 0.110352 0.110352
0 0.437500 0.080566 0.109375 0.110352
0 0.716797 0.143066 0.097656 0.098633
0 0.628418 0.300781 0.084961 0.085938
0 0.819824 0.301758 0.084961 0.085938
0 0.913086 0.359375 0.097656 0.097656
0 0.815430 0.416504 0.097656 0.098633
0 0.917969 0.239258 0.085938 0.085938
0 0.623535 0.075195 0.084961 0.085938
0 0.543457 0.136719 0.084961 0.085938
0 0.537109 0.243164 0.097656 0.097656
0 0.534180 0.354980 0.097656 0.098633
0 0.438477 0.408203 0.097656 0.097656
0 0.434570 0.295410 0.097656 0.098633
0 0.344727 0.358887 0.097656 0.098633
0 0.247070 0.406738 0.097656 0.098633
0 0.900391 0.933594 0.097656 0.097656
0 0.719727 0.908691 0.109375 0.110352
0 0.525879 0.909668 0.110352 0.110352
0 0.337402 0.910645 0.110352 0.110352
0 0.148438 0.919922 0.085938 0.085938
0 0.907227 0.798340 0.097656 0.098633
0 0.919922 0.681641 0.097656 0.097656
0 0.925781 0.573242 0.085938 0.085938
0 0.916016 0.460938 0.097656 0.097656
0 0.813477 0.518555 0.109375 0.111328
0 0.813477 0.633789 0.097656 0.097656
0 0.809082 0.734863 0.110352 0.110352
0 0.808594 0.847168 0.097656 0.098633
0 0.719727 0.797363 0.097656 0.098633
0 0.718262 0.692871 0.110352 0.110352
0 0.718750 0.573730 0.097656 0.098633
0 0.719238 0.463867 0.110352 0.111328
0 0.720703 0.360352 0.097656 0.097656
0 0.629883 0.414062 0.097656 0.097656
0 0.620117 0.505371 0.097656 0.098633
0 0.624023 0.635254 0.097656 0.098633
0 0.625977 0.740723 0.109375 0.110352
0 0.619141 0.857910 0.097656 0.098633
0 0.530273 0.813965 0.097656 0.098633
0 0.532227 0.687012 0.109375 0.110352
0 0.526367 0.579590 0.109375 0.110352
0 0.533203 0.462402 0.109375 0.110352
0 0.439453 0.639160 0.097656 0.098633
0 0.436035 0.735840 0.110352 0.110352
0 0.432617 0.848145 0.097656 0.098633
0 0.346680 0.797363 0.109375 0.110352
0 0.346680 0.686035 0.097656 0.098633
0 0.343262 0.569336 0.084961 0.085938
0 0.349609 0.466309 0.097656 0.098633
0 0.248047 0.524902 0.097656 0.098633
0 0.243164 0.738281 0.097656 0.097656
0 0.246094 0.842773 0.085938 0.085938
0 0.154785 0.797852 0.084961 0.085938
0 0.151855 0.677734 0.084961 0.085938
0 0.158203 0.461914 0.085938 0.085938
0 0.061523 0.629883 0.097656 0.097656
0 0.061523 0.740234 0.097656 0.097656
0 0.060547 0.852539 0.097656 0.097656