0 0.467285 0.630859 0.073242 0.074219
0 0.469238 0.716797 0.073242 0.074219
0 0.670410 0.698730 0.073242 0.073242
0 0.663574 0.482422 0.073242 0.074219
0 0.389160 0.684082 0.073242 0.073242
0 0.582031 0.812012 0.060547 0.061523
0 0.387207 0.781738 0.073242 0.073242
1 0.951172 0.209961 0.085938 0.085938
0 0.953613 0.315430 0.084961 0.085938
0 0.862305 0.061523 0.097656 0.097656
0 0.867188 0.152832 0.097656 0.098633
0 0.852539 0.256836 0.097656 0.097656
0 0.853516 0.384277 0.097656 0.098633
0 0.848633 0.493652 0.097656 0.098633
0 0.844727 0.599121 0.097656 0.098633
0 0.855957 0.708008 0.084961 0.085938
0 0.760254 0.755859 0.084961 0.085938
0 0.769043 0.108398 0.110352 0.111328
0 0.772949 0.233398 0.122070 0.123047
0 0.766113 0.338867 0.084961 0.085938
0 0.749023 0.456055 0.085938 0.085938
0 0.751465 0.541504 0.084961 0.086914
0 0.757812 0.649414 0.097656 0.097656
0 0.673340 0.057129 0.110352 0.110352
0 0.677246 0.166504 0.110352 0.110352
0 0.674805 0.278809 0.097656 0.098633
0 0.676758 0.377441 0.097656 0.098633
0 0.584961 0.464355 0.060547 0.061523
0 0.584473 0.567383 0.073242 0.074219
0 0.587402 0.653320 0.084961 0.085938
0 0.578125 0.732422 0.085938 0.085938
0 0.452637 0.815918 0.061523 0.061523
0 0.206055 0.769531 0.085938 0.085938
0 0.579102 0.123535 0.109375 0.110352
0 0.586426 0.220215 0.110352 0.110352
0 0.583984 0.335449 0.109375 0.110352
0 0.488281 0.062500 0.085938 0.085938
0 0.483398 0.173340 0.109375 0.110352
0 0.485840 0.279785 0.110352 0.110352
0 0.485352 0.379883 0.109375 0.111328
0 0.473633 0.521973 0.097656 0.098633
0 0.389648 0.569824 0.097656 0.098633
0 0.404297 0.455078 0.085938 0.085938
0 0.390137 0.111816 0.084961 0.086914
0 0.396484 0.215820 0.097656 0.097656
0 0.389648 0.347168 0.097656 0.098633
0 0.288086 0.055664 0.085938 0.085938
0 0.289551 0.168945 0.084961 0.085938
0 0.296875 0.282227 0.097656 0.097656
0 0.300781 0.385254 0.109375 0.110352
0 0.311035 0.522461 0.084961 0.085938
0 0.301758 0.616699 0.097656 0.098633
0 0.288574 0.737305 0.084961 0.085938
0 0.211426 0.664551 0.110352 0.110352
0 0.203613 0.570801 0.110352 0.110352
0 0.206543 0.443359 0.110352 0.111328
0 0.208984 0.341797 0.109375 0.111328
0 0.207031 0.226074 0.097656 0.098633
1 0.207520 0.114258 0.073242 0.074219
0 0.109863 0.051758 0.084961 0.085938
0 0.106934 0.172852 0.084961 0.085938
0 0.109375 0.281738 0.109375 0.110352
0 0.112305 0.390137 0.097656 0.098633
0 0.118164 0.513672 0.085938 0.085938
0 0.113281 0.612305 0.109375 0.111328
0 0.114258 0.719238 0.097656 0.098633
0 0.108887 0.827148 0.084961 0.085938
0 0.667969 0.586426 0.097656 0.098633