0 0.773926 0.277832 0.073242 0.073242
0 0.847168 0.428711 0.073242 0.074219
0 0.948730 0.602051 0.084961 0.086914
0 0.948242 0.837402 0.097656 0.098633
0 0.846680 0.545898 0.085938 0.085938
0 0.848145 0.659180 0.084961 0.085938
0 0.855469 0.772461 0.097656 0.097656
0 0.859375 0.875488 0.109375 0.110352
0 0.765137 0.933594 0.110352 0.111328
0 0.767578 0.832031 0.109375 0.111328
0 0.765625 0.716309 0.097656 0.098633
1 0.766113 0.604492 0.073242 0.074219
0 0.668457 0.541992 0.084961 0.085938
0 0.665527 0.663086 0.084961 0.085938
0 0.667969 0.771973 0.109375 0.110352
0 0.670898 0.880371 0.097656 0.098633
0 0.590332 0.939453 0.084961 0.085938
0 0.593262 0.827148 0.084961 0.085938
0 0.593750 0.721191 0.097656 0.098633
0 0.579102 0.616211 0.085938 0.085938
0 0.485352 0.545410 0.097656 0.098633
0 0.480957 0.669434 0.110352 0.110352
0 0.481934 0.775879 0.110352 0.110352
0 0.485840 0.885254 0.096680 0.098633
0 0.394531 0.614746 0.109375 0.110352
0 0.394531 0.721191 0.097656 0.098633
0 0.394043 0.831543 0.110352 0.110352
0 0.208496 0.593750 0.084961 0.085938
0 0.219727 0.723633 0.097656 0.097656
0 0.215820 0.828613 0.097656 0.098633
0 0.203125 0.944824 0.097656 0.098633
0 0.106445 0.551758 0.097656 0.097656
0 0.094727 0.660645 0.109375 0.110352
0 0.103516 0.775391 0.097656 0.097656
0 0.101562 0.891113 0.097656 0.098633
1 0.770996 0.480469 0.073242 0.074219
1 0.766113 0.372559 0.073242 0.073242
0 0.672852 0.331055 0.085938 0.085938
0 0.672852 0.446289 0.085938 0.085938
1 0.861816 0.334961 0.073242 0.074219
1 0.861816 0.215332 0.073242 0.073242
0 0.387695 0.051758 0.085938 0.085938
0 0.952148 0.260742 0.085938 0.085938
0 0.954590 0.161133 0.084961 0.085938
0 0.955566 0.487305 0.084961 0.085938
0 0.767578 0.050293 0.097656 0.098633
0 0.773926 0.170898 0.084961 0.085938
0 0.858887 0.103516 0.084961 0.085938
0 0.674316 0.110840 0.110352 0.110352
0 0.675293 0.230957 0.110352 0.110352
0 0.584961 0.288086 0.085938 0.085938
0 0.585938 0.377930 0.085938 0.085938
0 0.590332 0.179688 0.084961 0.085938
0 0.479004 0.137207 0.110352 0.110352
0 0.481445 0.244629 0.097656 0.098633
0 0.486328 0.325684 0.097656 0.098633
0 0.387207 0.399414 0.084961 0.085938
0 0.388672 0.494629 0.097656 0.098633
0 0.485352 0.439941 0.097656 0.098633
0 0.589844 0.490723 0.097656 0.098633
0 0.390625 0.291504 0.097656 0.098633
0 0.295410 0.128906 0.084961 0.085938
0 0.392578 0.198242 0.085938 0.085938
0 0.212891 0.083008 0.085938 0.085938
0 0.297852 0.442383 0.097656 0.097656
0 0.296875 0.327637 0.097656 0.098633
0 0.298340 0.227539 0.084961 0.085938
0 0.215820 0.176758 0.097656 0.097656
0 0.205078 0.281250 0.085938 0.085938
0 0.208984 0.382812 0.085938 0.085938
0 0.202148 0.491699 0.085938 0.086914
0 0.107422 0.106445 0.097656 0.097656
0 0.106445 0.221191 0.097656 0.098633
0 0.106934 0.333984 0.084961 0.085938
0 0.113281 0.444336 0.085938 0.085938
0 0.295410 0.661621 0.110352 0.110352
0 0.296875 0.783691 0.109375 0.110352
0 0.296875 0.898926 0.109375 0.110352
0 0.297363 0.555664 0.084961 0.085938