0 0.079102 0.216797 0.085938 0.085938
0 0.272949 0.221191 0.073242 0.073242
0 0.266113 0.438477 0.084961 0.085938
0 0.270996 0.555176 0.073242 0.073242
0 0.360840 0.380371 0.073242 0.073242
0 0.366699 0.606445 0.084961 0.085938
0 0.359863 0.494629 0.061523 0.061523
0 0.363281 0.722656 0.085938 0.085938
0 0.367676 0.274902 0.073242 0.073242
0 0.078125 0.112793 0.085938 0.086914
0 0.173340 0.056641 0.084961 0.085938
0 0.174316 0.164062 0.084961 0.085938
0 0.269043 0.112793 0.061523 0.061523
0 0.177734 0.275879 0.085938 0.086914
0 0.362305 0.055664 0.085938 0.085938
0 0.363281 0.164062 0.085938 0.085938
0 0.265137 0.329590 0.073242 0.073242
0 0.268555 0.661133 0.085938 0.085938
0 0.269531 0.772461 0.097656 0.097656
0 0.172852 0.386719 0.085938 0.085938
0 0.168945 0.498535 0.097656 0.098633
0 0.171875 0.606445 0.085938 0.085938
0 0.171875 0.712891 0.097656 0.097656
0 0.076172 0.333496 0.097656 0.098633
0 0.076172 0.440918 0.097656 0.098633
0 0.078613 0.555664 0.084961 0.085938
0 0.081543 0.664062 0.084961 0.085938
0 0.080078 0.768555 0.097656 0.097656
0 0.080078 0.876465 0.097656 0.098633
0 0.173828 0.827637 0.085938 0.086914
0 0.173828 0.935059 0.097656 0.098633
0 0.273438 0.881348 0.097656 0.098633
0 0.362793 0.821289 0.084961 0.085938
0 0.362793 0.933594 0.084961 0.085938