0 0.913574 0.252930 0.084961 0.085938
0 0.918457 0.369629 0.073242 0.073242
0 0.068359 0.093262 0.109375 0.110352
0 0.262207 0.075195 0.110352 0.111328
0 0.825195 0.090332 0.085938 0.086914
0 0.637695 0.084473 0.097656 0.098633
0 0.912598 0.144043 0.073242 0.073242
0 0.916016 0.475586 0.085938 0.085938
0 0.916992 0.586914 0.097656 0.097656
0 0.820312 0.201172 0.085938 0.085938
0 0.816406 0.312988 0.097656 0.098633
0 0.819336 0.420898 0.085938 0.085938
0 0.819336 0.527344 0.097656 0.097656
0 0.723633 0.147949 0.097656 0.098633
0 0.723633 0.255371 0.097656 0.098633
0 0.726074 0.370117 0.084961 0.085938
0 0.729004 0.478516 0.084961 0.085938
0 0.727539 0.583008 0.097656 0.097656
0 0.631836 0.196777 0.097656 0.098633
0 0.634766 0.309570 0.097656 0.097656
0 0.631348 0.428711 0.084961 0.085938
0 0.629883 0.531250 0.097656 0.097656
0 0.541992 0.141602 0.097656 0.097656
0 0.539062 0.261719 0.085938 0.085938
0 0.541504 0.370117 0.073242 0.074219
0 0.539551 0.478516 0.073242 0.074219
0 0.531738 0.590332 0.073242 0.073242
0 0.444336 0.090820 0.109375 0.111328
0 0.443359 0.202148 0.097656 0.097656
0 0.447266 0.315430 0.097656 0.097656
0 0.447754 0.420898 0.084961 0.085938
0 0.449219 0.529785 0.097656 0.098633
0 0.349609 0.144531 0.097656 0.097656
0 0.349609 0.255371 0.097656 0.098633
0 0.352051 0.366211 0.084961 0.085938
0 0.350586 0.478027 0.097656 0.098633
0 0.350586 0.592285 0.097656 0.098633
0 0.256348 0.203613 0.110352 0.110352
0 0.258301 0.311035 0.110352 0.110352
0 0.254883 0.421875 0.085938 0.085938
0 0.256836 0.530762 0.097656 0.098633
0 0.158203 0.145020 0.097656 0.098633
0 0.155273 0.254395 0.097656 0.098633
0 0.164062 0.367676 0.097656 0.098633
0 0.165039 0.475098 0.097656 0.098633
0 0.162109 0.586426 0.097656 0.098633
0 0.059570 0.206543 0.109375 0.110352
0 0.058594 0.318848 0.109375 0.110352
0 0.062012 0.421387 0.110352 0.110352
0 0.058105 0.528809 0.110352 0.110352
0 0.062988 0.645996 0.110352 0.110352
0 0.060059 0.757324 0.110352 0.110352
0 0.164062 0.698730 0.109375 0.110352
0 0.164062 0.807129 0.097656 0.098633
0 0.159668 0.919434 0.110352 0.110352
0 0.256836 0.639160 0.109375 0.110352
0 0.263672 0.763184 0.109375 0.110352
0 0.256836 0.866699 0.109375 0.110352
0 0.351562 0.693359 0.097656 0.097656
0 0.348145 0.809082 0.110352 0.110352
0 0.354492 0.924316 0.109375 0.110352
0 0.444824 0.644531 0.073242 0.074219
0 0.447266 0.751953 0.097656 0.097656
0 0.443848 0.859863 0.110352 0.110352
0 0.536621 0.696289 0.073242 0.074219
0 0.533203 0.808594 0.097656 0.097656
0 0.538574 0.919922 0.084961 0.085938
0 0.634766 0.639160 0.097656 0.098633
0 0.630859 0.752930 0.085938 0.085938
0 0.628906 0.855469 0.097656 0.097656
0 0.727539 0.690918 0.097656 0.098633
0 0.732422 0.809082 0.097656 0.098633
0 0.735352 0.915039 0.097656 0.097656
0 0.821289 0.642090 0.085938 0.086914
0 0.821289 0.749512 0.097656 0.098633
0 0.820312 0.857910 0.097656 0.098633
0 0.920898 0.695801 0.097656 0.098633
0 0.914062 0.804199 0.097656 0.098633
0 0.913086 0.918945 0.085938 0.085938