0 0.683105 0.833496 0.073242 0.073242
0 0.775879 0.424805 0.073242 0.074219
0 0.590332 0.906250 0.073242 0.074219
0 0.874512 0.733398 0.110352 0.111328
0 0.784180 0.708496 0.109375 0.110352
0 0.776367 0.804688 0.097656 0.097656
0 0.680664 0.731934 0.097656 0.098633
0 0.880859 0.942383 0.085938 0.085938
0 0.593750 0.675781 0.097656 0.097656
0 0.584961 0.784180 0.085938 0.085938
0 0.407227 0.675293 0.097656 0.098633
1 0.400391 0.790039 0.085938 0.085938
0 0.402832 0.895508 0.084961 0.085938
0 0.311523 0.641602 0.097656 0.097656
0 0.316406 0.732910 0.097656 0.098633
0 0.301758 0.836914 0.097656 0.097656
0 0.218262 0.688477 0.110352 0.111328
0 0.222168 0.813477 0.122070 0.123047
0 0.215332 0.918945 0.084961 0.085938
0 0.122559 0.637207 0.110352 0.110352
0 0.126465 0.746582 0.110352 0.110352
0 0.124023 0.858887 0.097656 0.098633
0 0.593750 0.126953 0.085938 0.085938
0 0.586914 0.226562 0.085938 0.085938
0 0.593262 0.358398 0.084961 0.085938
0 0.700684 0.375000 0.084961 0.085938
0 0.696777 0.291992 0.084961 0.085938
0 0.686523 0.175781 0.085938 0.085938
0 0.687988 0.061523 0.084961 0.085938
0 0.782227 0.131836 0.085938 0.085938
0 0.779785 0.253906 0.084961 0.085938
0 0.780762 0.335938 0.084961 0.085938
0 0.878906 0.486328 0.085938 0.085938
0 0.876465 0.378906 0.084961 0.085938
0 0.884277 0.284180 0.084961 0.085938
0 0.876465 0.189453 0.084961 0.085938
0 0.880859 0.079102 0.085938 0.085938
0 0.875000 0.635254 0.097656 0.098633
0 0.783203 0.614746 0.109375 0.110352
0 0.686035 0.631348 0.110352 0.110352
0 0.591797 0.563477 0.097656 0.097656
0 0.502930 0.071777 0.097656 0.098633
0 0.500488 0.180664 0.084961 0.085938
0 0.499023 0.298340 0.097656 0.098633
0 0.500000 0.411621 0.097656 0.098633
0 0.411621 0.125977 0.084961 0.085938
0 0.411133 0.243652 0.097656 0.098633
0 0.407227 0.356445 0.085938 0.085938
0 0.404297 0.465820 0.097656 0.097656
0 0.399414 0.564453 0.085938 0.085938
0 0.313477 0.087402 0.097656 0.098633
0 0.313477 0.200684 0.097656 0.098633
0 0.315430 0.313477 0.097656 0.097656
0 0.315430 0.411133 0.109375 0.111328
0 0.310059 0.522949 0.110352 0.110352
0 0.216309 0.144531 0.084961 0.085938
0 0.218750 0.258789 0.097656 0.097656
0 0.216309 0.382812 0.084961 0.085938
0 0.221191 0.485352 0.084961 0.085938
0 0.126953 0.530762 0.097656 0.098633
0 0.121582 0.423828 0.110352 0.111328
0 0.127930 0.313477 0.097656 0.097656
0 0.133789 0.197754 0.109375 0.110352
0 0.132812 0.092285 0.097656 0.098633
0 0.225098 0.596191 0.110352 0.110352