0 0.180664 0.260254 0.085938 0.086914
0 0.936035 0.751465 0.073242 0.073242
0 0.842285 0.814453 0.084961 0.085938
0 0.937988 0.846680 0.073242 0.074219
0 0.939453 0.134277 0.097656 0.098633
0 0.937500 0.247559 0.097656 0.098633
0 0.847656 0.082520 0.097656 0.098633
0 0.843750 0.197266 0.085938 0.085938
0 0.752930 0.134277 0.097656 0.098633
0 0.751465 0.254883 0.084961 0.085938
0 0.663086 0.079590 0.097656 0.098633
0 0.652344 0.188477 0.097656 0.097656
0 0.559082 0.146484 0.110352 0.111328
0 0.556641 0.253906 0.085938 0.085938
0 0.463867 0.083984 0.097656 0.097656
0 0.457031 0.202148 0.097656 0.097656
0 0.361328 0.139160 0.097656 0.098633
0 0.361816 0.255859 0.084961 0.085938
0 0.272461 0.089355 0.097656 0.098633
0 0.280273 0.198730 0.097656 0.098633
0 0.171387 0.050781 0.084961 0.085938
0 0.177734 0.154297 0.085938 0.085938
0 0.089355 0.103027 0.024414 0.024414
0 0.083496 0.216309 0.024414 0.024414
0 0.084473 0.303223 0.024414 0.024414
0 0.077637 0.410645 0.024414 0.024414
0 0.177734 0.441406 0.037109 0.037109
0 0.174805 0.358887 0.109375 0.110352
0 0.284180 0.302734 0.085938 0.085938
0 0.284668 0.411621 0.073242 0.073242
0 0.365234 0.361816 0.097656 0.098633
0 0.355957 0.477051 0.061523 0.061523
0 0.457031 0.308105 0.097656 0.098633
0 0.461914 0.415527 0.097656 0.098633
0 0.565430 0.365234 0.097656 0.097656
0 0.656738 0.303711 0.084961 0.085938
0 0.655273 0.415039 0.097656 0.097656
0 0.754883 0.362305 0.097656 0.097656
0 0.748535 0.457031 0.084961 0.085938
0 0.843750 0.307617 0.085938 0.085938
0 0.845703 0.411133 0.085938 0.085938
0 0.939453 0.352539 0.085938 0.085938
0 0.936523 0.459961 0.085938 0.085938
0 0.085449 0.611816 0.061523 0.061523
0 0.082031 0.705566 0.097656 0.098633
0 0.086426 0.820312 0.122070 0.123047
0 0.079102 0.929199 0.109375 0.110352
0 0.179688 0.654785 0.097656 0.098633
0 0.175293 0.764160 0.110352 0.110352
0 0.167480 0.868164 0.122070 0.123047
0 0.269531 0.622070 0.048828 0.048828
0 0.266602 0.707520 0.097656 0.098633
0 0.266113 0.822754 0.122070 0.122070
0 0.270020 0.928711 0.122070 0.123047
0 0.354980 0.654785 0.073242 0.073242
0 0.359375 0.767090 0.109375 0.110352
0 0.360352 0.876465 0.109375 0.110352
0 0.465332 0.707031 0.122070 0.123047
0 0.453613 0.815430 0.122070 0.123047
0 0.460938 0.936035 0.097656 0.098633
0 0.559082 0.652344 0.073242 0.074219
0 0.564453 0.764648 0.097656 0.097656
0 0.570801 0.877930 0.122070 0.123047
0 0.659668 0.708008 0.122070 0.123047
0 0.655762 0.828125 0.122070 0.123047
0 0.657715 0.936523 0.084961 0.085938
0 0.750000 0.659180 0.097656 0.097656
0 0.753906 0.772461 0.097656 0.097656
0 0.753906 0.876953 0.097656 0.097656
0 0.840332 0.710938 0.073242 0.074219
0 0.847656 0.932617 0.085938 0.085938
0 0.934570 0.653809 0.060547 0.061523