0 0.618652 0.914551 0.073242 0.073242
0 0.711426 0.505859 0.073242 0.074219
0 0.907227 0.757324 0.109375 0.110352
0 0.810059 0.814453 0.110352 0.111328
0 0.719727 0.789551 0.109375 0.110352
0 0.711914 0.885742 0.097656 0.097656
0 0.616211 0.812988 0.097656 0.098633
0 0.529297 0.756836 0.097656 0.097656
0 0.520508 0.865234 0.085938 0.085938
0 0.342773 0.756348 0.097656 0.098633
1 0.335938 0.871094 0.085938 0.085938
0 0.247070 0.722656 0.097656 0.097656
0 0.251953 0.813965 0.097656 0.098633
0 0.237305 0.917969 0.097656 0.097656
0 0.153809 0.769531 0.110352 0.111328
0 0.157715 0.894531 0.122070 0.123047
0 0.058105 0.718262 0.110352 0.110352
0 0.062012 0.827637 0.110352 0.110352
0 0.059570 0.939941 0.097656 0.098633
0 0.913086 0.226562 0.085938 0.085938
0 0.913086 0.325195 0.085938 0.085938
0 0.907227 0.441895 0.097656 0.098633
0 0.906250 0.544922 0.097656 0.097656
0 0.712891 0.096191 0.097656 0.098633
0 0.525391 0.083008 0.085938 0.085938
0 0.529297 0.208008 0.085938 0.085938
0 0.522461 0.307617 0.085938 0.085938
0 0.528809 0.439453 0.084961 0.085938
0 0.636230 0.456055 0.084961 0.085938
0 0.632324 0.373047 0.084961 0.085938
0 0.622070 0.256836 0.085938 0.085938
0 0.623535 0.142578 0.084961 0.085938
0 0.717773 0.212891 0.085938 0.085938
0 0.715332 0.334961 0.084961 0.085938
0 0.716309 0.416992 0.084961 0.085938
0 0.814453 0.567383 0.085938 0.085938
0 0.812012 0.459961 0.084961 0.085938
0 0.819824 0.365234 0.084961 0.085938
0 0.812012 0.270508 0.084961 0.085938
0 0.816406 0.160156 0.085938 0.085938
0 0.915527 0.106445 0.084961 0.085938
0 0.810547 0.716309 0.097656 0.098633
0 0.718750 0.695801 0.109375 0.110352
0 0.621582 0.712402 0.110352 0.110352
0 0.527344 0.644531 0.097656 0.097656
0 0.440430 0.044922 0.085938 0.085938
0 0.438477 0.152832 0.097656 0.098633
0 0.436035 0.261719 0.084961 0.085938
0 0.434570 0.379395 0.097656 0.098633
0 0.435547 0.492676 0.097656 0.098633
0 0.346680 0.096680 0.097656 0.097656
0 0.347168 0.207031 0.084961 0.085938
0 0.346680 0.324707 0.097656 0.098633
0 0.342773 0.437500 0.085938 0.085938
0 0.339844 0.546875 0.097656 0.097656
0 0.334961 0.645508 0.085938 0.085938
0 0.252930 0.059082 0.097656 0.098633
0 0.249023 0.168457 0.097656 0.098633
0 0.249023 0.281738 0.097656 0.098633
0 0.250977 0.394531 0.097656 0.097656
0 0.250977 0.492188 0.109375 0.111328
0 0.245605 0.604004 0.110352 0.110352
0 0.154785 0.111328 0.084961 0.085938
0 0.151855 0.225586 0.084961 0.085938
0 0.154297 0.339844 0.097656 0.097656
0 0.151855 0.463867 0.084961 0.085938
0 0.156738 0.566406 0.084961 0.085938
0 0.062500 0.611816 0.097656 0.098633
0 0.057129 0.504883 0.110352 0.111328
0 0.063477 0.394531 0.097656 0.097656
0 0.069336 0.278809 0.109375 0.110352
0 0.068359 0.173340 0.097656 0.098633
1 0.063965 0.065430 0.084961 0.085938
0 0.160645 0.677246 0.110352 0.110352