0 0.950195 0.669434 0.097656 0.098633
0 0.945312 0.573242 0.085938 0.085938
0 0.954590 0.462891 0.084961 0.085938
0 0.864258 0.303711 0.109375 0.111328
0 0.867188 0.413086 0.097656 0.097656
0 0.855469 0.522461 0.097656 0.097656
0 0.856445 0.626465 0.097656 0.098633
0 0.858398 0.736816 0.097656 0.098633
0 0.850586 0.837402 0.097656 0.098633
0 0.855957 0.947754 0.084961 0.086914
0 0.760742 0.894043 0.097656 0.098633
0 0.754883 0.782715 0.097656 0.098633
0 0.761719 0.678223 0.097656 0.098633
0 0.768555 0.574219 0.097656 0.097656
0 0.765625 0.460938 0.097656 0.097656
0 0.768555 0.358398 0.097656 0.097656
0 0.767578 0.247559 0.097656 0.098633
0 0.672852 0.304199 0.097656 0.098633
0 0.666016 0.412109 0.109375 0.111328
0 0.670898 0.519043 0.097656 0.098633
0 0.664551 0.617676 0.110352 0.110352
0 0.664062 0.733398 0.097656 0.097656
0 0.663086 0.840332 0.097656 0.098633
0 0.575195 0.903809 0.097656 0.098633
0 0.473145 0.941406 0.110352 0.111328
0 0.574219 0.760742 0.097656 0.097656
0 0.570312 0.672363 0.097656 0.098633
0 0.575684 0.556152 0.110352 0.110352
0 0.582031 0.455078 0.109375 0.111328
1 0.579590 0.347168 0.110352 0.110352
0 0.583496 0.236328 0.110352 0.111328
0 0.483887 0.298828 0.110352 0.111328
0 0.479980 0.409668 0.110352 0.110352
0 0.483887 0.502930 0.110352 0.111328
0 0.477051 0.618652 0.110352 0.110352
0 0.391602 0.678223 0.109375 0.110352
0 0.385254 0.561523 0.110352 0.111328
0 0.385742 0.458496 0.109375 0.110352
0 0.392090 0.348145 0.110352 0.110352
0 0.389648 0.251465 0.109375 0.110352
0 0.297852 0.288086 0.109375 0.111328
0 0.293945 0.395020 0.097656 0.098633
0 0.292969 0.502930 0.097656 0.097656
0 0.292480 0.615723 0.110352 0.110352
0 0.293945 0.732910 0.097656 0.098633
0 0.290039 0.841309 0.097656 0.098633
0 0.382324 0.904785 0.110352 0.110352
0 0.379883 0.778809 0.109375 0.110352
0 0.277832 0.938477 0.084961 0.085938
0 0.192383 0.887695 0.097656 0.097656
0 0.199219 0.767090 0.097656 0.098633
0 0.198242 0.667969 0.097656 0.097656
0 0.193359 0.563965 0.097656 0.098633
0 0.194336 0.454590 0.109375 0.110352
0 0.198242 0.337402 0.097656 0.098633
0 0.203613 0.231934 0.110352 0.110352
0 0.104004 0.291504 0.110352 0.110352
0 0.106445 0.403809 0.109375 0.110352
0 0.108887 0.503906 0.110352 0.111328
0 0.102539 0.618652 0.109375 0.110352
0 0.103516 0.727539 0.109375 0.111328
0 0.099609 0.830566 0.109375 0.110352