0 0.920898 0.487793 0.109375 0.110352
0 0.917969 0.576172 0.097656 0.097656
0 0.923340 0.662109 0.110352 0.111328
0 0.928223 0.776855 0.110352 0.110352
0 0.910156 0.906738 0.109375 0.110352
0 0.823242 0.858398 0.109375 0.111328
0 0.829102 0.759277 0.097656 0.098633
0 0.842285 0.297852 0.110352 0.111328
0 0.833984 0.397949 0.109375 0.110352
0 0.833984 0.542480 0.109375 0.110352
0 0.830078 0.632324 0.097656 0.098633
0 0.724609 0.355957 0.109375 0.110352
0 0.733398 0.583984 0.097656 0.097656
0 0.734375 0.690430 0.097656 0.097656
0 0.734375 0.803711 0.097656 0.097656
0 0.730469 0.916992 0.097656 0.097656
0 0.635742 0.312988 0.097656 0.098633
0 0.570312 0.547363 0.048828 0.049805
0 0.635254 0.406738 0.110352 0.110352
0 0.638672 0.764648 0.097656 0.097656
0 0.636230 0.854004 0.110352 0.110352
0 0.542969 0.898438 0.085938 0.085938
0 0.542969 0.799316 0.109375 0.110352
0 0.455078 0.735840 0.097656 0.098633
0 0.467773 0.880371 0.109375 0.110352
0 0.355469 0.911621 0.109375 0.110352
1 0.356934 0.813477 0.084961 0.085938
0 0.361328 0.347656 0.085938 0.085938
0 0.363281 0.444336 0.097656 0.097656
0 0.261719 0.302246 0.109375 0.110352
0 0.354492 0.691406 0.097656 0.097656
0 0.261230 0.647461 0.084961 0.085938
0 0.255859 0.755371 0.097656 0.098633
0 0.255859 0.856445 0.097656 0.097656
0 0.160156 0.913574 0.097656 0.098633
0 0.170898 0.797852 0.109375 0.111328
0 0.162109 0.696777 0.109375 0.110352
0 0.172363 0.571777 0.110352 0.110352
0 0.165039 0.367188 0.097656 0.097656
0 0.077148 0.302246 0.109375 0.110352
0 0.068848 0.643066 0.110352 0.110352
0 0.079102 0.755859 0.085938 0.085938
0 0.062500 0.865723 0.097656 0.098633
0 0.847656 0.098145 0.109375 0.110352
0 0.833496 0.205078 0.110352 0.111328
0 0.732422 0.248047 0.109375 0.111328
0 0.733887 0.142578 0.110352 0.111328
0 0.456055 0.284180 0.085938 0.085938
0 0.358887 0.240723 0.110352 0.110352
0 0.363281 0.135742 0.097656 0.097656
0 0.451172 0.091309 0.097656 0.098633
0 0.453613 0.194336 0.084961 0.085938
0 0.266113 0.078613 0.110352 0.110352
0 0.272461 0.203125 0.109375 0.111328
0 0.175781 0.143066 0.109375 0.110352
0 0.076172 0.089844 0.097656 0.097656
0 0.654297 0.195801 0.097656 0.098633