0 0.140137 0.265137 0.073242 0.073242
0 0.133301 0.482422 0.084961 0.085938
0 0.138184 0.599121 0.073242 0.073242
0 0.228027 0.424316 0.073242 0.073242
0 0.233887 0.650391 0.084961 0.085938
0 0.227051 0.538574 0.061523 0.061523
0 0.230469 0.766602 0.085938 0.085938
0 0.234863 0.318848 0.073242 0.073242
0 0.136230 0.156738 0.061523 0.061523
0 0.044922 0.319824 0.085938 0.086914
0 0.229492 0.099609 0.085938 0.085938
0 0.230469 0.208008 0.085938 0.085938
0 0.132324 0.373535 0.073242 0.073242
0 0.135742 0.705078 0.085938 0.085938
0 0.136719 0.816406 0.097656 0.097656
0 0.140625 0.925293 0.097656 0.098633
0 0.229980 0.865234 0.084961 0.085938