0 0.460938 0.892090 0.085938 0.086914
0 0.181641 0.049805 0.085938 0.085938
0 0.276367 0.102539 0.097656 0.097656
0 0.271484 0.207031 0.097656 0.097656
0 0.266602 0.323730 0.097656 0.098633
0 0.368652 0.048828 0.084961 0.085938
0 0.367676 0.265625 0.073242 0.074219
0 0.455078 0.107910 0.097656 0.098633
0 0.464844 0.218750 0.097656 0.097656
0 0.466797 0.329102 0.097656 0.097656
0 0.552734 0.158691 0.109375 0.110352
0 0.551758 0.276855 0.109375 0.110352
0 0.552734 0.384766 0.109375 0.111328
0 0.643066 0.106934 0.110352 0.110352
0 0.650879 0.219238 0.110352 0.110352
0 0.652344 0.327637 0.109375 0.110352
0 0.748535 0.160645 0.110352 0.110352
0 0.751465 0.271973 0.110352 0.110352
0 0.750488 0.387207 0.110352 0.110352
0 0.845703 0.107910 0.109375 0.110352
0 0.845703 0.224121 0.109375 0.110352
0 0.842773 0.327637 0.109375 0.110352
0 0.943359 0.165527 0.109375 0.110352
0 0.938477 0.276855 0.097656 0.098633
0 0.944336 0.384277 0.109375 0.110352
0 0.937500 0.494629 0.109375 0.110352
0 0.938965 0.609863 0.110352 0.110352
0 0.943359 0.711426 0.097656 0.098633
0 0.932617 0.820312 0.097656 0.097656
1 0.837402 0.446777 0.110352 0.110352
1 0.741699 0.494629 0.110352 0.110352
0 0.839355 0.545410 0.110352 0.110352
0 0.836426 0.660645 0.110352 0.110352
0 0.839355 0.778320 0.110352 0.111328
0 0.836914 0.885742 0.085938 0.085938
0 0.740723 0.617188 0.073242 0.074219
0 0.744141 0.715820 0.097656 0.097656
0 0.737305 0.833984 0.097656 0.097656
0 0.641602 0.439941 0.109375 0.110352
0 0.644531 0.550781 0.109375 0.111328
0 0.648438 0.651367 0.109375 0.111328
0 0.641602 0.770996 0.097656 0.098633
0 0.642090 0.887695 0.084961 0.085938
0 0.555664 0.488281 0.109375 0.111328
0 0.556152 0.595703 0.084961 0.085938
0 0.552734 0.721191 0.097656 0.098633
0 0.560547 0.830566 0.097656 0.098633
0 0.455566 0.455078 0.110352 0.111328
0 0.458496 0.563477 0.084961 0.085938
0 0.451660 0.682617 0.084961 0.085938
0 0.458008 0.786133 0.085938 0.085938
0 0.366699 0.396484 0.084961 0.085938
0 0.373535 0.510254 0.024414 0.024414
0 0.367188 0.628906 0.037109 0.037109
0 0.369629 0.734863 0.024414 0.024414
0 0.363770 0.848145 0.024414 0.024414
0 0.271973 0.656738 0.024414 0.024414
0 0.271973 0.767090 0.024414 0.024414
0 0.268066 0.882324 0.024414 0.024414
0 0.274414 0.432129 0.097656 0.098633
0 0.272461 0.537598 0.097656 0.098633
0 0.364746 0.935059 0.024414 0.024414
0 0.564453 0.934570 0.085938 0.085938
0 0.737305 0.939941 0.097656 0.098633
0 0.937012 0.935547 0.084961 0.085938