0 0.369629 0.710938 0.073242 0.074219
0 0.083008 0.109863 0.109375 0.110352
0 0.083496 0.216309 0.110352 0.110352
0 0.183594 0.158691 0.109375 0.110352
0 0.279297 0.114746 0.097656 0.098633
0 0.278320 0.209473 0.097656 0.098633
0 0.388184 0.151855 0.084961 0.086914
0 0.477539 0.103027 0.109375 0.110352
0 0.476074 0.220215 0.110352 0.110352
0 0.571289 0.157715 0.109375 0.110352
0 0.659668 0.104980 0.110352 0.110352
0 0.666016 0.209473 0.109375 0.110352
0 0.756348 0.155273 0.110352 0.111328
0 0.857422 0.102539 0.097656 0.097656
0 0.853516 0.211914 0.097656 0.097656
0 0.944336 0.159668 0.109375 0.110352
0 0.950195 0.490234 0.097656 0.097656
0 0.854980 0.323242 0.110352 0.111328
0 0.852051 0.433105 0.110352 0.110352
0 0.856934 0.549316 0.110352 0.110352
0 0.850098 0.658691 0.110352 0.110352
0 0.754395 0.268066 0.110352 0.110352
0 0.756348 0.387207 0.110352 0.110352
0 0.756836 0.490723 0.109375 0.110352
0 0.754883 0.601074 0.109375 0.110352
0 0.751953 0.711426 0.097656 0.098633
0 0.664062 0.325684 0.109375 0.110352
0 0.661133 0.434082 0.109375 0.110352
0 0.662109 0.547363 0.097656 0.098633
0 0.666992 0.650879 0.097656 0.098633
0 0.566406 0.270996 0.109375 0.110352
0 0.569336 0.383301 0.109375 0.110352
0 0.565918 0.486816 0.110352 0.110352
0 0.565918 0.600098 0.110352 0.110352
0 0.563965 0.709473 0.110352 0.110352
0 0.469727 0.322754 0.097656 0.098633
0 0.466797 0.433105 0.097656 0.098633
0 0.468750 0.543457 0.097656 0.098633
0 0.469727 0.656250 0.097656 0.097656
0 0.469727 0.757812 0.097656 0.097656
0 0.378906 0.263184 0.097656 0.098633
0 0.375977 0.383301 0.109375 0.110352
0 0.372070 0.491699 0.097656 0.098633
0 0.370117 0.593750 0.097656 0.097656
0 0.276367 0.325684 0.097656 0.098633
0 0.271484 0.428223 0.097656 0.098633
0 0.277344 0.539551 0.097656 0.098633
0 0.278809 0.652344 0.084961 0.085938
0 0.179199 0.268066 0.110352 0.110352
0 0.177246 0.377441 0.110352 0.110352
0 0.183105 0.489746 0.110352 0.110352
0 0.175781 0.603027 0.109375 0.110352
0 0.166992 0.710938 0.109375 0.111328
0 0.089844 0.332031 0.085938 0.085938
0 0.092773 0.435547 0.085938 0.085938
0 0.088867 0.536621 0.097656 0.098633
0 0.085938 0.662109 0.109375 0.111328
0 0.069336 0.754883 0.097656 0.097656
0 0.083008 0.897461 0.109375 0.111328
0 0.188477 0.816895 0.097656 0.098633
0 0.182129 0.933594 0.110352 0.111328
0 0.280273 0.773926 0.109375 0.110352
0 0.277344 0.877930 0.085938 0.085938
0 0.375977 0.819336 0.085938 0.085938
0 0.374023 0.930176 0.097656 0.098633
0 0.472656 0.881348 0.097656 0.098633
0 0.564941 0.819824 0.110352 0.110352
0 0.570801 0.930176 0.110352 0.110352
0 0.654297 0.767090 0.109375 0.110352
0 0.657227 0.880371 0.109375 0.110352
0 0.753906 0.825684 0.109375 0.110352
0 0.759766 0.935059 0.109375 0.110352
0 0.844238 0.768555 0.110352 0.111328
0 0.848633 0.885742 0.097656 0.097656