0 0.445312 0.281738 0.109375 0.110352
0 0.916504 0.120605 0.110352 0.110352
0 0.922363 0.234863 0.110352 0.110352
0 0.921875 0.343750 0.109375 0.111328
0 0.835938 0.060547 0.085938 0.085938
0 0.825195 0.173828 0.097656 0.097656
0 0.829102 0.290039 0.097656 0.097656
0 0.733398 0.115234 0.109375 0.111328
0 0.735352 0.229492 0.109375 0.111328
0 0.729980 0.329102 0.110352 0.111328
0 0.635254 0.066406 0.110352 0.111328
0 0.632324 0.173828 0.110352 0.111328
0 0.637207 0.280762 0.110352 0.110352
0 0.541504 0.124512 0.110352 0.110352
0 0.545898 0.229004 0.109375 0.110352
0 0.446289 0.067871 0.097656 0.098633
0 0.443359 0.174316 0.109375 0.110352
0 0.345703 0.121582 0.109375 0.110352
0 0.349609 0.226074 0.109375 0.110352
0 0.352539 0.339355 0.048828 0.049805
0 0.444336 0.394043 0.048828 0.049805
0 0.539062 0.332031 0.048828 0.048828
0 0.256348 0.069824 0.110352 0.110352
0 0.256348 0.180176 0.110352 0.110352
0 0.259277 0.292480 0.110352 0.110352
0 0.258301 0.398438 0.084961 0.085938
0 0.156738 0.117676 0.110352 0.110352
0 0.162109 0.229004 0.097656 0.098633
0 0.064453 0.066895 0.109375 0.110352
0 0.069336 0.176270 0.109375 0.110352
0 0.068359 0.280762 0.109375 0.110352
0 0.069824 0.402344 0.073242 0.074219
0 0.067383 0.506348 0.085938 0.086914
0 0.153809 0.451660 0.073242 0.073242
0 0.259277 0.500488 0.110352 0.110352
0 0.349609 0.451660 0.109375 0.110352
0 0.446289 0.500977 0.109375 0.111328
0 0.548828 0.559570 0.085938 0.085938
0 0.542480 0.447266 0.084961 0.085938
0 0.639160 0.398438 0.084961 0.085938
0 0.636230 0.504883 0.084961 0.085938
0 0.643555 0.612305 0.097656 0.097656
0 0.638672 0.716797 0.097656 0.097656
0 0.633789 0.833496 0.097656 0.098633
0 0.732910 0.446777 0.073242 0.073242
0 0.735840 0.558594 0.084961 0.085938
0 0.734863 0.775391 0.073242 0.074219
0 0.821289 0.393066 0.097656 0.098633
0 0.827148 0.502441 0.097656 0.098633
0 0.822266 0.617676 0.097656 0.098633
0 0.832031 0.728516 0.097656 0.097656
0 0.833984 0.838867 0.097656 0.097656
0 0.924316 0.447754 0.110352 0.110352
0 0.925293 0.562012 0.110352 0.110352
0 0.919922 0.668457 0.109375 0.110352
0 0.918945 0.786621 0.109375 0.110352
0 0.919922 0.894531 0.109375 0.111328
0 0.733887 0.906250 0.084961 0.085938
0 0.641602 0.941895 0.097656 0.098633