0 0.120605 0.854980 0.073242 0.073242
0 0.113770 0.407227 0.084961 0.085938
0 0.119141 0.278320 0.085938 0.085938
0 0.119141 0.167969 0.085938 0.085938
0 0.119141 0.062012 0.097656 0.098633
0 0.211914 0.344727 0.085938 0.085938
0 0.228516 0.233887 0.097656 0.098633
0 0.222656 0.123535 0.109375 0.110352
0 0.314453 0.070312 0.097656 0.097656
0 0.308594 0.182129 0.097656 0.098633
0 0.301270 0.292480 0.110352 0.110352
0 0.299805 0.405762 0.097656 0.098633
0 0.400391 0.338379 0.097656 0.098633
0 0.410156 0.240723 0.097656 0.098633
0 0.407227 0.123535 0.109375 0.110352
0 0.501953 0.071777 0.097656 0.098633
0 0.499023 0.185059 0.097656 0.098633
0 0.492188 0.289062 0.097656 0.097656
0 0.496094 0.389160 0.109375 0.110352
0 0.594727 0.346191 0.097656 0.098633
0 0.594727 0.235840 0.109375 0.110352
0 0.593262 0.134277 0.110352 0.110352
0 0.687500 0.075684 0.097656 0.098633
0 0.693359 0.181152 0.097656 0.098633
0 0.692383 0.303223 0.097656 0.098633
0 0.688965 0.403320 0.084961 0.085938
0 0.783203 0.354004 0.097656 0.098633
0 0.780762 0.238770 0.110352 0.110352
0 0.786133 0.131836 0.109375 0.111328
0 0.886719 0.081543 0.109375 0.110352
0 0.874023 0.192871 0.097656 0.098633
0 0.877930 0.305176 0.097656 0.098633
0 0.878906 0.410645 0.097656 0.098633
1 0.305664 0.939941 0.085938 0.086914
0 0.305664 0.829102 0.085938 0.085938
0 0.212402 0.883789 0.073242 0.074219
0 0.116699 0.953125 0.084961 0.085938
0 0.868164 0.852051 0.097656 0.098633
0 0.775391 0.803711 0.097656 0.097656
0 0.777344 0.899902 0.097656 0.098633
0 0.677734 0.846191 0.097656 0.098633
0 0.588867 0.886719 0.109375 0.111328
0 0.493164 0.839844 0.109375 0.111328
0 0.398926 0.895508 0.084961 0.085938
0 0.876953 0.722656 0.097656 0.097656
0 0.871094 0.615723 0.097656 0.098633
0 0.871094 0.529785 0.097656 0.098633
0 0.777344 0.463379 0.097656 0.098633
0 0.776367 0.570801 0.109375 0.110352
0 0.775391 0.682617 0.097656 0.097656
0 0.689453 0.726562 0.097656 0.097656
0 0.681641 0.511719 0.097656 0.097656
0 0.686523 0.625000 0.097656 0.097656
0 0.594727 0.461914 0.097656 0.097656
0 0.594727 0.576172 0.097656 0.097656
0 0.586914 0.686523 0.097656 0.097656
0 0.586426 0.787598 0.110352 0.110352
0 0.498047 0.736816 0.097656 0.098633
0 0.495605 0.624512 0.110352 0.110352
0 0.495605 0.501953 0.110352 0.111328
1 0.404297 0.566406 0.085938 0.085938
0 0.401367 0.432617 0.097656 0.097656
0 0.308594 0.510254 0.109375 0.110352
0 0.307617 0.633301 0.097656 0.098633
0 0.307129 0.728027 0.084961 0.086914
0 0.218262 0.799805 0.084961 0.085938
0 0.212402 0.676270 0.110352 0.110352
0 0.213379 0.566895 0.110352 0.110352
0 0.213867 0.456543 0.097656 0.098633
0 0.114258 0.515137 0.097656 0.098633
0 0.116211 0.625488 0.097656 0.098633
0 0.115234 0.729492 0.085938 0.085938
0 0.404297 0.688965 0.109375 0.110352
0 0.399414 0.779785 0.109375 0.110352