0 0.143066 0.246094 0.073242 0.074219
0 0.230957 0.186523 0.073242 0.074219
0 0.533691 0.634277 0.073242 0.073242
0 0.438965 0.591797 0.073242 0.074219
0 0.901367 0.148926 0.109375 0.110352
0 0.903320 0.256348 0.097656 0.098633
0 0.907227 0.360840 0.097656 0.098633
0 0.811523 0.083496 0.097656 0.098633
0 0.812500 0.193848 0.097656 0.098633
0 0.812500 0.300293 0.097656 0.098633
0 0.814941 0.412598 0.073242 0.073242
0 0.713867 0.127441 0.097656 0.098633
0 0.715820 0.250488 0.097656 0.098633
0 0.715820 0.359863 0.097656 0.098633
0 0.624023 0.078613 0.097656 0.098633
0 0.618164 0.184082 0.097656 0.098633
0 0.619141 0.303223 0.097656 0.098633
0 0.623535 0.405273 0.073242 0.074219
0 0.527344 0.134277 0.097656 0.098633
0 0.526367 0.248535 0.097656 0.098633
0 0.526367 0.353516 0.085938 0.085938
0 0.427734 0.077637 0.097656 0.098633
0 0.426758 0.190918 0.097656 0.098633
0 0.433105 0.294922 0.084961 0.085938
0 0.429688 0.402344 0.097656 0.097656
0 0.329590 0.129883 0.084961 0.085938
0 0.331543 0.239258 0.084961 0.085938
0 0.337891 0.353516 0.097656 0.097656
0 0.236816 0.080078 0.084961 0.085938
0 0.237793 0.292969 0.073242 0.074219
0 0.233398 0.396973 0.060547 0.061523
0 0.149414 0.129883 0.085938 0.085938
0 0.054688 0.071289 0.085938 0.085938
0 0.054688 0.171875 0.097656 0.097656
1 0.144043 0.333008 0.073242 0.074219
0 0.050781 0.287109 0.097656 0.097656
0 0.044434 0.380859 0.073242 0.074219
0 0.050781 0.583496 0.097656 0.098633
0 0.055664 0.803223 0.109375 0.110352
0 0.146973 0.555664 0.084961 0.085938
0 0.147461 0.638672 0.097656 0.097656
0 0.145996 0.758789 0.122070 0.123047
0 0.152344 0.854980 0.109375 0.110352
0 0.238770 0.581055 0.084961 0.085938
0 0.240723 0.693359 0.122070 0.123047
0 0.252930 0.907227 0.085938 0.085938
0 0.333008 0.644531 0.097656 0.097656
0 0.341309 0.750977 0.122070 0.123047
0 0.341309 0.860352 0.110352 0.111328
0 0.428711 0.687012 0.109375 0.110352
0 0.433594 0.799805 0.109375 0.111328
0 0.433105 0.912109 0.122070 0.123047
0 0.528809 0.744629 0.110352 0.110352
0 0.531738 0.855469 0.122070 0.123047
0 0.626465 0.583496 0.061523 0.061523
0 0.625000 0.689941 0.097656 0.098633
0 0.624023 0.802246 0.097656 0.098633
0 0.630859 0.895508 0.097656 0.097656
0 0.724609 0.632324 0.097656 0.098633
0 0.718750 0.750488 0.097656 0.098633
0 0.718262 0.846680 0.122070 0.123047
0 0.821289 0.581543 0.060547 0.061523
0 0.813477 0.687988 0.097656 0.098633
0 0.813477 0.797363 0.097656 0.098633
0 0.815918 0.914062 0.122070 0.123047
0 0.910645 0.635742 0.084961 0.085938
0 0.906250 0.743652 0.097656 0.098633
0 0.909668 0.857910 0.122070 0.122070