0 0.335449 0.643555 0.073242 0.074219
0 0.054199 0.145508 0.084961 0.085938
0 0.052734 0.256348 0.097656 0.098633
0 0.144531 0.081055 0.097656 0.097656
0 0.145508 0.195312 0.085938 0.085938
0 0.148438 0.311523 0.085938 0.085938
0 0.250977 0.140625 0.097656 0.097656
0 0.250000 0.257812 0.097656 0.097656
0 0.335938 0.083496 0.097656 0.098633
0 0.336914 0.213379 0.097656 0.098633
0 0.428711 0.144531 0.085938 0.085938
0 0.432129 0.253906 0.084961 0.085938
0 0.526367 0.087402 0.097656 0.098633
0 0.528320 0.199219 0.085938 0.085938
0 0.524414 0.310547 0.085938 0.085938
0 0.339355 0.324219 0.084961 0.085938
0 0.525391 0.417969 0.085938 0.085938
0 0.521484 0.526367 0.097656 0.097656
0 0.524902 0.649414 0.084961 0.085938
0 0.525879 0.744141 0.084961 0.085938
0 0.524902 0.867188 0.084961 0.085938
0 0.429199 0.362305 0.084961 0.085938
0 0.428711 0.479492 0.097656 0.097656
0 0.430664 0.590820 0.097656 0.097656
0 0.434570 0.698242 0.085938 0.085938
0 0.428711 0.805664 0.085938 0.085938
1 0.335449 0.418945 0.084961 0.085938
0 0.335938 0.530273 0.097656 0.097656
0 0.340820 0.751465 0.097656 0.098633
0 0.246094 0.366211 0.085938 0.085938
0 0.243164 0.478027 0.097656 0.098633
0 0.244141 0.591309 0.097656 0.098633
0 0.240723 0.694336 0.084961 0.085938
0 0.242188 0.810059 0.097656 0.098633
0 0.151367 0.415527 0.097656 0.098633
0 0.148438 0.529785 0.097656 0.098633
0 0.147461 0.636230 0.097656 0.098633
0 0.146484 0.750488 0.097656 0.098633
0 0.144531 0.863770 0.097656 0.098633
0 0.050293 0.369141 0.084961 0.085938
0 0.053223 0.481445 0.084961 0.085938
0 0.049805 0.588379 0.097656 0.098633
0 0.054688 0.698730 0.097656 0.098633
0 0.050781 0.813477 0.085938 0.085938
0 0.050781 0.923828 0.085938 0.085938
0 0.247559 0.916992 0.084961 0.085938
0 0.338867 0.869629 0.097656 0.098633
1 0.428711 0.914062 0.085938 0.085938