1 0.908203 0.183594 0.097656 0.097656
0 0.902344 0.287598 0.097656 0.098633
0 0.904297 0.396973 0.097656 0.098633
0 0.907227 0.502441 0.109375 0.110352
0 0.901855 0.620605 0.110352 0.110352
0 0.902832 0.724609 0.110352 0.111328
0 0.908203 0.839355 0.097656 0.098633
0 0.905273 0.945801 0.097656 0.098633
0 0.812988 0.235840 0.110352 0.110352
0 0.812500 0.343262 0.097656 0.098633
0 0.804688 0.454102 0.097656 0.097656
0 0.811523 0.565918 0.085938 0.086914
0 0.807617 0.675293 0.097656 0.098633
0 0.807129 0.780762 0.110352 0.110352
0 0.808594 0.914551 0.109375 0.110352
0 0.717285 0.179199 0.110352 0.110352
0 0.719727 0.282227 0.109375 0.111328
0 0.715820 0.396973 0.097656 0.098633
0 0.714355 0.513672 0.110352 0.111328
0 0.717773 0.623047 0.097656 0.097656
0 0.719238 0.742676 0.110352 0.110352
0 0.720703 0.837402 0.109375 0.110352
0 0.623047 0.354980 0.109375 0.110352
0 0.620117 0.443359 0.097656 0.097656
0 0.625488 0.529297 0.110352 0.111328
0 0.630371 0.644043 0.110352 0.110352
0 0.612305 0.773926 0.109375 0.110352
0 0.619629 0.897461 0.110352 0.111328
0 0.519043 0.838867 0.110352 0.111328
0 0.525391 0.725586 0.109375 0.111328
0 0.531250 0.626465 0.097656 0.098633
0 0.544434 0.165039 0.110352 0.111328
0 0.536133 0.265137 0.109375 0.110352
0 0.536133 0.409668 0.109375 0.110352
0 0.532227 0.499512 0.097656 0.098633
0 0.426758 0.223145 0.109375 0.110352
0 0.435547 0.451172 0.097656 0.097656
0 0.436523 0.557617 0.097656 0.097656
0 0.436523 0.670898 0.097656 0.097656
0 0.432617 0.784180 0.097656 0.097656
0 0.337891 0.180176 0.097656 0.098633
0 0.272461 0.414551 0.048828 0.049805
0 0.337402 0.273926 0.110352 0.110352
0 0.340820 0.631836 0.097656 0.097656
0 0.338379 0.721191 0.110352 0.110352
0 0.337891 0.842285 0.097656 0.098633
0 0.339355 0.937500 0.110352 0.111328
0 0.424316 0.890625 0.110352 0.111328
0 0.241211 0.885254 0.097656 0.098633
0 0.245117 0.765625 0.085938 0.085938
0 0.245117 0.666504 0.109375 0.110352
0 0.157227 0.603027 0.097656 0.098633
0 0.169922 0.747559 0.109375 0.110352
0 0.157227 0.843262 0.109375 0.110352
0 0.142578 0.946289 0.097656 0.097656
0 0.061523 0.896973 0.109375 0.110352
0 0.057617 0.778809 0.109375 0.110352
1 0.059082 0.680664 0.084961 0.085938
0 0.063477 0.214844 0.085938 0.085938
0 0.065430 0.311523 0.097656 0.097656
0 0.056641 0.558594 0.097656 0.097656
0 0.909180 0.077637 0.109375 0.110352
0 0.801758 0.120605 0.109375 0.110352
0 0.717773 0.059570 0.109375 0.111328
0 0.535645 0.072266 0.110352 0.111328
0 0.434570 0.115234 0.109375 0.111328
0 0.158203 0.151367 0.085938 0.085938
0 0.061035 0.107910 0.110352 0.110352
0 0.155762 0.061523 0.084961 0.085938
0 0.356445 0.062988 0.097656 0.098633