0 0.457520 0.906738 0.073242 0.073242
0 0.358887 0.737793 0.061523 0.061523
0 0.453613 0.783691 0.061523 0.061523
0 0.546875 0.745117 0.060547 0.060547
0 0.180176 0.739746 0.061523 0.061523
0 0.082031 0.796387 0.097656 0.098633
0 0.083984 0.899902 0.097656 0.098633
0 0.175781 0.853027 0.097656 0.098633
0 0.270508 0.792480 0.097656 0.098633
0 0.272461 0.907715 0.085938 0.086914
0 0.364258 0.851562 0.085938 0.085938
0 0.555664 0.848633 0.097656 0.097656
1 0.646973 0.791016 0.073242 0.074219
1 0.740234 0.844727 0.085938 0.085938
1 0.745605 0.957031 0.073242 0.074219
0 0.652344 0.901367 0.097656 0.097656