1 0.544434 0.868164 0.073242 0.074219
0 0.918945 0.878906 0.097656 0.097656
0 0.828613 0.924316 0.110352 0.110352
0 0.727539 0.874512 0.097656 0.098633
0 0.637207 0.926758 0.110352 0.111328
0 0.344727 0.871582 0.097656 0.098633
0 0.259766 0.926270 0.097656 0.098633
0 0.069824 0.927246 0.110352 0.110352
1 0.637695 0.500977 0.085938 0.085938
1 0.260254 0.694824 0.061523 0.061523
0 0.353027 0.764648 0.084961 0.085938
0 0.450195 0.723633 0.085938 0.085938
0 0.450195 0.813477 0.085938 0.085938
0 0.545898 0.754883 0.085938 0.085938
0 0.553711 0.667969 0.085938 0.085938
0 0.919922 0.140625 0.085938 0.085938
0 0.922363 0.331055 0.084961 0.085938
0 0.829590 0.163086 0.084961 0.085938
0 0.829102 0.492188 0.085938 0.085938
0 0.826660 0.596191 0.110352 0.110352
0 0.827637 0.716309 0.110352 0.110352
0 0.829102 0.817383 0.097656 0.097656
0 0.924805 0.775879 0.097656 0.098633
0 0.928711 0.664062 0.097656 0.097656
0 0.927734 0.542969 0.097656 0.097656
0 0.920898 0.431152 0.085938 0.086914
0 0.736328 0.108398 0.085938 0.085938
0 0.736328 0.216309 0.097656 0.098633
0 0.732422 0.306152 0.097656 0.098633
0 0.733398 0.540527 0.097656 0.098633
0 0.733398 0.647949 0.097656 0.098633
0 0.726562 0.768066 0.097656 0.098633
0 0.636230 0.813477 0.084961 0.085938
0 0.641602 0.167969 0.097656 0.097656
0 0.639648 0.263184 0.097656 0.098633
0 0.640625 0.369629 0.097656 0.098633
0 0.633789 0.601074 0.097656 0.098633
0 0.632812 0.706543 0.097656 0.098633
0 0.548828 0.418945 0.085938 0.085938
0 0.552734 0.313477 0.085938 0.085938
0 0.550293 0.208008 0.084961 0.085938
0 0.550293 0.105469 0.084961 0.085938
0 0.453613 0.161621 0.110352 0.110352
0 0.446777 0.274902 0.110352 0.110352
0 0.445312 0.387695 0.109375 0.111328
0 0.449219 0.489258 0.109375 0.111328
0 0.353516 0.544922 0.109375 0.111328
0 0.361328 0.436035 0.109375 0.110352
0 0.361328 0.312012 0.109375 0.110352
0 0.361816 0.219727 0.110352 0.111328
0 0.368164 0.092285 0.109375 0.110352
0 0.255859 0.151855 0.109375 0.110352
0 0.263672 0.269043 0.097656 0.098633
0 0.263672 0.378418 0.097656 0.098633
0 0.265625 0.484863 0.097656 0.098633
0 0.265625 0.568359 0.097656 0.097656
0 0.163086 0.522949 0.097656 0.098633
0 0.175781 0.101074 0.109375 0.110352
0 0.172852 0.237793 0.109375 0.110352
0 0.165039 0.319336 0.085938 0.085938
0 0.172852 0.421387 0.109375 0.110352
0 0.083984 0.153320 0.085938 0.085938
0 0.073242 0.248047 0.109375 0.111328
0 0.070801 0.347168 0.110352 0.110352
0 0.083496 0.461426 0.110352 0.110352
0 0.258789 0.812988 0.109375 0.110352
0 0.164551 0.875488 0.110352 0.110352
0 0.072754 0.825684 0.110352 0.110352
0 0.169922 0.748047 0.085938 0.085938
0 0.078125 0.711426 0.109375 0.110352
0 0.071289 0.637207 0.097656 0.098633
0 0.086426 0.045898 0.084961 0.085938