0 0.171387 0.882324 0.073242 0.073242
0 0.057129 0.724609 0.073242 0.074219
0 0.911621 0.668457 0.110352 0.110352
0 0.729980 0.216797 0.084961 0.085938
0 0.726074 0.339355 0.110352 0.110352
0 0.726074 0.452148 0.110352 0.111328
0 0.725586 0.553711 0.109375 0.111328
0 0.727051 0.665527 0.110352 0.110352
0 0.718750 0.774902 0.097656 0.098633
0 0.708496 0.889648 0.084961 0.085938
0 0.615234 0.941406 0.085938 0.085938
0 0.622070 0.830566 0.097656 0.098633
0 0.629883 0.718750 0.097656 0.097656
0 0.625000 0.609375 0.097656 0.097656
0 0.626465 0.505371 0.110352 0.110352
0 0.625000 0.385742 0.109375 0.111328
0 0.626465 0.281738 0.110352 0.110352
0 0.540039 0.220215 0.097656 0.098633
0 0.540039 0.329590 0.109375 0.110352
0 0.542480 0.447754 0.110352 0.110352
0 0.537109 0.560059 0.109375 0.110352
0 0.531738 0.665527 0.110352 0.110352
0 0.531738 0.777344 0.110352 0.111328
0 0.524902 0.890625 0.084961 0.085938
0 0.436523 0.599121 0.097656 0.098633
0 0.437500 0.389160 0.097656 0.098633
0 0.441406 0.268555 0.097656 0.097656
0 0.346191 0.334961 0.084961 0.085938
0 0.349609 0.442871 0.109375 0.110352
0 0.339355 0.554688 0.110352 0.111328
0 0.250000 0.488281 0.097656 0.097656
0 0.249023 0.350098 0.097656 0.098633
0 0.249023 0.260254 0.109375 0.110352
0 0.157227 0.220215 0.097656 0.098633
0 0.161133 0.337402 0.109375 0.110352
0 0.163574 0.449219 0.084961 0.085938
0 0.055664 0.817383 0.048828 0.048828
0 0.059082 0.283691 0.084961 0.086914
0 0.059082 0.379883 0.084961 0.085938
0 0.071777 0.504883 0.110352 0.111328
0 0.176270 0.693359 0.084961 0.085938
0 0.809570 0.946777 0.097656 0.098633
0 0.904297 0.560059 0.109375 0.110352
0 0.913086 0.445801 0.097656 0.098633
0 0.909180 0.345703 0.097656 0.097656
0 0.916016 0.224609 0.097656 0.097656
0 0.823242 0.185547 0.109375 0.111328
0 0.819336 0.288574 0.097656 0.098633
0 0.822754 0.397461 0.084961 0.085938
0 0.813477 0.508301 0.109375 0.110352
0 0.814941 0.612305 0.110352 0.111328
0 0.813477 0.721680 0.109375 0.111328
0 0.806641 0.834473 0.097656 0.098633
0 0.904785 0.896973 0.110352 0.110352
0 0.901367 0.774902 0.097656 0.098633