0 0.806152 0.910156 0.073242 0.074219
0 0.908203 0.337402 0.097656 0.098633
0 0.905762 0.453613 0.110352 0.110352
0 0.807617 0.500488 0.097656 0.098633
0 0.816895 0.392090 0.110352 0.110352
0 0.718750 0.435059 0.109375 0.110352
0 0.630859 0.382812 0.085938 0.085938
0 0.620117 0.487305 0.085938 0.085938
0 0.624023 0.612305 0.085938 0.085938
0 0.617188 0.711914 0.085938 0.085938
0 0.623535 0.843750 0.084961 0.085938
0 0.730957 0.860352 0.084961 0.085938
0 0.727051 0.777344 0.084961 0.085938
0 0.716797 0.661133 0.085938 0.085938
0 0.718262 0.546875 0.084961 0.085938
0 0.812500 0.617188 0.085938 0.085938
0 0.810059 0.739258 0.084961 0.085938
0 0.811035 0.821289 0.084961 0.085938
0 0.906738 0.864258 0.084961 0.085938
0 0.914551 0.769531 0.084961 0.085938
0 0.906738 0.674805 0.084961 0.085938
0 0.911133 0.564453 0.085938 0.085938
0 0.531250 0.333496 0.097656 0.098633
0 0.535156 0.449219 0.085938 0.085938
0 0.533203 0.557129 0.097656 0.098633
0 0.530762 0.666016 0.084961 0.085938
0 0.529297 0.783691 0.097656 0.098633
0 0.530273 0.896973 0.097656 0.098633
0 0.440430 0.398438 0.097656 0.097656
0 0.441406 0.500977 0.097656 0.097656
0 0.441895 0.611328 0.084961 0.085938
0 0.441406 0.729004 0.097656 0.098633
0 0.437500 0.841797 0.085938 0.085938
0 0.354004 0.349121 0.110352 0.110352
0 0.347656 0.463379 0.097656 0.098633
0 0.343750 0.572754 0.097656 0.098633
0 0.343750 0.686035 0.097656 0.098633
0 0.345703 0.798828 0.097656 0.097656
0 0.345703 0.896484 0.109375 0.111328
0 0.249512 0.312500 0.084961 0.085938
0 0.246582 0.418945 0.084961 0.085938
0 0.249512 0.515625 0.084961 0.085938
0 0.246582 0.629883 0.084961 0.085938
0 0.249023 0.744141 0.097656 0.097656
0 0.246582 0.868164 0.084961 0.085938
0 0.151855 0.909180 0.110352 0.111328
0 0.158203 0.798828 0.097656 0.097656
0 0.164062 0.683105 0.109375 0.110352
0 0.163086 0.577637 0.097656 0.098633
1 0.158691 0.469727 0.084961 0.085938
0 0.157715 0.357422 0.084961 0.085938
0 0.063477 0.298828 0.085938 0.085938
0 0.064453 0.412109 0.085938 0.085938
0 0.059570 0.521484 0.097656 0.097656
0 0.069336 0.638672 0.109375 0.111328
0 0.064453 0.734863 0.097656 0.098633
0 0.070801 0.855957 0.110352 0.110352
0 0.061035 0.082031 0.084961 0.085938
0 0.067383 0.188477 0.097656 0.097656
0 0.158203 0.244629 0.097656 0.098633
0 0.156738 0.138672 0.084961 0.085938
0 0.255859 0.081543 0.097656 0.098633
0 0.253906 0.183105 0.097656 0.098633
0 0.347656 0.134277 0.097656 0.098633
0 0.351562 0.240723 0.097656 0.098633
0 0.443359 0.282715 0.097656 0.098633
0 0.450195 0.171875 0.097656 0.097656
0 0.442383 0.063965 0.097656 0.098633
0 0.536621 0.114258 0.084961 0.085938
0 0.536133 0.216309 0.097656 0.098633
0 0.632324 0.267090 0.110352 0.110352
0 0.630859 0.158691 0.109375 0.110352
0 0.726562 0.082031 0.085938 0.085938
0 0.721680 0.215332 0.097656 0.098633
0 0.822266 0.280273 0.109375 0.111328
0 0.722656 0.327148 0.085938 0.085938
0 0.818359 0.155273 0.085938 0.085938
0 0.818359 0.062988 0.097656 0.098633
0 0.906250 0.112793 0.109375 0.110352
0 0.907227 0.224121 0.109375 0.110352