0 0.763184 0.890625 0.073242 0.074219
0 0.851074 0.831055 0.073242 0.074219
0 0.094727 0.192871 0.109375 0.110352
0 0.099121 0.297363 0.110352 0.110352
0 0.182617 0.121094 0.109375 0.111328
0 0.181641 0.231934 0.097656 0.098633
0 0.176758 0.342285 0.097656 0.098633
0 0.380371 0.102539 0.084961 0.085938
0 0.380371 0.210938 0.110352 0.111328
0 0.386230 0.333984 0.110352 0.111328
0 0.477539 0.052246 0.097656 0.098633
0 0.472656 0.174316 0.097656 0.098633
0 0.476074 0.280273 0.110352 0.111328
0 0.567383 0.113281 0.085938 0.085938
0 0.569336 0.221191 0.097656 0.098633
0 0.569336 0.333984 0.097656 0.097656
0 0.674316 0.163574 0.110352 0.110352
0 0.674805 0.282715 0.109375 0.110352
0 0.762207 0.105957 0.110352 0.110352
0 0.764160 0.229004 0.110352 0.110352
0 0.767090 0.336426 0.110352 0.110352
0 0.863281 0.057129 0.109375 0.110352
0 0.857422 0.166504 0.109375 0.110352
0 0.852539 0.276855 0.109375 0.110352
0 0.949707 0.774414 0.084961 0.085938
0 0.951660 0.883789 0.084961 0.085938
0 0.852539 0.493652 0.097656 0.098633
0 0.851074 0.608398 0.084961 0.085938
0 0.856934 0.724609 0.084961 0.085938
0 0.857910 0.937500 0.073242 0.074219
0 0.856934 0.388184 0.110352 0.110352
0 0.765625 0.445801 0.097656 0.098633
0 0.764648 0.554688 0.097656 0.097656
0 0.762695 0.663086 0.097656 0.097656
0 0.769531 0.774414 0.085938 0.085938
1 0.668945 0.387695 0.085938 0.085938
1 0.382324 0.431641 0.084961 0.085938
0 0.090332 0.408691 0.110352 0.110352
0 0.090332 0.520020 0.110352 0.110352
0 0.087402 0.632324 0.110352 0.110352
0 0.088379 0.746582 0.110352 0.110352
0 0.179688 0.469238 0.109375 0.110352
0 0.174805 0.566895 0.097656 0.098633
0 0.180664 0.678223 0.097656 0.098633
0 0.302734 0.717285 0.097656 0.098633
0 0.292480 0.829590 0.110352 0.110352
0 0.383789 0.545898 0.109375 0.111328
0 0.378906 0.660156 0.085938 0.085938
0 0.380859 0.774414 0.085938 0.085938
0 0.474121 0.375488 0.110352 0.110352
0 0.473145 0.498047 0.110352 0.111328
0 0.473633 0.603516 0.097656 0.097656
0 0.477539 0.732422 0.097656 0.097656
0 0.577148 0.432129 0.097656 0.098633
0 0.578613 0.550781 0.084961 0.085938
0 0.579590 0.666016 0.084961 0.085938
0 0.570801 0.769531 0.084961 0.085938
0 0.676758 0.490723 0.097656 0.098633
0 0.676758 0.617676 0.109375 0.110352
0 0.674805 0.715820 0.085938 0.085938
0 0.674805 0.816406 0.097656 0.097656
0 0.670898 0.931641 0.097656 0.097656
0 0.576660 0.885742 0.084961 0.085938
0 0.474609 0.947754 0.097656 0.098633
0 0.480469 0.833984 0.085938 0.085938
0 0.383789 0.883789 0.085938 0.085938
0 0.291992 0.934082 0.097656 0.098633
0 0.179688 0.892090 0.097656 0.098633
0 0.089844 0.850098 0.097656 0.098633
0 0.088867 0.956055 0.085938 0.085938