0 0.316406 0.046875 0.085938 0.085938
0 0.510254 0.051270 0.073242 0.073242
0 0.503418 0.268555 0.084961 0.085938
0 0.508301 0.385254 0.073242 0.073242
0 0.598145 0.210449 0.073242 0.073242
0 0.604004 0.436523 0.084961 0.085938
0 0.597168 0.324707 0.061523 0.061523
0 0.600586 0.552734 0.085938 0.085938
0 0.604980 0.104980 0.073242 0.073242
0 0.129395 0.050781 0.073242 0.074219
0 0.415039 0.105957 0.085938 0.086914
0 0.227539 0.100098 0.097656 0.098633
0 0.502441 0.159668 0.073242 0.073242
0 0.505859 0.491211 0.085938 0.085938
0 0.506836 0.602539 0.097656 0.097656
0 0.410156 0.216797 0.085938 0.085938
0 0.406250 0.328613 0.097656 0.098633
0 0.409180 0.436523 0.085938 0.085938
0 0.409180 0.542969 0.097656 0.097656
0 0.313477 0.163574 0.097656 0.098633
0 0.313477 0.270996 0.097656 0.098633
0 0.315918 0.385742 0.084961 0.085938
0 0.318848 0.494141 0.084961 0.085938
0 0.317383 0.598633 0.097656 0.097656
0 0.221680 0.212402 0.097656 0.098633
0 0.224609 0.325195 0.097656 0.097656
0 0.221191 0.444336 0.084961 0.085938
0 0.219727 0.546875 0.097656 0.097656
0 0.131836 0.157227 0.097656 0.097656
0 0.128906 0.277344 0.085938 0.085938
0 0.131348 0.385742 0.073242 0.074219
0 0.129395 0.494141 0.073242 0.074219
0 0.121582 0.605957 0.073242 0.073242
0 0.126465 0.711914 0.073242 0.074219
0 0.123047 0.824219 0.097656 0.097656
0 0.128418 0.935547 0.084961 0.085938
0 0.224609 0.654785 0.097656 0.098633
0 0.220703 0.768555 0.085938 0.085938
0 0.218750 0.871094 0.097656 0.097656
0 0.317383 0.706543 0.097656 0.098633
0 0.322266 0.824707 0.097656 0.098633
0 0.325195 0.930664 0.097656 0.097656
0 0.411133 0.657715 0.085938 0.086914
0 0.411133 0.765137 0.097656 0.098633
0 0.410156 0.873535 0.097656 0.098633
0 0.510742 0.711426 0.097656 0.098633
0 0.503906 0.819824 0.097656 0.098633
0 0.502930 0.934570 0.085938 0.085938
0 0.600098 0.651367 0.084961 0.085938
0 0.600098 0.763672 0.084961 0.085938
0 0.600586 0.877441 0.097656 0.098633