0 0.920410 0.636230 0.073242 0.073242
0 0.821777 0.467285 0.061523 0.061523
0 0.916504 0.513184 0.061523 0.061523
0 0.643066 0.469238 0.061523 0.061523
0 0.059570 0.468750 0.085938 0.085938
0 0.074707 0.585938 0.084961 0.085938
0 0.070312 0.693359 0.085938 0.085938
0 0.073730 0.794922 0.084961 0.085938
0 0.068848 0.906250 0.084961 0.085938
0 0.156250 0.528320 0.097656 0.097656
0 0.168945 0.635742 0.097656 0.097656
0 0.165039 0.747559 0.109375 0.110352
0 0.163086 0.853027 0.109375 0.110352
0 0.261230 0.582031 0.110352 0.111328
0 0.265137 0.691406 0.110352 0.111328
0 0.264648 0.803223 0.109375 0.110352
0 0.260742 0.905762 0.097656 0.098633
0 0.255371 0.471680 0.084961 0.085938
0 0.355469 0.528809 0.097656 0.098633
0 0.355469 0.634766 0.097656 0.097656
0 0.358398 0.743164 0.097656 0.097656
0 0.359863 0.851562 0.110352 0.111328
0 0.451172 0.480957 0.109375 0.110352
0 0.454102 0.586426 0.097656 0.098633
0 0.456055 0.689941 0.097656 0.098633
0 0.447266 0.802734 0.109375 0.111328
0 0.449707 0.907227 0.110352 0.111328
0 0.544922 0.525879 0.097656 0.098633
0 0.546875 0.629395 0.097656 0.098633
0 0.548828 0.744629 0.109375 0.110352
0 0.545898 0.851562 0.097656 0.097656
0 0.638672 0.582520 0.097656 0.098633
0 0.641602 0.687988 0.097656 0.098633
0 0.640137 0.799316 0.110352 0.110352
0 0.639648 0.906738 0.097656 0.098633
0 0.733398 0.521973 0.097656 0.098633
0 0.735352 0.637207 0.085938 0.086914
0 0.731934 0.748047 0.084961 0.085938
0 0.734863 0.855469 0.084961 0.085938
0 0.827148 0.581055 0.085938 0.085938
0 0.824219 0.691406 0.085938 0.085938
0 0.826660 0.800293 0.073242 0.073242
1 0.828613 0.911621 0.073242 0.073242
0 0.923828 0.755859 0.085938 0.085938
0 0.920898 0.855957 0.085938 0.086914