0 0.782227 0.442871 0.097656 0.098633
0 0.875977 0.499512 0.109375 0.110352
0 0.876465 0.064453 0.084961 0.085938
0 0.780762 0.120605 0.110352 0.110352
0 0.682617 0.059082 0.085938 0.086914
0 0.684570 0.172363 0.097656 0.098633
0 0.588867 0.118652 0.097656 0.098633
0 0.506348 0.055176 0.061523 0.061523
0 0.403320 0.117676 0.109375 0.110352
0 0.217285 0.115234 0.110352 0.111328
0 0.111816 0.167480 0.110352 0.110352
0 0.120117 0.283691 0.109375 0.110352
0 0.121094 0.392090 0.109375 0.110352
0 0.121094 0.494629 0.097656 0.098633
0 0.125977 0.610840 0.109375 0.110352
0 0.212402 0.228027 0.110352 0.110352
0 0.216309 0.332520 0.110352 0.110352
0 0.213379 0.443848 0.110352 0.110352
0 0.211914 0.555176 0.109375 0.110352
0 0.212891 0.664551 0.109375 0.110352
0 0.304688 0.162109 0.109375 0.111328
0 0.308594 0.274414 0.109375 0.111328
0 0.306641 0.384277 0.097656 0.098633
0 0.313965 0.496582 0.110352 0.110352
0 0.306152 0.604004 0.110352 0.110352
0 0.401367 0.227539 0.109375 0.111328
0 0.398438 0.333008 0.109375 0.111328
0 0.400391 0.439453 0.097656 0.097656
0 0.399414 0.548340 0.109375 0.110352
0 0.399414 0.668457 0.097656 0.098633
0 0.497070 0.176270 0.097656 0.098633
0 0.491699 0.274414 0.110352 0.111328
0 0.496094 0.384766 0.109375 0.111328
0 0.493164 0.497070 0.109375 0.111328
0 0.495117 0.611816 0.109375 0.110352
0 0.593262 0.444336 0.110352 0.111328
0 0.595215 0.527344 0.073242 0.074219
0 0.584961 0.666992 0.097656 0.097656
0 0.684570 0.278809 0.109375 0.110352
0 0.684570 0.494141 0.097656 0.097656
0 0.681641 0.603516 0.097656 0.097656
0 0.773926 0.229004 0.110352 0.110352
0 0.778320 0.330566 0.109375 0.110352
0 0.783203 0.556152 0.109375 0.110352
0 0.780762 0.660156 0.110352 0.111328
0 0.869629 0.168945 0.084961 0.085938
0 0.903809 0.208008 0.084961 0.085938
0 0.873535 0.289551 0.110352 0.110352
0 0.874023 0.604980 0.097656 0.098633
0 0.875977 0.715820 0.097656 0.097656
0 0.875000 0.831055 0.085938 0.085938
0 0.875488 0.936035 0.061523 0.061523
0 0.779297 0.774414 0.097656 0.097656
0 0.778809 0.881836 0.084961 0.085938
0 0.681152 0.698242 0.110352 0.111328
0 0.691406 0.818848 0.097656 0.098633
0 0.681641 0.938965 0.060547 0.061523
0 0.591797 0.769043 0.097656 0.098633
0 0.595703 0.885254 0.097656 0.098633
0 0.494141 0.715332 0.097656 0.098633
0 0.495117 0.824707 0.097656 0.098633
0 0.495605 0.940918 0.073242 0.073242
0 0.404785 0.774902 0.110352 0.110352
0 0.397461 0.872559 0.097656 0.098633
0 0.308105 0.722168 0.110352 0.110352
0 0.309570 0.830566 0.109375 0.110352
0 0.309570 0.947754 0.097656 0.098633
0 0.214844 0.771973 0.109375 0.110352
0 0.210938 0.881348 0.109375 0.110352
0 0.123535 0.721191 0.110352 0.110352
0 0.114746 0.817871 0.110352 0.110352
0 0.118164 0.929688 0.097656 0.097656