0 0.910645 0.818848 0.073242 0.073242
0 0.721191 0.925293 0.110352 0.110352
0 0.626953 0.876953 0.109375 0.111328
0 0.531250 0.931641 0.097656 0.097656
0 0.530273 0.820801 0.097656 0.098633
0 0.910156 0.932129 0.109375 0.110352
0 0.818359 0.882324 0.109375 0.110352
0 0.435547 0.877441 0.097656 0.098633
1 0.342285 0.920410 0.110352 0.110352
0 0.346191 0.809570 0.110352 0.111328
0 0.246582 0.872070 0.110352 0.111328
0 0.154785 0.921387 0.110352 0.110352
0 0.152344 0.824707 0.109375 0.110352
0 0.060547 0.861328 0.109375 0.111328
0 0.919922 0.573242 0.109375 0.111328
0 0.919922 0.495117 0.097656 0.097656
0 0.914062 0.410645 0.109375 0.110352
0 0.913086 0.285645 0.097656 0.098633
0 0.915039 0.156738 0.097656 0.098633
0 0.915527 0.049805 0.084961 0.085938
0 0.822266 0.119141 0.097656 0.097656
0 0.819824 0.221680 0.084961 0.085938
0 0.818359 0.331055 0.085938 0.085938
0 0.811523 0.452148 0.085938 0.085938
0 0.815430 0.541992 0.085938 0.085938
0 0.826172 0.632812 0.097656 0.097656
0 0.725586 0.060547 0.085938 0.085938
0 0.726562 0.170898 0.085938 0.085938
0 0.730469 0.285645 0.097656 0.098633
0 0.726562 0.401367 0.097656 0.097656
0 0.726562 0.490723 0.097656 0.098633
0 0.725098 0.576660 0.110352 0.110352
0 0.635742 0.540527 0.097656 0.098633
0 0.628418 0.441406 0.110352 0.111328
0 0.630859 0.336426 0.109375 0.110352
0 0.630859 0.228027 0.097656 0.098633
0 0.640137 0.130859 0.084961 0.085938
0 0.539062 0.059082 0.097656 0.098633
0 0.539551 0.161621 0.110352 0.110352
0 0.538086 0.279785 0.109375 0.110352
0 0.535156 0.388184 0.109375 0.110352
0 0.541504 0.499512 0.061523 0.061523
0 0.537598 0.592285 0.084961 0.086914
0 0.443848 0.118652 0.084961 0.086914
0 0.447754 0.230469 0.084961 0.085938
0 0.443359 0.332031 0.085938 0.085938
0 0.440918 0.445312 0.084961 0.085938
0 0.448242 0.558105 0.097656 0.098633
0 0.349121 0.183594 0.084961 0.085938
0 0.354492 0.284180 0.085938 0.085938
0 0.350586 0.375977 0.085938 0.085938
0 0.350098 0.490234 0.084961 0.085938
0 0.344727 0.601074 0.097656 0.098633
0 0.262695 0.100098 0.109375 0.110352
0 0.260254 0.218750 0.110352 0.111328
0 0.250977 0.334473 0.109375 0.110352
0 0.258789 0.443848 0.109375 0.110352
0 0.248047 0.551758 0.109375 0.111328
0 0.152832 0.175293 0.110352 0.110352
0 0.155273 0.279785 0.109375 0.110352
0 0.159180 0.379883 0.097656 0.097656
0 0.160156 0.494629 0.097656 0.098633
0 0.155273 0.608398 0.085938 0.085938
0 0.065430 0.111816 0.097656 0.098633
0 0.067383 0.226074 0.097656 0.098633
0 0.063477 0.334473 0.097656 0.098633
0 0.068848 0.440918 0.084961 0.086914
0 0.067383 0.547363 0.109375 0.110352