0 0.057129 0.845215 0.073242 0.073242
0 0.813965 0.289062 0.073242 0.074219
0 0.715332 0.903320 0.073242 0.074219
0 0.622070 0.842285 0.060547 0.061523
0 0.910645 0.773438 0.073242 0.074219
0 0.913086 0.886719 0.085938 0.085938
0 0.806641 0.834473 0.097656 0.098633
0 0.722656 0.801758 0.097656 0.097656
0 0.537109 0.907227 0.085938 0.085938
0 0.540039 0.795410 0.097656 0.098633
0 0.434570 0.851074 0.097656 0.098633
0 0.239746 0.844727 0.084961 0.085938
0 0.337891 0.794922 0.085938 0.085938
1 0.349609 0.896484 0.097656 0.097656
0 0.059082 0.518555 0.073242 0.074219
0 0.056152 0.619141 0.073242 0.074219
0 0.055176 0.741211 0.084961 0.085938
0 0.060547 0.405273 0.085938 0.085938
0 0.057617 0.296387 0.097656 0.098633
0 0.060547 0.187012 0.085938 0.086914
0 0.055664 0.081543 0.097656 0.098633
0 0.157715 0.130859 0.084961 0.085938
0 0.156250 0.245605 0.109375 0.110352
0 0.152344 0.342285 0.109375 0.110352
0 0.150879 0.508789 0.084961 0.085938
0 0.158203 0.577637 0.097656 0.098633
0 0.154297 0.688965 0.097656 0.098633
1 0.151855 0.925781 0.084961 0.085938
0 0.249023 0.734863 0.097656 0.098633
0 0.247559 0.629883 0.084961 0.085938
0 0.248535 0.075195 0.084961 0.085938
0 0.245605 0.193359 0.084961 0.085938
0 0.250488 0.320312 0.084961 0.085938
0 0.246582 0.413574 0.084961 0.086914
0 0.251953 0.516113 0.097656 0.098633
0 0.345703 0.684082 0.097656 0.098633
0 0.343750 0.133789 0.085938 0.085938
0 0.342773 0.237793 0.097656 0.098633
0 0.342285 0.357422 0.084961 0.085938
0 0.348633 0.463379 0.097656 0.098633
0 0.340820 0.587891 0.097656 0.097656
0 0.431641 0.075684 0.097656 0.098633
0 0.437988 0.199219 0.084961 0.085938
0 0.437988 0.287598 0.084961 0.086914
0 0.435547 0.398438 0.085938 0.085938
0 0.436523 0.515625 0.085938 0.085938
0 0.436523 0.608887 0.097656 0.098633
0 0.434570 0.738770 0.097656 0.098633
0 0.538574 0.665039 0.084961 0.085938
0 0.530273 0.075684 0.097656 0.098633
0 0.535156 0.144531 0.097656 0.097656
0 0.528320 0.225098 0.097656 0.098633
0 0.541504 0.354492 0.084961 0.085938
0 0.547852 0.460938 0.085938 0.085938
0 0.541016 0.572266 0.085938 0.085938
0 0.626465 0.743164 0.084961 0.085938
0 0.628418 0.081055 0.084961 0.085938
0 0.631836 0.199219 0.085938 0.085938
0 0.628906 0.279785 0.097656 0.098633
0 0.624023 0.405273 0.085938 0.085938
0 0.627930 0.503906 0.085938 0.085938
0 0.620117 0.629883 0.085938 0.085938
0 0.722656 0.135742 0.085938 0.085938
0 0.719727 0.263184 0.085938 0.086914
0 0.719727 0.366211 0.085938 0.085938
0 0.722168 0.477539 0.084961 0.085938
0 0.721680 0.568848 0.097656 0.098633
0 0.724609 0.705566 0.097656 0.098633
0 0.814941 0.735352 0.084961 0.085938
0 0.814941 0.620117 0.084961 0.085938
0 0.821777 0.518555 0.084961 0.085938
0 0.810059 0.398438 0.084961 0.085938
0 0.807617 0.077148 0.097656 0.097656
0 0.814453 0.178711 0.097656 0.097656
0 0.915039 0.086426 0.097656 0.098633
0 0.921875 0.230957 0.097656 0.098633
0 0.911133 0.345703 0.085938 0.085938
0 0.906738 0.459961 0.084961 0.085938
0 0.905762 0.566406 0.084961 0.085938
0 0.902832 0.671875 0.084961 0.085938
0 0.160156 0.815430 0.085938 0.085938