0 0.426270 0.166992 0.073242 0.074219
0 0.604980 0.859375 0.073242 0.074219
0 0.606934 0.945312 0.073242 0.074219
0 0.808105 0.927246 0.073242 0.073242
0 0.801270 0.710938 0.073242 0.074219
0 0.526855 0.912598 0.073242 0.073242
0 0.906738 0.336914 0.110352 0.111328
0 0.910645 0.461914 0.122070 0.123047
0 0.903809 0.567383 0.084961 0.085938
0 0.886719 0.684570 0.085938 0.085938
0 0.889160 0.770020 0.084961 0.086914
0 0.895508 0.877930 0.097656 0.097656
0 0.811035 0.285645 0.110352 0.110352
0 0.814941 0.395020 0.110352 0.110352
0 0.812500 0.507324 0.097656 0.098633
0 0.814453 0.605957 0.097656 0.098633
0 0.722656 0.692871 0.060547 0.061523
0 0.722168 0.795898 0.073242 0.074219
0 0.725098 0.881836 0.084961 0.085938
0 0.716797 0.352051 0.109375 0.110352
0 0.724121 0.448730 0.110352 0.110352
0 0.721680 0.563965 0.109375 0.110352
0 0.625977 0.291016 0.085938 0.085938
0 0.621094 0.401855 0.109375 0.110352
0 0.623535 0.508301 0.110352 0.110352
0 0.623047 0.608398 0.109375 0.111328
0 0.611328 0.750488 0.097656 0.098633
0 0.527344 0.798340 0.097656 0.098633
0 0.541992 0.683594 0.085938 0.085938
0 0.527832 0.340332 0.084961 0.086914
0 0.534180 0.444336 0.097656 0.097656
0 0.527344 0.575684 0.097656 0.098633
0 0.425781 0.284180 0.085938 0.085938
0 0.427246 0.397461 0.084961 0.085938
0 0.434570 0.510742 0.097656 0.097656
0 0.438477 0.613770 0.109375 0.110352
0 0.448730 0.750977 0.084961 0.085938
0 0.439453 0.845215 0.097656 0.098633
0 0.349121 0.893066 0.110352 0.110352
0 0.341309 0.799316 0.110352 0.110352
0 0.344238 0.671875 0.110352 0.111328
0 0.346680 0.570312 0.109375 0.111328
0 0.344727 0.454590 0.097656 0.098633
1 0.345215 0.342773 0.073242 0.074219
0 0.247559 0.280273 0.084961 0.085938
0 0.244629 0.401367 0.084961 0.085938
0 0.247070 0.510254 0.109375 0.110352
0 0.250000 0.618652 0.097656 0.098633
0 0.255859 0.742188 0.085938 0.085938
0 0.250977 0.840820 0.109375 0.111328
0 0.251953 0.947754 0.097656 0.098633
0 0.160156 0.906250 0.085938 0.085938
0 0.160645 0.787109 0.084961 0.085938
0 0.169434 0.677734 0.084961 0.085938
0 0.172363 0.565430 0.084961 0.085938
0 0.172852 0.459473 0.097656 0.098633
0 0.158203 0.354492 0.085938 0.085938
0 0.064453 0.283691 0.097656 0.098633
0 0.060059 0.407715 0.110352 0.110352
0 0.061035 0.514160 0.110352 0.110352
0 0.064941 0.623535 0.096680 0.098633
0 0.065918 0.727539 0.084961 0.085938
0 0.058594 0.843262 0.097656 0.098633
1 0.350098 0.218750 0.073242 0.074219
1 0.345215 0.110840 0.073242 0.073242
0 0.251953 0.069336 0.085938 0.085938
0 0.251953 0.184570 0.085938 0.085938
1 0.440918 0.073242 0.073242 0.074219
0 0.909668 0.133789 0.084961 0.085938
0 0.815430 0.179199 0.097656 0.098633
0 0.810059 0.072266 0.110352 0.111328
0 0.723633 0.121582 0.109375 0.110352
0 0.630371 0.173340 0.110352 0.110352
0 0.723633 0.237305 0.085938 0.085938
0 0.635742 0.080078 0.109375 0.111328
0 0.536133 0.119141 0.085938 0.085938
0 0.534668 0.225586 0.084961 0.085938
0 0.165039 0.116211 0.085938 0.085938
0 0.065430 0.063965 0.097656 0.098633
0 0.064453 0.178223 0.097656 0.098633
0 0.168945 0.229004 0.097656 0.098633
0 0.913574 0.244629 0.110352 0.110352
0 0.805664 0.814941 0.097656 0.098633