0 0.277344 0.188965 0.085938 0.086914
0 0.938965 0.743164 0.084961 0.085938
0 0.940430 0.125977 0.085938 0.085938
0 0.849609 0.062988 0.097656 0.098633
0 0.848145 0.183594 0.084961 0.085938
0 0.749023 0.117188 0.097656 0.097656
0 0.655762 0.075195 0.110352 0.111328
0 0.653320 0.182617 0.085938 0.085938
0 0.553711 0.130859 0.097656 0.097656
0 0.458008 0.067871 0.097656 0.098633
0 0.458496 0.184570 0.084961 0.085938
0 0.376953 0.127441 0.097656 0.098633
0 0.274414 0.083008 0.085938 0.085938
0 0.186035 0.031738 0.024414 0.024414
0 0.180176 0.145020 0.024414 0.024414
0 0.088379 0.063965 0.024414 0.024414
0 0.084473 0.179199 0.024414 0.024414
0 0.080566 0.288574 0.024414 0.024414
0 0.083496 0.370605 0.024414 0.024414
0 0.181152 0.231934 0.024414 0.024414
0 0.174316 0.339355 0.024414 0.024414
0 0.274414 0.370117 0.037109 0.037109
0 0.271484 0.287598 0.109375 0.110352
0 0.380859 0.231445 0.085938 0.085938
0 0.381348 0.340332 0.073242 0.073242
0 0.461914 0.290527 0.097656 0.098633
0 0.452637 0.405762 0.061523 0.061523
0 0.553711 0.236816 0.097656 0.098633
0 0.558594 0.344238 0.097656 0.098633
0 0.662109 0.293945 0.097656 0.097656
0 0.753418 0.232422 0.084961 0.085938
0 0.751953 0.343750 0.097656 0.097656
0 0.851562 0.291016 0.097656 0.097656
0 0.845215 0.385742 0.084961 0.085938
0 0.940430 0.236328 0.085938 0.085938
0 0.942383 0.339844 0.085938 0.085938
0 0.084961 0.582031 0.085938 0.085938
0 0.077148 0.691895 0.097656 0.098633
0 0.086914 0.802246 0.109375 0.110352
0 0.084473 0.914062 0.122070 0.123047
0 0.182129 0.540527 0.061523 0.061523
0 0.178711 0.634277 0.097656 0.098633
0 0.183105 0.749023 0.122070 0.123047
0 0.175781 0.857910 0.109375 0.110352
0 0.276367 0.583496 0.097656 0.098633
0 0.271973 0.692871 0.110352 0.110352
0 0.264160 0.796875 0.122070 0.123047
0 0.272949 0.919434 0.110352 0.110352
0 0.366211 0.550781 0.048828 0.048828
0 0.363281 0.636230 0.097656 0.098633
0 0.362793 0.751465 0.122070 0.122070
0 0.366699 0.857422 0.122070 0.123047
0 0.451660 0.583496 0.073242 0.073242
0 0.456055 0.695801 0.109375 0.110352
0 0.457031 0.805176 0.109375 0.110352
0 0.457031 0.913086 0.085938 0.085938
0 0.562012 0.635742 0.122070 0.123047
0 0.550293 0.744141 0.122070 0.123047
0 0.557617 0.864746 0.097656 0.098633
0 0.655762 0.581055 0.073242 0.074219
0 0.661133 0.693359 0.097656 0.097656
0 0.667480 0.806641 0.122070 0.123047
0 0.663086 0.919434 0.097656 0.098633
0 0.756348 0.636719 0.122070 0.123047
0 0.752441 0.756836 0.122070 0.123047
0 0.754395 0.865234 0.084961 0.085938
0 0.846680 0.587891 0.097656 0.097656
0 0.850586 0.701172 0.097656 0.097656
0 0.850586 0.805664 0.097656 0.097656
0 0.852539 0.919922 0.097656 0.097656
0 0.937012 0.639648 0.073242 0.074219
0 0.944336 0.861328 0.085938 0.085938