0 0.927734 0.922363 0.109375 0.110352
0 0.925293 0.819824 0.110352 0.110352
0 0.927734 0.708008 0.109375 0.111328
0 0.928223 0.596191 0.110352 0.110352
1 0.941406 0.488281 0.097656 0.097656
0 0.932129 0.381348 0.110352 0.110352
0 0.936035 0.271973 0.110352 0.110352
1 0.838867 0.226562 0.097656 0.097656
0 0.833008 0.330566 0.097656 0.098633
0 0.834961 0.439941 0.097656 0.098633
0 0.837891 0.545410 0.109375 0.110352
0 0.832520 0.663574 0.110352 0.110352
0 0.833496 0.767578 0.110352 0.111328
0 0.838867 0.882324 0.097656 0.098633
0 0.743652 0.278809 0.110352 0.110352
0 0.743164 0.386230 0.097656 0.098633
0 0.735352 0.497070 0.097656 0.097656
0 0.742188 0.608887 0.085938 0.086914
0 0.738281 0.718262 0.097656 0.098633
0 0.737793 0.823730 0.110352 0.110352
0 0.647949 0.222168 0.110352 0.110352
0 0.650391 0.325195 0.109375 0.111328
0 0.646484 0.439941 0.097656 0.098633
0 0.645020 0.556641 0.110352 0.111328
0 0.648438 0.666016 0.097656 0.097656
0 0.649902 0.785645 0.110352 0.110352
0 0.651367 0.880371 0.109375 0.110352
0 0.553711 0.397949 0.109375 0.110352
0 0.550781 0.486328 0.097656 0.097656
0 0.556152 0.572266 0.110352 0.111328
0 0.561035 0.687012 0.110352 0.110352
0 0.542969 0.816895 0.109375 0.110352
0 0.550293 0.940430 0.110352 0.111328
0 0.449707 0.881836 0.110352 0.111328
0 0.456055 0.768555 0.109375 0.111328
0 0.461914 0.669434 0.097656 0.098633
0 0.475098 0.208008 0.110352 0.111328
0 0.466797 0.308105 0.109375 0.110352
0 0.466797 0.452637 0.109375 0.110352
0 0.462891 0.542480 0.097656 0.098633
0 0.357422 0.266113 0.109375 0.110352
0 0.366211 0.494141 0.097656 0.097656
0 0.367188 0.600586 0.097656 0.097656
0 0.367188 0.713867 0.097656 0.097656
0 0.363281 0.827148 0.097656 0.097656
0 0.268555 0.223145 0.097656 0.098633
0 0.203125 0.457520 0.048828 0.049805
0 0.268066 0.316895 0.110352 0.110352
0 0.271484 0.674805 0.097656 0.097656
0 0.269043 0.764160 0.110352 0.110352
0 0.268555 0.885254 0.097656 0.098633
0 0.354980 0.933594 0.110352 0.111328
0 0.171875 0.928223 0.097656 0.098633
0 0.175781 0.808594 0.085938 0.085938
0 0.175781 0.709473 0.109375 0.110352
0 0.087891 0.645996 0.097656 0.098633
0 0.100586 0.790527 0.109375 0.110352
0 0.087891 0.886230 0.109375 0.110352
0 0.935059 0.162598 0.110352 0.110352
0 0.839844 0.120605 0.109375 0.110352
0 0.732422 0.163574 0.109375 0.110352
0 0.648438 0.102539 0.109375 0.111328
0 0.466309 0.115234 0.110352 0.111328
0 0.365234 0.158203 0.109375 0.111328
0 0.088867 0.194336 0.085938 0.085938
0 0.086426 0.104492 0.084961 0.085938
0 0.287109 0.105957 0.097656 0.098633