0 0.339355 0.881348 0.073242 0.073242
0 0.432129 0.472656 0.073242 0.074219
0 0.246582 0.954102 0.073242 0.074219
0 0.912109 0.769531 0.085938 0.085938
0 0.914062 0.866211 0.097656 0.097656
0 0.812500 0.724121 0.109375 0.110352
0 0.715820 0.789062 0.097656 0.097656
0 0.627930 0.724121 0.109375 0.110352
0 0.530762 0.781250 0.110352 0.111328
0 0.440430 0.756348 0.109375 0.110352
0 0.432617 0.852539 0.097656 0.097656
0 0.336914 0.779785 0.097656 0.098633
0 0.250000 0.723633 0.097656 0.097656
0 0.241211 0.832031 0.085938 0.085938
0 0.063477 0.723145 0.097656 0.098633
1 0.056641 0.837891 0.085938 0.085938
0 0.059082 0.943359 0.084961 0.085938
0 0.813477 0.053711 0.085938 0.085938
0 0.923340 0.107422 0.084961 0.085938
0 0.916504 0.251953 0.084961 0.085938
0 0.909668 0.662598 0.110352 0.110352
0 0.914062 0.557617 0.097656 0.097656
0 0.917969 0.463867 0.097656 0.097656
0 0.917969 0.363281 0.085938 0.085938
0 0.819824 0.187012 0.110352 0.110352
0 0.817383 0.277832 0.109375 0.110352
0 0.812988 0.405273 0.110352 0.111328
0 0.816895 0.500488 0.110352 0.110352
0 0.823242 0.625000 0.109375 0.111328
0 0.726562 0.564941 0.109375 0.110352
0 0.726562 0.458496 0.109375 0.110352
0 0.722656 0.349121 0.109375 0.110352
0 0.633789 0.193359 0.085938 0.085938
0 0.633789 0.291992 0.085938 0.085938
0 0.627930 0.408691 0.097656 0.098633
0 0.626953 0.511719 0.097656 0.097656
0 0.433594 0.062988 0.097656 0.098633
0 0.246094 0.049805 0.085938 0.085938
0 0.250000 0.174805 0.085938 0.085938
0 0.243164 0.274414 0.085938 0.085938
0 0.249512 0.406250 0.084961 0.085938
0 0.356934 0.422852 0.084961 0.085938
0 0.353027 0.339844 0.084961 0.085938
0 0.342773 0.223633 0.085938 0.085938
0 0.344238 0.109375 0.084961 0.085938
0 0.438477 0.179688 0.085938 0.085938
0 0.436035 0.301758 0.084961 0.085938
0 0.437012 0.383789 0.084961 0.085938
0 0.535156 0.534180 0.085938 0.085938
0 0.532715 0.426758 0.084961 0.085938
0 0.540527 0.332031 0.084961 0.085938
0 0.532715 0.237305 0.084961 0.085938
0 0.537109 0.126953 0.085938 0.085938
0 0.721680 0.127930 0.085938 0.085938
0 0.720215 0.238281 0.084961 0.085938
0 0.636230 0.073242 0.084961 0.085938
0 0.531250 0.683105 0.097656 0.098633
0 0.439453 0.662598 0.109375 0.110352
0 0.342285 0.679199 0.110352 0.110352
0 0.248047 0.611328 0.097656 0.097656
0 0.159180 0.119629 0.097656 0.098633
0 0.156738 0.228516 0.084961 0.085938
0 0.155273 0.346191 0.097656 0.098633
0 0.156250 0.459473 0.097656 0.098633
0 0.067383 0.063477 0.097656 0.097656
0 0.067871 0.173828 0.084961 0.085938
0 0.067383 0.291504 0.097656 0.098633
0 0.063477 0.404297 0.085938 0.085938
0 0.060547 0.513672 0.097656 0.097656
0 0.055664 0.612305 0.085938 0.085938