0 0.342285 0.502441 0.073242 0.073242
0 0.343262 0.394531 0.084961 0.085938
0 0.268066 0.888672 0.084961 0.085938
0 0.179199 0.932617 0.084961 0.085938
0 0.070801 0.889160 0.073242 0.073242
0 0.072754 0.764160 0.073242 0.073242
0 0.064941 0.666992 0.073242 0.074219
0 0.918945 0.604004 0.060547 0.061523
0 0.550781 0.405762 0.060547 0.061523
0 0.816895 0.448242 0.073242 0.074219
0 0.060059 0.549805 0.073242 0.074219
0 0.170898 0.392090 0.097656 0.098633
0 0.176270 0.508789 0.110352 0.111328
0 0.182129 0.613281 0.110352 0.111328
0 0.177246 0.718750 0.073242 0.074219
0 0.175293 0.830078 0.073242 0.074219
0 0.266602 0.441895 0.097656 0.098633
0 0.266602 0.558594 0.097656 0.097656
0 0.267090 0.672852 0.073242 0.074219
0 0.262207 0.774414 0.073242 0.074219
0 0.366699 0.607422 0.073242 0.074219
0 0.361328 0.721680 0.097656 0.097656
0 0.364258 0.833008 0.097656 0.097656
0 0.452637 0.440918 0.084961 0.086914
0 0.456543 0.554199 0.110352 0.110352
0 0.461426 0.670410 0.110352 0.110352
0 0.455566 0.776855 0.110352 0.110352
0 0.455078 0.892578 0.109375 0.111328
0 0.558105 0.497559 0.122070 0.122070
0 0.560547 0.612793 0.097656 0.098633
0 0.550781 0.725098 0.097656 0.098633
0 0.550781 0.843262 0.097656 0.098633
0 0.641602 0.454102 0.085938 0.085938
0 0.646484 0.560059 0.097656 0.098633
0 0.638672 0.673340 0.097656 0.098633
0 0.642578 0.781250 0.085938 0.085938
0 0.652344 0.891113 0.097656 0.098633
0 0.729980 0.506836 0.084961 0.085938
0 0.731934 0.628906 0.084961 0.085938
0 0.736328 0.728027 0.085938 0.086914
0 0.736328 0.836914 0.085938 0.085938
0 0.735352 0.954102 0.085938 0.085938
0 0.817871 0.572266 0.084961 0.085938
0 0.815918 0.682617 0.084961 0.085938
0 0.815918 0.782227 0.084961 0.085938
0 0.810059 0.897461 0.084961 0.085938
0 0.922852 0.509766 0.048828 0.048828
0 0.915039 0.714844 0.085938 0.085938
0 0.914551 0.831055 0.084961 0.085938
0 0.909180 0.920410 0.048828 0.049805