0 0.787598 0.535645 0.073242 0.073242
0 0.219727 0.110352 0.097656 0.097656
0 0.412109 0.079590 0.097656 0.098633
0 0.599609 0.081055 0.097656 0.097656
0 0.780762 0.087891 0.084961 0.085938
0 0.879395 0.564453 0.073242 0.074219
0 0.883301 0.669922 0.073242 0.074219
0 0.687012 0.571289 0.084961 0.085938
0 0.122070 0.599121 0.109375 0.110352
0 0.122070 0.702637 0.097656 0.098633
0 0.125000 0.811035 0.097656 0.098633
0 0.123047 0.933594 0.085938 0.085938
0 0.216797 0.540527 0.097656 0.098633
0 0.221680 0.656250 0.097656 0.097656
0 0.215332 0.758789 0.084961 0.085938
0 0.212891 0.868164 0.097656 0.097656
0 0.313477 0.915039 0.097656 0.097656
0 0.312500 0.802246 0.097656 0.098633
0 0.320312 0.691406 0.097656 0.097656
0 0.313477 0.583496 0.097656 0.098633
0 0.402344 0.526367 0.097656 0.097656
0 0.408203 0.633301 0.097656 0.098633
0 0.406250 0.740723 0.097656 0.098633
0 0.405273 0.855469 0.097656 0.097656
0 0.500488 0.911621 0.110352 0.110352
0 0.499512 0.798340 0.110352 0.110352
0 0.497070 0.684082 0.109375 0.110352
0 0.495605 0.573242 0.110352 0.111328
0 0.593750 0.530273 0.097656 0.097656
0 0.584961 0.633301 0.109375 0.110352
0 0.597656 0.737305 0.109375 0.111328
0 0.589844 0.849121 0.109375 0.110352
0 0.592285 0.954102 0.084961 0.085938
0 0.685547 0.903809 0.097656 0.098633
0 0.690918 0.799805 0.084961 0.085938
0 0.685547 0.673340 0.109375 0.110352
0 0.783691 0.633789 0.084961 0.085938
0 0.782227 0.733398 0.097656 0.097656
0 0.785156 0.868652 0.097656 0.098633
0 0.879395 0.904297 0.084961 0.085938
0 0.874023 0.769043 0.097656 0.098633
0 0.885254 0.480469 0.084961 0.085938
0 0.879395 0.356934 0.110352 0.110352
0 0.880371 0.247559 0.110352 0.110352
0 0.880859 0.137207 0.097656 0.098633
0 0.781250 0.195801 0.097656 0.098633
0 0.783203 0.306152 0.097656 0.098633
0 0.782227 0.410156 0.085938 0.085938
0 0.684570 0.468262 0.109375 0.110352
0 0.687500 0.363770 0.097656 0.098633
0 0.687500 0.246094 0.085938 0.085938
0 0.686523 0.139648 0.085938 0.085938
0 0.595703 0.186035 0.097656 0.098633
0 0.592773 0.293457 0.097656 0.098633
0 0.598633 0.399414 0.097656 0.097656
0 0.505859 0.451172 0.109375 0.111328
0 0.504395 0.350586 0.110352 0.111328
0 0.498535 0.260254 0.110352 0.110352
0 0.504395 0.134277 0.110352 0.110352
0 0.414062 0.186523 0.097656 0.097656
0 0.414062 0.297852 0.097656 0.097656
0 0.407227 0.408203 0.085938 0.085938
0 0.315430 0.474121 0.097656 0.098633
0 0.311523 0.371094 0.085938 0.085938
0 0.319336 0.250000 0.097656 0.097656
0 0.311523 0.143555 0.097656 0.097656
0 0.222656 0.214844 0.097656 0.097656
0 0.216797 0.311035 0.097656 0.098633
0 0.214844 0.434082 0.097656 0.098633
0 0.127930 0.490723 0.109375 0.110352
0 0.121582 0.377441 0.110352 0.110352
0 0.134277 0.264160 0.110352 0.110352
0 0.125488 0.152832 0.110352 0.110352