0 0.105957 0.905273 0.073242 0.074219
0 0.280762 0.325195 0.073242 0.074219
0 0.282715 0.411133 0.073242 0.074219
0 0.483887 0.393066 0.073242 0.073242
0 0.477051 0.176758 0.073242 0.074219
0 0.202637 0.378418 0.073242 0.073242
0 0.395508 0.506348 0.060547 0.061523
0 0.200684 0.476074 0.073242 0.073242
0 0.759766 0.845703 0.048828 0.048828
0 0.935059 0.858887 0.084961 0.086914
0 0.935059 0.955078 0.084961 0.085938
0 0.847168 0.904297 0.084961 0.085938
0 0.665039 0.907227 0.048828 0.048828
0 0.575195 0.862305 0.048828 0.048828
0 0.570312 0.962891 0.048828 0.048828
0 0.480469 0.916016 0.037109 0.037109
0 0.298340 0.900391 0.036133 0.037109
1 0.197754 0.957520 0.061523 0.061523
0 0.379395 0.956055 0.024414 0.025391
0 0.752930 0.953613 0.048828 0.049805
0 0.862305 0.088867 0.085938 0.085938
0 0.864746 0.181152 0.110352 0.110352
0 0.857422 0.293457 0.097656 0.098633
0 0.948730 0.434082 0.073242 0.073242
0 0.768066 0.126465 0.110352 0.110352
0 0.771973 0.234863 0.110352 0.110352
0 0.770508 0.344238 0.109375 0.110352
0 0.767578 0.462402 0.097656 0.098633
0 0.666992 0.078613 0.097656 0.098633
0 0.662109 0.187988 0.097656 0.098633
0 0.658203 0.293457 0.097656 0.098633
0 0.669434 0.402344 0.084961 0.085938
0 0.573730 0.450195 0.084961 0.085938
0 0.562500 0.150391 0.085938 0.085938
0 0.564941 0.235840 0.084961 0.086914
0 0.571289 0.343750 0.097656 0.097656
0 0.490234 0.071777 0.097656 0.098633
0 0.398438 0.158691 0.060547 0.061523
0 0.397949 0.261719 0.073242 0.074219
0 0.400879 0.347656 0.084961 0.085938
0 0.391602 0.426758 0.085938 0.085938
0 0.266113 0.510254 0.061523 0.061523
0 0.298828 0.074219 0.109375 0.111328
0 0.287109 0.216309 0.097656 0.098633
0 0.203125 0.264160 0.097656 0.098633
0 0.217773 0.149414 0.085938 0.085938
0 0.114258 0.079590 0.109375 0.110352
0 0.124512 0.216797 0.084961 0.085938
0 0.115234 0.311035 0.097656 0.098633
0 0.102051 0.431641 0.084961 0.085938
0 0.481445 0.280762 0.097656 0.098633