0 0.843750 0.451660 0.097656 0.098633
0 0.937500 0.508301 0.109375 0.110352
0 0.937988 0.073242 0.084961 0.085938
0 0.842285 0.129395 0.110352 0.110352
0 0.744141 0.067871 0.085938 0.086914
0 0.746094 0.181152 0.097656 0.098633
0 0.650391 0.127441 0.097656 0.098633
0 0.567871 0.063965 0.061523 0.061523
0 0.464844 0.126465 0.109375 0.110352
0 0.278809 0.124023 0.110352 0.111328
0 0.192871 0.064453 0.110352 0.111328
0 0.097656 0.120605 0.109375 0.110352
0 0.092773 0.232910 0.109375 0.110352
0 0.094727 0.332520 0.109375 0.110352
0 0.084961 0.444824 0.097656 0.098633
0 0.090332 0.557129 0.110352 0.110352
0 0.082520 0.663574 0.110352 0.110352
0 0.173340 0.176270 0.110352 0.110352
0 0.181641 0.292480 0.109375 0.110352
0 0.182617 0.400879 0.109375 0.110352
0 0.182617 0.503418 0.097656 0.098633
0 0.187500 0.619629 0.109375 0.110352
0 0.273926 0.236816 0.110352 0.110352
0 0.277832 0.341309 0.110352 0.110352
0 0.274902 0.452637 0.110352 0.110352
0 0.273438 0.563965 0.109375 0.110352
0 0.274414 0.673340 0.109375 0.110352
0 0.366211 0.170898 0.109375 0.111328
0 0.370117 0.283203 0.109375 0.111328
0 0.368164 0.393066 0.097656 0.098633
0 0.375488 0.505371 0.110352 0.110352
0 0.367676 0.612793 0.110352 0.110352
0 0.462891 0.236328 0.109375 0.111328
0 0.459961 0.341797 0.109375 0.111328
0 0.461914 0.448242 0.097656 0.097656
0 0.460938 0.557129 0.109375 0.110352
0 0.460938 0.677246 0.097656 0.098633
0 0.558594 0.185059 0.097656 0.098633
0 0.553223 0.283203 0.110352 0.111328
0 0.557617 0.393555 0.109375 0.111328
0 0.554688 0.505859 0.109375 0.111328
0 0.556641 0.620605 0.109375 0.110352
0 0.654785 0.453125 0.110352 0.111328
0 0.656738 0.536133 0.073242 0.074219
0 0.646484 0.675781 0.097656 0.097656
0 0.746094 0.287598 0.109375 0.110352
0 0.746094 0.502930 0.097656 0.097656
0 0.743164 0.612305 0.097656 0.097656
0 0.835449 0.237793 0.110352 0.110352
0 0.839844 0.339355 0.109375 0.110352
0 0.844727 0.564941 0.109375 0.110352
0 0.842285 0.668945 0.110352 0.111328
0 0.931152 0.177734 0.084961 0.085938
0 0.935059 0.298340 0.110352 0.110352
0 0.935547 0.613770 0.097656 0.098633
0 0.937500 0.724609 0.097656 0.097656
0 0.936523 0.839844 0.085938 0.085938
0 0.937012 0.944824 0.061523 0.061523
0 0.840820 0.783203 0.097656 0.097656
0 0.840332 0.890625 0.084961 0.085938
0 0.742676 0.707031 0.110352 0.111328
0 0.752930 0.827637 0.097656 0.098633
0 0.743164 0.947754 0.060547 0.061523
0 0.653320 0.777832 0.097656 0.098633
0 0.657227 0.894043 0.097656 0.098633
0 0.555664 0.724121 0.097656 0.098633
0 0.556641 0.833496 0.097656 0.098633
0 0.557129 0.949707 0.073242 0.073242
0 0.466309 0.783691 0.110352 0.110352
0 0.458984 0.881348 0.097656 0.098633
0 0.369629 0.730957 0.110352 0.110352
0 0.371094 0.839355 0.109375 0.110352
0 0.276367 0.780762 0.109375 0.110352
0 0.272461 0.890137 0.109375 0.110352
0 0.185059 0.729980 0.110352 0.110352
0 0.176270 0.826660 0.110352 0.110352
0 0.179688 0.938477 0.097656 0.097656
0 0.087402 0.779785 0.110352 0.110352
0 0.089355 0.896484 0.110352 0.111328