0 0.532715 0.326660 0.073242 0.073242
0 0.533691 0.218750 0.084961 0.085938
0 0.159668 0.441406 0.073242 0.074219
0 0.144043 0.333984 0.073242 0.074219
0 0.452637 0.816406 0.084961 0.085938
0 0.458496 0.712891 0.084961 0.085938
0 0.158691 0.643066 0.073242 0.073242
0 0.369629 0.756836 0.084961 0.085938
0 0.261230 0.713379 0.073242 0.073242
0 0.263184 0.588379 0.073242 0.073242
0 0.159668 0.529785 0.073242 0.073242
0 0.255371 0.491211 0.073242 0.074219
0 0.741211 0.229980 0.060547 0.061523
0 0.041504 0.282715 0.061523 0.061523
0 0.049316 0.388184 0.073242 0.073242
0 0.062988 0.476074 0.073242 0.073242
0 0.061035 0.587402 0.073242 0.073242
0 0.063965 0.708496 0.073242 0.073242
0 0.131348 0.222168 0.061523 0.061523
0 0.174805 0.757324 0.085938 0.086914
0 0.250488 0.374023 0.073242 0.074219
0 0.361328 0.216309 0.097656 0.098633
0 0.366699 0.333008 0.110352 0.111328
0 0.372559 0.437500 0.110352 0.111328
0 0.367676 0.542969 0.073242 0.074219
0 0.365723 0.654297 0.073242 0.074219
0 0.457031 0.266113 0.097656 0.098633
0 0.457031 0.382812 0.097656 0.097656
0 0.457520 0.497070 0.073242 0.074219
0 0.452637 0.598633 0.073242 0.074219
0 0.557129 0.431641 0.073242 0.074219
0 0.551758 0.545898 0.097656 0.097656
0 0.554688 0.657227 0.097656 0.097656
0 0.643066 0.265137 0.084961 0.086914
0 0.646973 0.378418 0.110352 0.110352
0 0.651855 0.494629 0.110352 0.110352
0 0.645996 0.601074 0.110352 0.110352
0 0.645508 0.716797 0.109375 0.111328
0 0.748535 0.321777 0.122070 0.122070
0 0.750977 0.437012 0.097656 0.098633
0 0.741211 0.549316 0.097656 0.098633
0 0.741211 0.667480 0.097656 0.098633
0 0.832031 0.278320 0.085938 0.085938
0 0.836914 0.384277 0.097656 0.098633
0 0.829102 0.497559 0.097656 0.098633
0 0.833008 0.605469 0.085938 0.085938
0 0.842773 0.715332 0.097656 0.098633
0 0.744141 0.775391 0.097656 0.097656
0 0.920410 0.331055 0.084961 0.085938
0 0.922363 0.453125 0.084961 0.085938
0 0.926758 0.552246 0.085938 0.086914
0 0.926758 0.661133 0.085938 0.085938
0 0.925781 0.778320 0.085938 0.085938
0 0.923828 0.880859 0.085938 0.085938
0 0.837891 0.833496 0.097656 0.098633
0 0.835449 0.945312 0.084961 0.085938
0 0.743164 0.881348 0.109375 0.110352
0 0.642578 0.825195 0.097656 0.097656
0 0.648438 0.940430 0.109375 0.111328
0 0.550781 0.773438 0.109375 0.111328
0 0.549316 0.883789 0.110352 0.111328
0 0.456543 0.916992 0.084961 0.085938
0 0.360840 0.883301 0.073242 0.073242
0 0.268555 0.827148 0.085938 0.085938
0 0.263672 0.942871 0.109375 0.110352
0 0.168457 0.884277 0.110352 0.110352
0 0.067871 0.825684 0.084961 0.086914
0 0.079102 0.937012 0.097656 0.098633