0 0.032715 0.437012 0.061523 0.061523
0 0.409668 0.226562 0.073242 0.074219
0 0.307129 0.270020 0.073242 0.073242
0 0.901855 0.068848 0.084961 0.086914
0 0.810547 0.123535 0.097656 0.098633
0 0.716797 0.068848 0.109375 0.110352
0 0.616699 0.125000 0.084961 0.085938
0 0.524414 0.059570 0.097656 0.097656
0 0.524414 0.178711 0.097656 0.097656
0 0.714355 0.178711 0.084961 0.085938
0 0.402344 0.126953 0.097656 0.097656
0 0.302734 0.150879 0.097656 0.098633
0 0.234375 0.112793 0.097656 0.098633
0 0.122070 0.076660 0.048828 0.049805
0 0.130859 0.166504 0.048828 0.049805
0 0.036133 0.240723 0.060547 0.061523
0 0.126953 0.296875 0.085938 0.085938
0 0.128906 0.400879 0.109375 0.110352
0 0.129883 0.513184 0.109375 0.110352
0 0.131836 0.625000 0.097656 0.097656
0 0.234375 0.232910 0.097656 0.098633
0 0.232910 0.340332 0.110352 0.110352
0 0.232422 0.461426 0.109375 0.110352
0 0.233398 0.565918 0.097656 0.098633
0 0.229492 0.674316 0.109375 0.110352
0 0.320312 0.414551 0.097656 0.098633
0 0.318359 0.509277 0.097656 0.098633
0 0.331055 0.627441 0.109375 0.110352
0 0.408203 0.354980 0.097656 0.098633
0 0.414551 0.454102 0.084961 0.085938
0 0.411621 0.564941 0.084961 0.086914
0 0.415039 0.665527 0.097656 0.098633
0 0.529297 0.284180 0.097656 0.097656
0 0.521484 0.395020 0.097656 0.098633
0 0.525391 0.502441 0.109375 0.110352
0 0.525879 0.620605 0.110352 0.110352
0 0.520996 0.736816 0.110352 0.110352
0 0.619141 0.233398 0.097656 0.097656
0 0.617676 0.346680 0.110352 0.111328
0 0.616211 0.450684 0.109375 0.110352
0 0.616211 0.562012 0.097656 0.098633
0 0.613281 0.676270 0.109375 0.110352
0 0.715332 0.293945 0.110352 0.111328
0 0.710938 0.403320 0.097656 0.097656
0 0.710938 0.514648 0.097656 0.097656
0 0.709473 0.622070 0.084961 0.085938
0 0.709961 0.735352 0.085938 0.085938
0 0.806641 0.238281 0.085938 0.085938
0 0.805664 0.350586 0.097656 0.097656
0 0.810059 0.459961 0.110352 0.111328
0 0.802246 0.570312 0.110352 0.111328
0 0.808105 0.676270 0.110352 0.110352
0 0.899902 0.181641 0.084961 0.085938
0 0.902344 0.291016 0.085938 0.085938
0 0.899414 0.402344 0.085938 0.085938
0 0.905273 0.503906 0.109375 0.111328
0 0.902344 0.613281 0.109375 0.111328
0 0.897949 0.736816 0.110352 0.110352
0 0.899902 0.845215 0.110352 0.110352
0 0.895996 0.944824 0.061523 0.061523
0 0.806152 0.794434 0.061523 0.061523
0 0.801270 0.902832 0.061523 0.061523
0 0.712891 0.844238 0.109375 0.110352
0 0.615234 0.786621 0.109375 0.110352
0 0.611816 0.898926 0.110352 0.110352
0 0.519043 0.838379 0.110352 0.110352
0 0.420898 0.771973 0.097656 0.098633
0 0.429688 0.891113 0.109375 0.110352
0 0.328125 0.729004 0.109375 0.110352
0 0.326172 0.829102 0.097656 0.097656
0 0.229492 0.794922 0.109375 0.111328
0 0.224121 0.902344 0.084961 0.085938
0 0.134277 0.732422 0.110352 0.111328
0 0.127930 0.843750 0.097656 0.097656
0 0.124512 0.948242 0.084961 0.085938