0 0.181152 0.322266 0.073242 0.074219
0 0.082520 0.936523 0.073242 0.074219
0 0.277832 0.806641 0.073242 0.074219
0 0.927734 0.856934 0.097656 0.098633
0 0.836914 0.921875 0.097656 0.097656
0 0.750488 0.872559 0.110352 0.110352
0 0.645996 0.835938 0.084961 0.085938
0 0.643066 0.942383 0.084961 0.085938
0 0.554199 0.880859 0.084961 0.085938
0 0.459961 0.822266 0.085938 0.085938
0 0.460938 0.935547 0.085938 0.085938
0 0.375000 0.867676 0.097656 0.098633
0 0.280273 0.919922 0.085938 0.085938
0 0.173828 0.867676 0.097656 0.098633
0 0.089844 0.834961 0.097656 0.097656
0 0.089844 0.044922 0.085938 0.085938
0 0.089844 0.168945 0.085938 0.085938
0 0.086914 0.296387 0.085938 0.086914
0 0.086914 0.399414 0.085938 0.085938
0 0.089355 0.510742 0.084961 0.085938
0 0.088867 0.602051 0.097656 0.098633
0 0.091797 0.738770 0.097656 0.098633
0 0.182129 0.768555 0.084961 0.085938
0 0.182129 0.653320 0.084961 0.085938
0 0.188965 0.551758 0.084961 0.085938
0 0.177246 0.431641 0.084961 0.085938
0 0.174805 0.110352 0.097656 0.097656
0 0.181641 0.211914 0.097656 0.097656
0 0.282227 0.119629 0.097656 0.098633
0 0.289062 0.264160 0.097656 0.098633
0 0.278320 0.378906 0.085938 0.085938
0 0.273926 0.493164 0.084961 0.085938
0 0.272949 0.599609 0.084961 0.085938
0 0.270020 0.705078 0.084961 0.085938
0 0.366211 0.112305 0.085938 0.085938
0 0.370117 0.218750 0.097656 0.097656
0 0.367188 0.328125 0.085938 0.085938
0 0.363281 0.437500 0.085938 0.085938
0 0.360352 0.553223 0.097656 0.098633
0 0.375000 0.675293 0.097656 0.098633
0 0.369629 0.771484 0.110352 0.111328
0 0.461914 0.168945 0.085938 0.085938
0 0.461914 0.273438 0.085938 0.085938
0 0.462891 0.394043 0.097656 0.098633
0 0.458984 0.500977 0.085938 0.085938
0 0.457520 0.605469 0.084961 0.085938
0 0.463867 0.711914 0.097656 0.097656
0 0.554688 0.768066 0.097656 0.098633
0 0.553223 0.662109 0.084961 0.085938
0 0.558594 0.543945 0.085938 0.085938
0 0.552246 0.439941 0.084961 0.086914
0 0.555664 0.329590 0.097656 0.098633
0 0.557617 0.213379 0.097656 0.098633
0 0.553711 0.106934 0.097656 0.098633
0 0.650391 0.160645 0.109375 0.110352
0 0.650391 0.264160 0.097656 0.098633
0 0.653320 0.372559 0.097656 0.098633
0 0.651367 0.495117 0.085938 0.085938
0 0.652344 0.604980 0.097656 0.098633
0 0.650391 0.706543 0.097656 0.098633
0 0.745117 0.102051 0.097656 0.098633
0 0.750000 0.217773 0.097656 0.097656
0 0.743652 0.320312 0.084961 0.085938
0 0.741211 0.429688 0.097656 0.097656
0 0.750977 0.545410 0.097656 0.098633
0 0.744141 0.657715 0.097656 0.098633
0 0.748047 0.764160 0.097656 0.098633
0 0.839844 0.806152 0.097656 0.098633
0 0.846680 0.695312 0.097656 0.097656
0 0.838867 0.587402 0.097656 0.098633
0 0.841797 0.476562 0.097656 0.097656
0 0.840820 0.363770 0.097656 0.098633
0 0.848633 0.252930 0.097656 0.097656
0 0.841797 0.145020 0.097656 0.098633
0 0.930664 0.087891 0.097656 0.097656
0 0.936523 0.194824 0.097656 0.098633
0 0.934570 0.302246 0.097656 0.098633
0 0.933594 0.416992 0.097656 0.097656
0 0.929688 0.532715 0.097656 0.098633
0 0.933105 0.637695 0.084961 0.085938
0 0.932617 0.739746 0.097656 0.098633
0 0.454590 0.060547 0.084961 0.085938