0 0.468262 0.720215 0.073242 0.073242
0 0.369629 0.551270 0.061523 0.061523
0 0.464355 0.597168 0.061523 0.061523
0 0.557617 0.558594 0.060547 0.060547
0 0.190918 0.553223 0.061523 0.061523
0 0.092773 0.609863 0.097656 0.098633
0 0.094727 0.713379 0.097656 0.098633
0 0.096680 0.828613 0.109375 0.110352
0 0.093750 0.935547 0.097656 0.097656
0 0.186523 0.666504 0.097656 0.098633
0 0.189453 0.771973 0.097656 0.098633
0 0.187988 0.883301 0.110352 0.110352
0 0.281250 0.605957 0.097656 0.098633
0 0.283203 0.721191 0.085938 0.086914
0 0.279785 0.832031 0.084961 0.085938
0 0.282715 0.939453 0.084961 0.085938
0 0.375000 0.665039 0.085938 0.085938
0 0.372070 0.775391 0.085938 0.085938
0 0.374512 0.884277 0.073242 0.073242
0 0.471680 0.839844 0.085938 0.085938
0 0.468750 0.939941 0.085938 0.086914
0 0.566406 0.662109 0.097656 0.097656
0 0.564941 0.770508 0.084961 0.085938
0 0.563965 0.883789 0.084961 0.085938
1 0.657715 0.604492 0.073242 0.074219
1 0.750977 0.658203 0.085938 0.085938
1 0.756348 0.770508 0.073242 0.074219
0 0.663086 0.714844 0.097656 0.097656
0 0.663086 0.826172 0.097656 0.097656
0 0.659668 0.939941 0.061523 0.061523
0 0.752930 0.882812 0.085938 0.085938