0 0.132324 0.172852 0.073242 0.074219
0 0.220215 0.113281 0.073242 0.074219
0 0.522949 0.561035 0.073242 0.073242
0 0.428223 0.518555 0.073242 0.074219
0 0.890625 0.075684 0.109375 0.110352
0 0.892578 0.183105 0.097656 0.098633
0 0.896484 0.287598 0.097656 0.098633
0 0.801758 0.120605 0.097656 0.098633
0 0.801758 0.227051 0.097656 0.098633
0 0.804199 0.339355 0.073242 0.073242
0 0.703125 0.054199 0.097656 0.098633
0 0.705078 0.177246 0.097656 0.098633
0 0.705078 0.286621 0.097656 0.098633
0 0.607422 0.110840 0.097656 0.098633
0 0.608398 0.229980 0.097656 0.098633
0 0.612793 0.332031 0.073242 0.074219
0 0.516602 0.061035 0.097656 0.098633
0 0.515625 0.175293 0.097656 0.098633
0 0.515625 0.280273 0.085938 0.085938
0 0.416016 0.117676 0.097656 0.098633
0 0.422363 0.221680 0.084961 0.085938
0 0.418945 0.329102 0.097656 0.097656
0 0.318848 0.056641 0.084961 0.085938
0 0.320801 0.166016 0.084961 0.085938
0 0.327148 0.280273 0.097656 0.097656
0 0.227051 0.219727 0.073242 0.074219
0 0.222656 0.323730 0.060547 0.061523
0 0.138672 0.056641 0.085938 0.085938
1 0.133301 0.259766 0.073242 0.074219
0 0.136230 0.482422 0.084961 0.085938
0 0.136719 0.565430 0.097656 0.097656
0 0.135254 0.685547 0.122070 0.123047
0 0.141602 0.781738 0.109375 0.110352
0 0.146484 0.897949 0.109375 0.110352
0 0.228027 0.507812 0.084961 0.085938
0 0.229980 0.620117 0.122070 0.123047
0 0.242188 0.833984 0.085938 0.085938
0 0.322266 0.571289 0.097656 0.097656
0 0.330566 0.677734 0.122070 0.123047
0 0.330566 0.787109 0.110352 0.111328
0 0.328613 0.889160 0.110352 0.110352
0 0.417969 0.613770 0.109375 0.110352
0 0.422852 0.726562 0.109375 0.111328
0 0.422363 0.838867 0.122070 0.123047
0 0.518066 0.671387 0.110352 0.110352
0 0.520996 0.782227 0.122070 0.123047
0 0.520020 0.894531 0.122070 0.123047
0 0.615723 0.510254 0.061523 0.061523
0 0.614258 0.616699 0.097656 0.098633
0 0.613281 0.729004 0.097656 0.098633
0 0.620117 0.822266 0.097656 0.097656
0 0.713867 0.559082 0.097656 0.098633
0 0.708008 0.677246 0.097656 0.098633
0 0.707520 0.773438 0.122070 0.123047
0 0.706543 0.889648 0.122070 0.123047
0 0.810547 0.508301 0.060547 0.061523
0 0.802734 0.614746 0.097656 0.098633
0 0.802734 0.724121 0.097656 0.098633
0 0.805176 0.840820 0.122070 0.123047
0 0.899902 0.562500 0.084961 0.085938
0 0.895508 0.670410 0.097656 0.098633
0 0.898926 0.784668 0.122070 0.122070
0 0.903320 0.892090 0.097656 0.098633