0 0.645996 0.287598 0.073242 0.073242
0 0.646973 0.179688 0.084961 0.085938
0 0.272949 0.402344 0.073242 0.074219
0 0.257324 0.294922 0.073242 0.074219
0 0.565918 0.777344 0.084961 0.085938
0 0.087402 0.726074 0.073242 0.073242
0 0.075684 0.612793 0.073242 0.073242
0 0.571777 0.673828 0.084961 0.085938
0 0.271973 0.604004 0.073242 0.073242
0 0.482910 0.717773 0.084961 0.085938
0 0.374512 0.674316 0.073242 0.073242
0 0.376465 0.549316 0.073242 0.073242
0 0.272949 0.490723 0.073242 0.073242
0 0.368652 0.452148 0.073242 0.074219
0 0.854492 0.190918 0.060547 0.061523
0 0.066406 0.191895 0.060547 0.061523
0 0.070312 0.289551 0.060547 0.061523
0 0.070312 0.374512 0.060547 0.061523
0 0.079590 0.482910 0.061523 0.061523
0 0.154785 0.243652 0.061523 0.061523
0 0.162598 0.349121 0.073242 0.073242
0 0.176270 0.437012 0.073242 0.073242
0 0.174316 0.548340 0.073242 0.073242
0 0.177246 0.669434 0.073242 0.073242
0 0.244629 0.183105 0.061523 0.061523
0 0.288086 0.718262 0.085938 0.086914
0 0.363770 0.334961 0.073242 0.074219
0 0.474609 0.177246 0.097656 0.098633
0 0.479980 0.293945 0.110352 0.111328
0 0.485840 0.398438 0.110352 0.111328
0 0.480957 0.503906 0.073242 0.074219
0 0.479004 0.615234 0.073242 0.074219
0 0.570312 0.227051 0.097656 0.098633
0 0.570312 0.343750 0.097656 0.097656
0 0.570801 0.458008 0.073242 0.074219
0 0.565918 0.559570 0.073242 0.074219
0 0.670410 0.392578 0.073242 0.074219
0 0.665039 0.506836 0.097656 0.097656
0 0.667969 0.618164 0.097656 0.097656
0 0.756348 0.226074 0.084961 0.086914
0 0.760254 0.339355 0.110352 0.110352
0 0.765137 0.455566 0.110352 0.110352
0 0.759277 0.562012 0.110352 0.110352
0 0.758789 0.677734 0.109375 0.111328
0 0.861816 0.282715 0.122070 0.122070
0 0.864258 0.397949 0.097656 0.098633
0 0.854492 0.510254 0.097656 0.098633
0 0.854492 0.628418 0.097656 0.098633
0 0.945312 0.239258 0.085938 0.085938
0 0.950195 0.345215 0.097656 0.098633
0 0.942383 0.458496 0.097656 0.098633
0 0.946289 0.566406 0.085938 0.085938
0 0.857422 0.736328 0.097656 0.097656
0 0.948730 0.906250 0.084961 0.085938
0 0.856445 0.842285 0.109375 0.110352
0 0.755859 0.786133 0.097656 0.097656
0 0.761719 0.901367 0.109375 0.111328
0 0.664062 0.734375 0.109375 0.111328
0 0.662598 0.844727 0.110352 0.111328
0 0.569824 0.877930 0.084961 0.085938
0 0.474121 0.844238 0.073242 0.073242
0 0.381836 0.788086 0.085938 0.085938
0 0.376953 0.903809 0.109375 0.110352
0 0.281738 0.845215 0.110352 0.110352
0 0.181152 0.786621 0.084961 0.086914
0 0.192383 0.897949 0.097656 0.098633
0 0.088867 0.832031 0.085938 0.085938
0 0.092773 0.955078 0.085938 0.085938