0 0.641602 0.553223 0.085938 0.086914
0 0.155762 0.716797 0.073242 0.074219
1 0.922363 0.155762 0.110352 0.110352
0 0.921387 0.278320 0.073242 0.074219
0 0.924805 0.376953 0.097656 0.097656
0 0.917969 0.495117 0.097656 0.097656
0 0.822266 0.101074 0.109375 0.110352
0 0.825195 0.211914 0.109375 0.111328
0 0.829102 0.312500 0.109375 0.111328
0 0.822266 0.432129 0.097656 0.098633
0 0.822754 0.548828 0.084961 0.085938
0 0.736328 0.149414 0.109375 0.111328
0 0.736816 0.256836 0.084961 0.085938
0 0.733398 0.382324 0.097656 0.098633
0 0.741211 0.491699 0.097656 0.098633
0 0.636230 0.116211 0.110352 0.111328
0 0.639160 0.224609 0.084961 0.085938
0 0.632324 0.343750 0.084961 0.085938
0 0.638672 0.447266 0.085938 0.085938
0 0.547363 0.057617 0.084961 0.085938
0 0.554199 0.171387 0.024414 0.024414
0 0.547852 0.290039 0.037109 0.037109
0 0.550293 0.395996 0.024414 0.024414
0 0.544434 0.509277 0.024414 0.024414
0 0.452637 0.317871 0.024414 0.024414
0 0.452637 0.428223 0.024414 0.024414
0 0.448730 0.543457 0.024414 0.024414
0 0.455078 0.093262 0.097656 0.098633
0 0.453125 0.198730 0.097656 0.098633
0 0.444824 0.652832 0.024414 0.024414
0 0.447754 0.734863 0.024414 0.024414
0 0.545410 0.596191 0.024414 0.024414
0 0.538574 0.703613 0.024414 0.024414
0 0.638672 0.734375 0.037109 0.037109
0 0.635742 0.651855 0.109375 0.110352
0 0.745117 0.595703 0.085938 0.085938
0 0.745605 0.704590 0.073242 0.073242
0 0.826172 0.654785 0.097656 0.098633
0 0.816895 0.770020 0.061523 0.061523
0 0.917969 0.601074 0.097656 0.098633
0 0.922852 0.708496 0.097656 0.098633
0 0.162109 0.283691 0.097656 0.098633
0 0.166016 0.387207 0.109375 0.110352
0 0.157227 0.498047 0.097656 0.097656
0 0.162109 0.609375 0.097656 0.097656
1 0.064453 0.338867 0.085938 0.085938
0 0.065430 0.452148 0.097656 0.097656
0 0.061035 0.557129 0.110352 0.110352
0 0.061523 0.666504 0.097656 0.098633
0 0.066406 0.942383 0.085938 0.085938
0 0.164551 0.893555 0.036133 0.037109
0 0.260254 0.951172 0.084961 0.085938
0 0.360352 0.897949 0.060547 0.061523
0 0.449219 0.946289 0.085938 0.085938
0 0.546387 0.904785 0.061523 0.061523
0 0.640625 0.947754 0.097656 0.098633
0 0.730469 0.915039 0.048828 0.048828
0 0.815918 0.947754 0.073242 0.073242