0 0.061523 0.072754 0.109375 0.110352
0 0.055664 0.183105 0.109375 0.110352
0 0.146484 0.127441 0.097656 0.098633
0 0.148926 0.237305 0.084961 0.085938
0 0.149414 0.350586 0.097656 0.097656
0 0.240234 0.074707 0.097656 0.098633
0 0.245605 0.187012 0.110352 0.110352
0 0.237793 0.293457 0.110352 0.110352
0 0.337891 0.133301 0.097656 0.098633
0 0.342773 0.249512 0.109375 0.110352
0 0.430176 0.082520 0.110352 0.110352
0 0.428711 0.193848 0.109375 0.110352
0 0.429688 0.303223 0.109375 0.110352
0 0.530762 0.135254 0.110352 0.110352
0 0.522949 0.242676 0.110352 0.110352
0 0.617188 0.078125 0.097656 0.097656
0 0.616211 0.187012 0.109375 0.110352
0 0.616211 0.307129 0.097656 0.098633
0 0.709961 0.135742 0.109375 0.111328
0 0.711914 0.250488 0.109375 0.110352
0 0.810059 0.083008 0.110352 0.111328
0 0.812012 0.166016 0.073242 0.074219
0 0.801758 0.305664 0.097656 0.097656
0 0.901367 0.132812 0.097656 0.097656
0 0.898438 0.242188 0.097656 0.097656
0 0.897949 0.336914 0.110352 0.111328
0 0.908203 0.457520 0.097656 0.098633
0 0.898438 0.577637 0.060547 0.061523
0 0.900391 0.676270 0.109375 0.110352
0 0.898438 0.795410 0.109375 0.110352
0 0.808594 0.407715 0.097656 0.098633
0 0.812500 0.523926 0.097656 0.098633
0 0.804688 0.629395 0.097656 0.098633
0 0.804688 0.737793 0.097656 0.098633
0 0.710938 0.354004 0.097656 0.098633
0 0.711914 0.463379 0.097656 0.098633
0 0.712402 0.579590 0.073242 0.073242
0 0.713867 0.684082 0.097656 0.098633
0 0.711914 0.797363 0.097656 0.098633
0 0.621582 0.413574 0.110352 0.110352
0 0.614258 0.511230 0.097656 0.098633
0 0.611328 0.641113 0.097656 0.098633
0 0.617188 0.746582 0.109375 0.110352
0 0.524902 0.360840 0.110352 0.110352
0 0.526367 0.469238 0.109375 0.110352
0 0.526367 0.586426 0.097656 0.098633
0 0.526367 0.687012 0.097656 0.098633
0 0.520508 0.800781 0.109375 0.111328
0 0.431641 0.410645 0.109375 0.110352
0 0.427734 0.520020 0.109375 0.110352
0 0.429688 0.629395 0.109375 0.110352
0 0.428223 0.741211 0.110352 0.111328
0 0.340332 0.359863 0.110352 0.110352
0 0.331543 0.456543 0.110352 0.110352
0 0.334961 0.568359 0.097656 0.097656
0 0.336426 0.678711 0.110352 0.111328
0 0.336426 0.797363 0.110352 0.110352
0 0.242676 0.409668 0.110352 0.110352
0 0.244629 0.526367 0.110352 0.111328
0 0.235352 0.635742 0.097656 0.097656
0 0.245117 0.753418 0.109375 0.110352
0 0.146484 0.462891 0.109375 0.111328
0 0.145508 0.582520 0.060547 0.061523
0 0.141602 0.688965 0.109375 0.110352
0 0.143555 0.799316 0.109375 0.110352
0 0.137695 0.914551 0.109375 0.110352
0 0.244141 0.850098 0.097656 0.098633
0 0.337402 0.907715 0.110352 0.110352
0 0.435059 0.848633 0.110352 0.111328
0 0.528320 0.906250 0.109375 0.111328
0 0.619629 0.847168 0.110352 0.110352
0 0.714355 0.905762 0.110352 0.110352
0 0.808594 0.848145 0.109375 0.110352
0 0.896484 0.899902 0.109375 0.110352