0 0.962402 0.725586 0.073242 0.074219
0 0.683105 0.479004 0.073242 0.073242
0 0.775879 0.952637 0.073242 0.073242
0 0.115234 0.053711 0.097656 0.097656
1 0.868164 0.563965 0.085938 0.086914
0 0.868164 0.453125 0.085938 0.085938
0 0.774902 0.507812 0.073242 0.074219
0 0.778809 0.613281 0.073242 0.074219
0 0.582520 0.514648 0.084961 0.085938
0 0.112305 0.483887 0.097656 0.098633
0 0.117188 0.599609 0.097656 0.097656
0 0.110840 0.702148 0.084961 0.085938
0 0.108398 0.811523 0.097656 0.097656
0 0.118164 0.927246 0.097656 0.098633
0 0.208984 0.858398 0.097656 0.097656
0 0.208008 0.745605 0.097656 0.098633
0 0.215820 0.634766 0.097656 0.097656
0 0.208984 0.526855 0.097656 0.098633
0 0.297852 0.469727 0.097656 0.097656
0 0.303711 0.576660 0.097656 0.098633
0 0.301758 0.684082 0.097656 0.098633
0 0.300781 0.798828 0.097656 0.097656
0 0.296875 0.914551 0.097656 0.098633
0 0.395996 0.854980 0.110352 0.110352
0 0.395020 0.741699 0.110352 0.110352
0 0.392578 0.627441 0.109375 0.110352
0 0.391113 0.516602 0.110352 0.111328
0 0.489258 0.473633 0.097656 0.097656
0 0.480469 0.576660 0.109375 0.110352
0 0.493164 0.680664 0.109375 0.111328
0 0.485352 0.792480 0.109375 0.110352
0 0.487793 0.897461 0.084961 0.085938
0 0.581055 0.847168 0.097656 0.098633
0 0.586426 0.743164 0.084961 0.085938
0 0.581055 0.616699 0.109375 0.110352
0 0.679199 0.577148 0.084961 0.085938
0 0.677734 0.676758 0.097656 0.097656
0 0.680664 0.812012 0.097656 0.098633
0 0.678711 0.900879 0.097656 0.098633
0 0.774902 0.847656 0.084961 0.085938
0 0.769531 0.712402 0.097656 0.098633
0 0.866699 0.769531 0.084961 0.085938
0 0.866211 0.900879 0.097656 0.098633
0 0.871094 0.134277 0.109375 0.110352
0 0.870117 0.257324 0.097656 0.098633
0 0.869629 0.352051 0.084961 0.086914
0 0.780762 0.423828 0.084961 0.085938
0 0.774902 0.300293 0.110352 0.110352
0 0.775879 0.190918 0.110352 0.110352
0 0.776367 0.080566 0.097656 0.098633
0 0.676758 0.139160 0.097656 0.098633
0 0.678711 0.249512 0.097656 0.098633
0 0.677734 0.353516 0.085938 0.085938
0 0.580078 0.411621 0.109375 0.110352
0 0.583008 0.307129 0.097656 0.098633
0 0.583008 0.189453 0.085938 0.085938
0 0.582031 0.083008 0.085938 0.085938
0 0.491211 0.129395 0.097656 0.098633
0 0.488281 0.236816 0.097656 0.098633
0 0.494141 0.342773 0.097656 0.097656
0 0.401367 0.394531 0.109375 0.111328
0 0.399902 0.293945 0.110352 0.111328
0 0.394043 0.203613 0.110352 0.110352
0 0.399902 0.077637 0.110352 0.110352
0 0.309570 0.129883 0.097656 0.097656
0 0.309570 0.241211 0.097656 0.097656
0 0.302734 0.351562 0.085938 0.085938
0 0.210938 0.417480 0.097656 0.098633
0 0.207031 0.314453 0.085938 0.085938
0 0.214844 0.193359 0.097656 0.097656
0 0.207031 0.086914 0.097656 0.097656
0 0.118164 0.158203 0.097656 0.097656
0 0.112305 0.254395 0.097656 0.098633
0 0.110352 0.377441 0.097656 0.098633