0 0.942383 0.076660 0.109375 0.110352
0 0.947754 0.412109 0.073242 0.074219
0 0.854980 0.138184 0.110352 0.110352
0 0.849121 0.230957 0.110352 0.110352
0 0.851074 0.352539 0.110352 0.111328
0 0.762207 0.090332 0.110352 0.110352
0 0.759277 0.197266 0.110352 0.111328
0 0.760742 0.304688 0.097656 0.097656
0 0.762695 0.408691 0.060547 0.061523
0 0.657227 0.136719 0.109375 0.111328
0 0.656250 0.237305 0.097656 0.097656
0 0.659180 0.356934 0.109375 0.110352
0 0.564453 0.086914 0.097656 0.097656
0 0.560547 0.197754 0.109375 0.110352
0 0.564453 0.305176 0.109375 0.110352
0 0.469727 0.129883 0.097656 0.097656
0 0.468262 0.238770 0.110352 0.110352
0 0.465332 0.348145 0.110352 0.110352
0 0.371582 0.072754 0.110352 0.110352
0 0.376465 0.188965 0.110352 0.110352
0 0.369629 0.298340 0.110352 0.110352
0 0.276367 0.130371 0.109375 0.110352
0 0.274414 0.240723 0.109375 0.110352
0 0.271484 0.351074 0.097656 0.098633
0 0.180664 0.073730 0.109375 0.110352
0 0.181641 0.187012 0.097656 0.098633
0 0.186523 0.290527 0.097656 0.098633
0 0.085449 0.126465 0.110352 0.110352
0 0.085449 0.239746 0.110352 0.110352
0 0.083496 0.349121 0.110352 0.110352
0 0.084473 0.459473 0.110352 0.110352
0 0.090332 0.569824 0.110352 0.110352
0 0.090332 0.681152 0.110352 0.110352
0 0.090820 0.800293 0.109375 0.110352
0 0.173828 0.406738 0.109375 0.110352
0 0.176758 0.520020 0.109375 0.110352
0 0.178223 0.623535 0.110352 0.110352
0 0.180176 0.746582 0.110352 0.110352
0 0.183105 0.854004 0.110352 0.110352
0 0.273438 0.465332 0.109375 0.110352
0 0.279297 0.574707 0.109375 0.110352
0 0.273438 0.684082 0.109375 0.110352
0 0.268555 0.794434 0.109375 0.110352
0 0.363770 0.408203 0.110352 0.111328
0 0.368164 0.525391 0.097656 0.097656
0 0.370117 0.628418 0.109375 0.110352
0 0.373047 0.742676 0.097656 0.098633
0 0.367188 0.853027 0.109375 0.110352
0 0.466309 0.464844 0.110352 0.111328
0 0.466309 0.580078 0.110352 0.111328
0 0.462402 0.689941 0.110352 0.110352
0 0.469238 0.805176 0.110352 0.110352
0 0.558594 0.411621 0.109375 0.110352
0 0.564453 0.527344 0.109375 0.111328
0 0.562988 0.634766 0.110352 0.111328
0 0.563965 0.747070 0.110352 0.111328
0 0.560059 0.862793 0.110352 0.110352
0 0.658203 0.469238 0.097656 0.098633
0 0.654297 0.583496 0.109375 0.110352
0 0.654297 0.688477 0.109375 0.111328
0 0.653320 0.802734 0.109375 0.111328
0 0.751465 0.515137 0.110352 0.110352
0 0.748535 0.634277 0.110352 0.110352
0 0.750977 0.745117 0.097656 0.097656
0 0.753906 0.862305 0.109375 0.111328
0 0.845215 0.473145 0.110352 0.110352
0 0.849121 0.574707 0.110352 0.110352
0 0.849121 0.694824 0.110352 0.110352
0 0.844238 0.804199 0.110352 0.110352
0 0.847656 0.914062 0.097656 0.097656
0 0.648438 0.908691 0.109375 0.110352
0 0.945312 0.516113 0.085938 0.086914
0 0.461914 0.905762 0.109375 0.110352
0 0.272949 0.905762 0.110352 0.110352
1 0.084961 0.905273 0.085938 0.085938