0 0.537598 0.436035 0.073242 0.073242
0 0.444824 0.508789 0.073242 0.074219
0 0.740723 0.666504 0.073242 0.073242
0 0.622559 0.710449 0.061523 0.061523
0 0.909180 0.890137 0.097656 0.098633
0 0.919922 0.774414 0.109375 0.111328
0 0.911133 0.673340 0.109375 0.110352
0 0.921387 0.548340 0.110352 0.110352
0 0.914062 0.343750 0.097656 0.097656
0 0.826172 0.278809 0.109375 0.110352
0 0.817871 0.619629 0.110352 0.110352
0 0.828125 0.732422 0.085938 0.085938
0 0.729004 0.335938 0.110352 0.111328
0 0.638672 0.311035 0.109375 0.110352
0 0.630859 0.407227 0.097656 0.097656
0 0.535156 0.334473 0.097656 0.098633
0 0.542969 0.563477 0.097656 0.097656
0 0.735352 0.544922 0.085938 0.085938
0 0.736328 0.791016 0.097656 0.097656
0 0.718262 0.891113 0.110352 0.110352
0 0.811523 0.842285 0.097656 0.098633
1 0.619629 0.801270 0.073242 0.073242
0 0.624023 0.906738 0.097656 0.098633
0 0.541016 0.897949 0.097656 0.098633
0 0.448242 0.278320 0.097656 0.097656
0 0.439453 0.386719 0.085938 0.085938
0 0.451172 0.615234 0.097656 0.097656
0 0.352539 0.577148 0.085938 0.085938
0 0.354980 0.669434 0.110352 0.110352
0 0.347656 0.781738 0.097656 0.098633
0 0.438965 0.922363 0.073242 0.073242
0 0.261719 0.277832 0.097656 0.098633
1 0.254883 0.392578 0.085938 0.085938
0 0.257324 0.498047 0.084961 0.085938
0 0.258301 0.614746 0.110352 0.110352
0 0.262207 0.723145 0.110352 0.110352
0 0.260742 0.832520 0.109375 0.110352
0 0.166016 0.244141 0.097656 0.097656
0 0.170898 0.335449 0.097656 0.098633
0 0.156250 0.439453 0.097656 0.097656
0 0.157227 0.566895 0.097656 0.098633
0 0.152344 0.676270 0.097656 0.098633
0 0.148438 0.781738 0.097656 0.098633
0 0.159668 0.890625 0.084961 0.085938
0 0.063965 0.938477 0.084961 0.085938
0 0.072754 0.291016 0.110352 0.111328
0 0.076660 0.416016 0.122070 0.123047
0 0.069824 0.521484 0.084961 0.085938
0 0.052734 0.638672 0.085938 0.085938
0 0.055176 0.724121 0.084961 0.086914
0 0.061523 0.832031 0.097656 0.097656
0 0.924805 0.119629 0.109375 0.110352
0 0.825195 0.066406 0.097656 0.097656
0 0.733398 0.088867 0.085938 0.085938
0 0.729492 0.237793 0.097656 0.098633
0 0.637695 0.217285 0.109375 0.110352
0 0.540527 0.233887 0.110352 0.110352
0 0.446289 0.166016 0.097656 0.097656
0 0.258789 0.068359 0.097656 0.097656
0 0.253906 0.166992 0.085938 0.085938
0 0.164551 0.125488 0.110352 0.110352
0 0.075684 0.087891 0.084961 0.085938
0 0.079590 0.198730 0.110352 0.110352