0 0.896484 0.136230 0.109375 0.110352
0 0.903320 0.249512 0.097656 0.098633
0 0.895020 0.361328 0.084961 0.085938
0 0.895020 0.499023 0.084961 0.085938
0 0.892090 0.584961 0.084961 0.085938
0 0.893555 0.687988 0.109375 0.110352
0 0.899902 0.802734 0.122070 0.123047
0 0.806152 0.081543 0.110352 0.110352
0 0.804688 0.196289 0.109375 0.111328
0 0.805664 0.303223 0.097656 0.098633
0 0.801758 0.412109 0.097656 0.097656
0 0.809570 0.526855 0.097656 0.098633
0 0.800293 0.637207 0.110352 0.110352
0 0.800293 0.735840 0.110352 0.110352
0 0.796387 0.840332 0.110352 0.110352
0 0.718262 0.137695 0.084961 0.085938
0 0.712891 0.246582 0.097656 0.098633
0 0.705078 0.363770 0.097656 0.098633
0 0.709961 0.461426 0.097656 0.098633
0 0.707520 0.580078 0.084961 0.085938
0 0.706055 0.687988 0.097656 0.098633
0 0.707031 0.789551 0.109375 0.110352
0 0.622559 0.083984 0.084961 0.085938
0 0.616211 0.197266 0.097656 0.097656
0 0.613281 0.300293 0.097656 0.098633
0 0.610352 0.413574 0.097656 0.098633
0 0.606445 0.529297 0.085938 0.085938
0 0.609375 0.634277 0.097656 0.098633
0 0.610352 0.733398 0.097656 0.097656
0 0.603516 0.834473 0.109375 0.110352
0 0.510742 0.783691 0.109375 0.110352
0 0.508301 0.681152 0.110352 0.110352
0 0.510742 0.569336 0.109375 0.111328
0 0.511230 0.457520 0.110352 0.110352
1 0.524414 0.349609 0.097656 0.097656
0 0.515137 0.242676 0.110352 0.110352
0 0.519043 0.133301 0.110352 0.110352
1 0.421875 0.087891 0.097656 0.097656
0 0.416016 0.191895 0.097656 0.098633
0 0.417969 0.301270 0.097656 0.098633
0 0.420898 0.406738 0.109375 0.110352
0 0.415527 0.524902 0.110352 0.110352
0 0.416504 0.628906 0.110352 0.111328
0 0.421875 0.743652 0.097656 0.098633
0 0.418945 0.850098 0.097656 0.098633
0 0.326660 0.140137 0.110352 0.110352
0 0.326172 0.247559 0.097656 0.098633
0 0.318359 0.358398 0.097656 0.097656
0 0.325195 0.470215 0.085938 0.086914
0 0.321289 0.579590 0.097656 0.098633
0 0.320801 0.685059 0.110352 0.110352
0 0.322266 0.818848 0.109375 0.110352
0 0.230957 0.083496 0.110352 0.110352
0 0.233398 0.186523 0.109375 0.111328
0 0.229492 0.301270 0.097656 0.098633
0 0.228027 0.417969 0.110352 0.111328
0 0.231445 0.527344 0.097656 0.097656
0 0.232910 0.646973 0.110352 0.110352
0 0.234375 0.741699 0.109375 0.110352
0 0.229980 0.867188 0.084961 0.085938
0 0.136719 0.259277 0.109375 0.110352
0 0.133789 0.347656 0.097656 0.097656
0 0.139160 0.433594 0.110352 0.111328
0 0.144043 0.548340 0.110352 0.110352
0 0.125977 0.678223 0.109375 0.110352
0 0.133301 0.801758 0.110352 0.111328
0 0.058105 0.069336 0.110352 0.111328