0 0.250488 0.127930 0.073242 0.074219
0 0.531738 0.050293 0.073242 0.073242
0 0.617676 0.132324 0.073242 0.073242
0 0.614746 0.235352 0.073242 0.074219
0 0.048340 0.640625 0.073242 0.074219
0 0.721191 0.443359 0.073242 0.074219
0 0.802734 0.902832 0.097656 0.098633
0 0.528320 0.937500 0.085938 0.085938
0 0.428711 0.892090 0.109375 0.110352
0 0.244141 0.892090 0.109375 0.110352
0 0.056641 0.924316 0.109375 0.110352
0 0.899414 0.837891 0.109375 0.111328
0 0.900879 0.732422 0.110352 0.111328
0 0.900879 0.616211 0.084961 0.085938
0 0.906250 0.394043 0.097656 0.098633
0 0.909180 0.293945 0.109375 0.111328
0 0.902832 0.187012 0.110352 0.110352
0 0.906738 0.066406 0.110352 0.111328
0 0.725586 0.065918 0.097656 0.098633
0 0.441406 0.108398 0.085938 0.085938
0 0.429688 0.221680 0.085938 0.085938
0 0.541016 0.163574 0.085938 0.086914
0 0.539551 0.275391 0.084961 0.085938
0 0.609375 0.326172 0.085938 0.085938
0 0.532715 0.419922 0.084961 0.085938
0 0.619629 0.475586 0.084961 0.085938
0 0.724121 0.520508 0.084961 0.085938
0 0.623047 0.874023 0.085938 0.085938
0 0.525879 0.830566 0.110352 0.110352
0 0.530273 0.725586 0.097656 0.097656
0 0.534180 0.631836 0.097656 0.097656
0 0.723633 0.621582 0.097656 0.098633
0 0.618164 0.681152 0.097656 0.098633
0 0.620605 0.784180 0.084961 0.085938
0 0.534180 0.531250 0.085938 0.085938
0 0.615723 0.568359 0.084961 0.085938
0 0.436035 0.354980 0.110352 0.110352
0 0.433594 0.445801 0.109375 0.110352
0 0.429199 0.573242 0.110352 0.111328
0 0.433105 0.668457 0.110352 0.110352
0 0.439453 0.792969 0.109375 0.111328
0 0.342773 0.732910 0.109375 0.110352
0 0.342773 0.626465 0.109375 0.110352
0 0.338867 0.517090 0.109375 0.110352
0 0.250000 0.361328 0.085938 0.085938
0 0.250000 0.459961 0.085938 0.085938
0 0.244141 0.576660 0.097656 0.098633
0 0.243164 0.679688 0.097656 0.097656
0 0.150391 0.067871 0.097656 0.098633
0 0.147949 0.184082 0.110352 0.110352
0 0.049805 0.230957 0.097656 0.098633
0 0.059082 0.122559 0.110352 0.110352
0 0.054688 0.347656 0.085938 0.085938
0 0.052246 0.469727 0.084961 0.085938
0 0.053223 0.551758 0.084961 0.085938
0 0.151367 0.702148 0.085938 0.085938
0 0.148926 0.594727 0.084961 0.085938
0 0.156738 0.500000 0.084961 0.085938
0 0.148926 0.405273 0.084961 0.085938
0 0.153320 0.294922 0.085938 0.085938
0 0.339355 0.169922 0.084961 0.085938
0 0.337891 0.295898 0.085938 0.085938
0 0.336426 0.406250 0.084961 0.085938
0 0.252441 0.241211 0.084961 0.085938
0 0.147461 0.851074 0.097656 0.098633
0 0.055664 0.830566 0.109375 0.110352
0 0.821289 0.785645 0.097656 0.098633