0 0.785645 0.347656 0.073242 0.074219
0 0.875977 0.627930 0.097656 0.097656
0 0.871094 0.753906 0.097656 0.097656
0 0.869141 0.849121 0.097656 0.098633
0 0.782227 0.899414 0.085938 0.085938
0 0.779785 0.793945 0.084961 0.085938
0 0.779785 0.691406 0.084961 0.085938
0 0.687012 0.631348 0.110352 0.110352
0 0.683105 0.747559 0.110352 0.110352
0 0.676270 0.860840 0.110352 0.110352
0 0.590820 0.897949 0.109375 0.110352
0 0.591309 0.805664 0.110352 0.111328
0 0.597656 0.678223 0.109375 0.110352
0 0.487793 0.635254 0.110352 0.110352
0 0.485352 0.737793 0.109375 0.110352
0 0.493164 0.854980 0.097656 0.098633
0 0.405273 0.687012 0.109375 0.110352
0 0.402344 0.823730 0.109375 0.110352
0 0.394531 0.905273 0.085938 0.085938
0 0.313477 0.739258 0.085938 0.085938
0 0.302734 0.833984 0.109375 0.111328
0 0.300293 0.933105 0.110352 0.110352
0 0.209961 0.910645 0.097656 0.098633
0 0.213867 0.800293 0.097656 0.098633
0 0.217773 0.689941 0.109375 0.110352
0 0.117188 0.638672 0.109375 0.111328
0 0.116699 0.742676 0.110352 0.110352
0 0.116699 0.858887 0.110352 0.110352
0 0.872559 0.088867 0.110352 0.111328
0 0.879883 0.199707 0.109375 0.110352
0 0.878906 0.299316 0.109375 0.110352
0 0.879883 0.415527 0.109375 0.110352
0 0.869141 0.533691 0.109375 0.110352
0 0.782715 0.582031 0.084961 0.085938
0 0.782715 0.460938 0.084961 0.085938
0 0.793457 0.233398 0.084961 0.085938
0 0.788086 0.138184 0.097656 0.098633
0 0.690430 0.083496 0.109375 0.110352
0 0.693848 0.197754 0.110352 0.110352
0 0.688477 0.300781 0.109375 0.111328
0 0.679688 0.407715 0.109375 0.110352
0 0.684570 0.515137 0.109375 0.110352
0 0.588867 0.568848 0.109375 0.110352
0 0.587891 0.479980 0.109375 0.110352
0 0.590332 0.374512 0.110352 0.110352
0 0.597168 0.242188 0.110352 0.111328
0 0.597168 0.134277 0.110352 0.110352
0 0.495117 0.084473 0.097656 0.098633
0 0.502930 0.186035 0.097656 0.098633
0 0.498535 0.302246 0.110352 0.110352
0 0.499023 0.417480 0.097656 0.098633
0 0.497070 0.525879 0.109375 0.110352
0 0.404297 0.572266 0.109375 0.111328
0 0.397461 0.460449 0.097656 0.098633
0 0.406738 0.362793 0.110352 0.110352
0 0.408203 0.248535 0.097656 0.098633
0 0.404785 0.126465 0.110352 0.110352
0 0.311523 0.093750 0.085938 0.085938
0 0.312988 0.188477 0.084961 0.085938
0 0.313965 0.304688 0.084961 0.085938
0 0.316406 0.412109 0.085938 0.085938
0 0.321289 0.529297 0.085938 0.085938
0 0.315918 0.631836 0.084961 0.085938
0 0.212891 0.593262 0.109375 0.110352
0 0.211914 0.468262 0.097656 0.098633
0 0.211914 0.358398 0.085938 0.085938
0 0.212891 0.250977 0.097656 0.097656
0 0.219727 0.125977 0.109375 0.111328
0 0.119141 0.092285 0.097656 0.098633
0 0.121094 0.199707 0.097656 0.098633
0 0.124023 0.306641 0.097656 0.097656
0 0.124023 0.427734 0.097656 0.097656
0 0.125977 0.535645 0.097656 0.098633