0 0.526367 0.220215 0.097656 0.098633
0 0.620117 0.276855 0.109375 0.110352
0 0.050781 0.161621 0.097656 0.098633
0 0.058105 0.273926 0.110352 0.110352
0 0.142578 0.110352 0.109375 0.111328
0 0.144531 0.216797 0.097656 0.097656
0 0.143555 0.325684 0.109375 0.110352
0 0.143555 0.445801 0.097656 0.098633
0 0.240234 0.162109 0.109375 0.111328
0 0.237305 0.274414 0.109375 0.111328
0 0.239258 0.389160 0.109375 0.110352
0 0.337402 0.221680 0.110352 0.111328
0 0.339355 0.304688 0.073242 0.074219
0 0.329102 0.444336 0.097656 0.097656
0 0.428711 0.056152 0.109375 0.110352
0 0.428711 0.271484 0.097656 0.097656
0 0.425781 0.380859 0.097656 0.097656
0 0.522461 0.107910 0.109375 0.110352
0 0.527344 0.333496 0.109375 0.110352
0 0.524902 0.437500 0.110352 0.111328
0 0.617676 0.066895 0.110352 0.110352
0 0.618164 0.382324 0.097656 0.098633
0 0.620117 0.493164 0.097656 0.097656
0 0.619141 0.608398 0.085938 0.085938
0 0.619629 0.713379 0.061523 0.061523
0 0.620117 0.827637 0.097656 0.098633
1 0.618652 0.934082 0.110352 0.110352
0 0.711914 0.766602 0.085938 0.085938
0 0.727051 0.883789 0.084961 0.085938
0 0.523438 0.551758 0.097656 0.097656
0 0.522949 0.659180 0.084961 0.085938
0 0.523926 0.778809 0.110352 0.110352
0 0.524414 0.884277 0.109375 0.110352
0 0.425293 0.475586 0.110352 0.111328
0 0.435547 0.596191 0.097656 0.098633
0 0.425781 0.716309 0.060547 0.061523
0 0.427734 0.814941 0.109375 0.110352
0 0.425781 0.934082 0.109375 0.110352
0 0.335938 0.546387 0.097656 0.098633
0 0.339844 0.662598 0.097656 0.098633
0 0.332031 0.768066 0.097656 0.098633
0 0.332031 0.876465 0.097656 0.098633
0 0.238281 0.492676 0.097656 0.098633
0 0.239258 0.602051 0.097656 0.098633
0 0.239746 0.718262 0.073242 0.073242
0 0.241211 0.822754 0.097656 0.098633
0 0.239258 0.936035 0.097656 0.098633
0 0.148926 0.552246 0.110352 0.110352
0 0.141602 0.649902 0.097656 0.098633
0 0.138672 0.779785 0.097656 0.098633
0 0.144531 0.885254 0.109375 0.110352
0 0.053711 0.725098 0.097656 0.098633
0 0.053711 0.825684 0.097656 0.098633
0 0.808594 0.826172 0.097656 0.097656
0 0.821289 0.933594 0.097656 0.097656
0 0.913574 0.879883 0.110352 0.111328
0 0.907715 0.769531 0.084961 0.085938