0 0.097656 0.119629 0.109375 0.110352
0 0.195801 0.062500 0.084961 0.085938
0 0.288574 0.119629 0.110352 0.110352
0 0.389648 0.064941 0.109375 0.110352
0 0.952637 0.400391 0.084961 0.085938
0 0.863281 0.113281 0.097656 0.097656
0 0.860352 0.233398 0.085938 0.085938
0 0.862793 0.341797 0.073242 0.074219
0 0.860840 0.450195 0.073242 0.074219
0 0.853027 0.562012 0.073242 0.073242
0 0.765625 0.062500 0.109375 0.111328
0 0.764648 0.173828 0.097656 0.097656
0 0.768555 0.287109 0.097656 0.097656
0 0.769043 0.392578 0.084961 0.085938
0 0.770508 0.501465 0.097656 0.098633
0 0.670898 0.116211 0.097656 0.097656
0 0.670898 0.227051 0.097656 0.098633
0 0.673340 0.337891 0.084961 0.085938
0 0.671875 0.449707 0.097656 0.098633
0 0.671875 0.563965 0.097656 0.098633
0 0.577637 0.175293 0.110352 0.110352
0 0.579590 0.282715 0.110352 0.110352
0 0.576172 0.393555 0.085938 0.085938
0 0.578125 0.502441 0.097656 0.098633
0 0.479492 0.116699 0.097656 0.098633
0 0.476562 0.226074 0.097656 0.098633
0 0.485352 0.339355 0.097656 0.098633
0 0.486328 0.446777 0.097656 0.098633
0 0.483398 0.558105 0.097656 0.098633
0 0.380859 0.178223 0.109375 0.110352
0 0.379883 0.290527 0.109375 0.110352
0 0.383301 0.393066 0.110352 0.110352
0 0.379395 0.500488 0.110352 0.110352
0 0.290527 0.230957 0.110352 0.110352
0 0.281738 0.341309 0.110352 0.110352
0 0.287598 0.455566 0.110352 0.110352
0 0.287109 0.564453 0.109375 0.111328
0 0.198242 0.173340 0.097656 0.098633
0 0.201172 0.281250 0.085938 0.085938
0 0.190430 0.394531 0.097656 0.097656
0 0.194336 0.510742 0.097656 0.097656
0 0.096680 0.231934 0.109375 0.110352
0 0.098633 0.335938 0.109375 0.111328
0 0.100586 0.450195 0.109375 0.111328
0 0.095215 0.549805 0.110352 0.111328
0 0.098145 0.667480 0.073242 0.073242
0 0.101074 0.779297 0.084961 0.085938
0 0.186523 0.613770 0.097656 0.098633
0 0.192383 0.723145 0.097656 0.098633
0 0.187500 0.838379 0.097656 0.098633
0 0.197266 0.949219 0.097656 0.097656
0 0.289551 0.668457 0.110352 0.110352
0 0.290527 0.782715 0.110352 0.110352
0 0.285156 0.889160 0.109375 0.110352
0 0.384277 0.617676 0.110352 0.110352
0 0.381348 0.729004 0.110352 0.110352
0 0.375488 0.837402 0.110352 0.110352
0 0.485352 0.670410 0.109375 0.110352
0 0.485352 0.778809 0.097656 0.098633
0 0.480957 0.891113 0.110352 0.110352
0 0.578125 0.610840 0.109375 0.110352
0 0.584961 0.734863 0.109375 0.110352
0 0.578125 0.838379 0.109375 0.110352
0 0.672852 0.665039 0.097656 0.097656
0 0.669434 0.780762 0.110352 0.110352
0 0.675781 0.895996 0.109375 0.110352
0 0.766113 0.616211 0.073242 0.074219
0 0.768555 0.723633 0.097656 0.097656
0 0.765137 0.831543 0.110352 0.110352
0 0.857910 0.667969 0.073242 0.074219
0 0.854492 0.780273 0.097656 0.097656
0 0.859863 0.891602 0.084961 0.085938
0 0.952148 0.724609 0.085938 0.085938
0 0.950195 0.827148 0.097656 0.097656
0 0.951172 0.941406 0.085938 0.085938