0 0.428223 0.187500 0.073242 0.074219
0 0.334961 0.126465 0.060547 0.061523
0 0.437012 0.627441 0.073242 0.073242
0 0.510254 0.778320 0.073242 0.074219
0 0.623535 0.057617 0.073242 0.074219
0 0.895020 0.896973 0.110352 0.110352
0 0.709961 0.902344 0.085938 0.085938
0 0.611816 0.951660 0.084961 0.086914
0 0.509766 0.895508 0.085938 0.085938
1 0.429199 0.954102 0.073242 0.074219
0 0.331543 0.891602 0.084961 0.085938
0 0.148438 0.895020 0.097656 0.098633
1 0.434082 0.830078 0.073242 0.074219
1 0.429199 0.722168 0.073242 0.073242
0 0.335938 0.680664 0.085938 0.085938
0 0.335938 0.795898 0.085938 0.085938
1 0.524902 0.684570 0.073242 0.074219
1 0.524902 0.564941 0.073242 0.073242
0 0.899414 0.790527 0.097656 0.098633
0 0.894043 0.683594 0.110352 0.111328
0 0.900391 0.573242 0.097656 0.097656
0 0.906250 0.457520 0.109375 0.110352
0 0.905273 0.352051 0.097656 0.098633
1 0.900879 0.244141 0.084961 0.085938
0 0.899902 0.131836 0.084961 0.085938
0 0.805664 0.073242 0.085938 0.085938
0 0.806641 0.186523 0.085938 0.085938
0 0.801758 0.295898 0.097656 0.097656
0 0.811523 0.413086 0.109375 0.111328
0 0.806641 0.509277 0.097656 0.098633
0 0.812988 0.630371 0.110352 0.110352
0 0.807617 0.732910 0.109375 0.110352
0 0.714355 0.784668 0.110352 0.110352
0 0.807617 0.848633 0.085938 0.085938
0 0.719727 0.691406 0.109375 0.111328
0 0.707031 0.567871 0.109375 0.110352
0 0.707031 0.455566 0.109375 0.110352
0 0.710938 0.345215 0.109375 0.110352
0 0.714844 0.241211 0.109375 0.111328
0 0.720703 0.118652 0.097656 0.098633
0 0.625977 0.170898 0.085938 0.085938
0 0.622070 0.395996 0.097656 0.098633
0 0.618164 0.278809 0.085938 0.086914
0 0.524902 0.344727 0.084961 0.085938
0 0.522461 0.242188 0.085938 0.085938
0 0.143555 0.258789 0.085938 0.085938
0 0.050781 0.401367 0.085938 0.085938
0 0.615234 0.610352 0.085938 0.085938
0 0.620117 0.730469 0.085938 0.085938
0 0.617676 0.510742 0.084961 0.085938
0 0.618652 0.836914 0.084961 0.085938
0 0.519531 0.118652 0.097656 0.098633
0 0.435547 0.085938 0.097656 0.097656
0 0.429688 0.296875 0.097656 0.097656
0 0.430664 0.399902 0.097656 0.098633
0 0.437012 0.520508 0.084961 0.085938
0 0.521973 0.453125 0.084961 0.085938
0 0.342773 0.246094 0.109375 0.111328
0 0.336426 0.353027 0.110352 0.110352
0 0.337402 0.460449 0.110352 0.110352
0 0.338379 0.580566 0.110352 0.110352
0 0.248047 0.637695 0.085938 0.085938
0 0.249023 0.727539 0.085938 0.085938
0 0.253418 0.529297 0.084961 0.085938
0 0.249512 0.397949 0.110352 0.110352
0 0.245605 0.296387 0.110352 0.110352
0 0.250000 0.191406 0.085938 0.085938
0 0.252930 0.079590 0.097656 0.098633
0 0.147461 0.135254 0.097656 0.098633
0 0.145996 0.375977 0.110352 0.111328
0 0.142090 0.486816 0.110352 0.110352
0 0.144531 0.594238 0.097656 0.098633
0 0.149414 0.675293 0.097656 0.098633
0 0.050293 0.749023 0.084961 0.085938
0 0.051758 0.844238 0.097656 0.098633
0 0.148438 0.789551 0.097656 0.098633
0 0.252930 0.840332 0.097656 0.098633
0 0.053711 0.641113 0.097656 0.098633
0 0.050781 0.079102 0.085938 0.085938
1 0.062500 0.180664 0.097656 0.097656
0 0.055664 0.296875 0.085938 0.085938
0 0.055664 0.547852 0.085938 0.085938