0 0.053223 0.166504 0.073242 0.073242
0 0.050293 0.269531 0.073242 0.074219
0 0.156738 0.477539 0.073242 0.074219
1 0.808594 0.940430 0.097656 0.097656
0 0.617676 0.936035 0.110352 0.110352
0 0.444824 0.921875 0.110352 0.111328
0 0.238281 0.937012 0.097656 0.098633
0 0.904785 0.876465 0.110352 0.110352
0 0.809570 0.834473 0.109375 0.110352
0 0.702148 0.877441 0.109375 0.110352
0 0.715820 0.545898 0.097656 0.097656
0 0.916016 0.107910 0.109375 0.110352
0 0.909668 0.222168 0.110352 0.110352
0 0.912109 0.332520 0.097656 0.098633
0 0.909668 0.445801 0.073242 0.073242
0 0.816406 0.149414 0.085938 0.085938
0 0.811523 0.266113 0.097656 0.098633
0 0.811035 0.387207 0.110352 0.110352
0 0.812500 0.500488 0.109375 0.110352
0 0.715820 0.104492 0.085938 0.085938
0 0.719727 0.224609 0.097656 0.097656
0 0.712891 0.323242 0.097656 0.097656
0 0.720703 0.436523 0.109375 0.111328
0 0.624023 0.154297 0.109375 0.111328
0 0.625000 0.264648 0.109375 0.111328
1 0.625000 0.359863 0.097656 0.098633
0 0.621094 0.489746 0.109375 0.110352
0 0.621094 0.617188 0.097656 0.097656
0 0.618164 0.816406 0.109375 0.111328
0 0.534180 0.670410 0.097656 0.098633
0 0.530762 0.558594 0.110352 0.111328
0 0.531738 0.435059 0.110352 0.110352
0 0.528320 0.324707 0.109375 0.110352
0 0.532227 0.212402 0.109375 0.110352
0 0.521973 0.116699 0.110352 0.110352
0 0.443359 0.272461 0.097656 0.097656
0 0.446289 0.377441 0.097656 0.098633
0 0.450195 0.471191 0.097656 0.098633
0 0.446289 0.610840 0.109375 0.110352
0 0.450195 0.722168 0.109375 0.110352
0 0.436035 0.829102 0.110352 0.111328
0 0.334961 0.872070 0.109375 0.111328
0 0.336426 0.766602 0.110352 0.111328
0 0.336426 0.650391 0.084961 0.085938
0 0.341797 0.428223 0.097656 0.098633
0 0.344727 0.328125 0.109375 0.111328
0 0.338379 0.221191 0.110352 0.110352
0 0.342285 0.100586 0.110352 0.111328
0 0.161133 0.100098 0.097656 0.098633
0 0.044922 0.360352 0.085938 0.085938
0 0.055176 0.509766 0.084961 0.085938
0 0.159668 0.554688 0.084961 0.085938
0 0.058594 0.908203 0.085938 0.085938
0 0.159180 0.655762 0.097656 0.098633
0 0.053711 0.715332 0.097656 0.098633
0 0.056152 0.818359 0.084961 0.085938
0 0.051270 0.602539 0.084961 0.085938
0 0.819336 0.048828 0.085938 0.085938
0 0.446289 0.054688 0.097656 0.097656
0 0.256836 0.819824 0.097656 0.098633
0 0.060547 0.053711 0.085938 0.085938