0 0.171387 0.274902 0.073242 0.073242
0 0.829590 0.333008 0.073242 0.074219
0 0.736328 0.271973 0.060547 0.061523
0 0.838379 0.772949 0.073242 0.073242
0 0.911621 0.923828 0.073242 0.074219
1 0.830566 0.867676 0.073242 0.073242
0 0.737305 0.826172 0.085938 0.085938
0 0.737305 0.941406 0.085938 0.085938
1 0.926270 0.830078 0.073242 0.074219
1 0.926270 0.710449 0.073242 0.073242
0 0.926270 0.490234 0.084961 0.085938
0 0.923828 0.387695 0.085938 0.085938
0 0.544922 0.404297 0.085938 0.085938
0 0.361328 0.517578 0.085938 0.085938
0 0.452148 0.546875 0.085938 0.085938
0 0.920898 0.264160 0.097656 0.098633
0 0.836914 0.231445 0.097656 0.097656
0 0.831055 0.442383 0.097656 0.097656
0 0.832031 0.545410 0.097656 0.098633
0 0.838379 0.666016 0.084961 0.085938
0 0.923340 0.598633 0.084961 0.085938
0 0.744141 0.391602 0.109375 0.111328
0 0.737793 0.498535 0.110352 0.110352
0 0.738770 0.605957 0.110352 0.110352
0 0.739746 0.726074 0.110352 0.110352
0 0.649414 0.783203 0.085938 0.085938
0 0.650391 0.873047 0.085938 0.085938
0 0.654785 0.674805 0.084961 0.085938
0 0.650879 0.543457 0.110352 0.110352
0 0.646973 0.441895 0.110352 0.110352
0 0.651367 0.336914 0.085938 0.085938
0 0.654297 0.225098 0.097656 0.098633
0 0.548828 0.280762 0.097656 0.098633
0 0.547363 0.521484 0.110352 0.111328
0 0.543457 0.632324 0.110352 0.110352
0 0.545898 0.739746 0.097656 0.098633
0 0.550781 0.820801 0.097656 0.098633
0 0.451660 0.894531 0.084961 0.085938
0 0.549805 0.935059 0.097656 0.098633
0 0.455078 0.786621 0.097656 0.098633
0 0.357422 0.389648 0.097656 0.097656
0 0.354004 0.274414 0.084961 0.085938
0 0.452148 0.224609 0.085938 0.085938
1 0.463867 0.326172 0.097656 0.097656
0 0.457031 0.442383 0.085938 0.085938
0 0.359863 0.624023 0.084961 0.085938
0 0.457031 0.693359 0.085938 0.085938
0 0.277344 0.578125 0.085938 0.085938
0 0.270020 0.452148 0.084961 0.085938
0 0.362305 0.937500 0.097656 0.097656
0 0.361328 0.822754 0.097656 0.098633
0 0.362793 0.722656 0.084961 0.085938
0 0.280273 0.671875 0.097656 0.097656
0 0.269531 0.776367 0.085938 0.085938
0 0.273438 0.877930 0.085938 0.085938
0 0.072266 0.446289 0.085938 0.085938
0 0.171875 0.397461 0.097656 0.097656
0 0.174316 0.499023 0.084961 0.085938
0 0.171875 0.601562 0.097656 0.097656
0 0.170898 0.716309 0.097656 0.098633
0 0.171387 0.829102 0.084961 0.085938
0 0.177734 0.939453 0.085938 0.085938
0 0.075195 0.878418 0.097656 0.098633
0 0.082031 0.782227 0.097656 0.097656
0 0.077148 0.665039 0.085938 0.085938
0 0.082520 0.546875 0.084961 0.085938
0 0.080078 0.329590 0.097656 0.098633
0 0.082520 0.222656 0.084961 0.085938
0 0.170410 0.048828 0.073242 0.074219
0 0.079102 0.111328 0.085938 0.085938
0 0.169434 0.170898 0.084961 0.085938
0 0.268555 0.118652 0.097656 0.098633
1 0.266113 0.355469 0.084961 0.085938
0 0.363281 0.164551 0.097656 0.098633
0 0.361816 0.059570 0.084961 0.085938
0 0.459961 0.113770 0.097656 0.098633
0 0.548828 0.168457 0.097656 0.098633
0 0.652832 0.094727 0.084961 0.085938
0 0.740723 0.172852 0.084961 0.085938
0 0.734375 0.059570 0.085938 0.085938
0 0.838867 0.135254 0.097656 0.098633
0 0.929199 0.165039 0.084961 0.085938
0 0.929199 0.049805 0.084961 0.085938
0 0.274414 0.245117 0.085938 0.085938