0 0.404785 0.274902 0.073242 0.073242
0 0.405762 0.166992 0.084961 0.085938
0 0.324707 0.764648 0.084961 0.085938
0 0.330566 0.661133 0.084961 0.085938
0 0.241699 0.705078 0.084961 0.085938
0 0.133301 0.661621 0.073242 0.073242
0 0.135254 0.536621 0.073242 0.073242
0 0.127441 0.439453 0.073242 0.074219
0 0.613281 0.178223 0.060547 0.061523
0 0.879395 0.220703 0.073242 0.074219
0 0.875488 0.785645 0.073242 0.073242
0 0.046875 0.705566 0.085938 0.086914
0 0.122559 0.322266 0.073242 0.074219
0 0.233398 0.164551 0.097656 0.098633
0 0.238770 0.281250 0.110352 0.111328
0 0.244629 0.385742 0.110352 0.111328
0 0.239746 0.491211 0.073242 0.074219
0 0.237793 0.602539 0.073242 0.074219
0 0.329102 0.214355 0.097656 0.098633
0 0.329102 0.331055 0.097656 0.097656
0 0.329590 0.445312 0.073242 0.074219
0 0.324707 0.546875 0.073242 0.074219
0 0.429199 0.379883 0.073242 0.074219
0 0.423828 0.494141 0.097656 0.097656
0 0.426758 0.605469 0.097656 0.097656
0 0.515137 0.213379 0.084961 0.086914
0 0.519043 0.326660 0.110352 0.110352
0 0.523926 0.442871 0.110352 0.110352
0 0.518066 0.549316 0.110352 0.110352
0 0.517578 0.665039 0.109375 0.111328
0 0.620605 0.270020 0.122070 0.122070
0 0.623047 0.385254 0.097656 0.098633
0 0.613281 0.497559 0.097656 0.098633
0 0.613281 0.615723 0.097656 0.098633
0 0.704102 0.226562 0.085938 0.085938
0 0.708984 0.332520 0.097656 0.098633
0 0.701172 0.445801 0.097656 0.098633
0 0.705078 0.553711 0.085938 0.085938
0 0.714844 0.663574 0.097656 0.098633
0 0.616211 0.723633 0.097656 0.097656
0 0.792480 0.279297 0.084961 0.085938
0 0.794434 0.401367 0.084961 0.085938
0 0.798828 0.500488 0.085938 0.086914
0 0.798828 0.609375 0.085938 0.085938
0 0.797852 0.726562 0.085938 0.085938
0 0.880371 0.344727 0.084961 0.085938
0 0.878418 0.455078 0.084961 0.085938
0 0.878418 0.554688 0.084961 0.085938
0 0.872559 0.669922 0.084961 0.085938
0 0.971680 0.692871 0.048828 0.049805
0 0.868164 0.869629 0.048828 0.049805
0 0.795898 0.829102 0.085938 0.085938
0 0.786133 0.936035 0.097656 0.098633
0 0.709961 0.781738 0.097656 0.098633
0 0.707520 0.893555 0.084961 0.085938
0 0.615234 0.829590 0.109375 0.110352
0 0.613281 0.940430 0.097656 0.097656
0 0.514648 0.773438 0.097656 0.097656
0 0.520508 0.888672 0.109375 0.111328
0 0.422852 0.721680 0.109375 0.111328
0 0.421387 0.832031 0.110352 0.111328
0 0.420410 0.940918 0.110352 0.110352
0 0.328613 0.865234 0.084961 0.085938
0 0.232910 0.831543 0.073242 0.073242
0 0.232422 0.937012 0.109375 0.110352
0 0.140625 0.775391 0.085938 0.085938
0 0.135742 0.891113 0.109375 0.110352