0 0.843262 0.395020 0.073242 0.073242
0 0.744629 0.226074 0.061523 0.061523
0 0.839355 0.271973 0.061523 0.061523
0 0.932617 0.233398 0.060547 0.060547
0 0.565918 0.228027 0.061523 0.061523
0 0.844727 0.718750 0.085938 0.085938
0 0.079102 0.287109 0.097656 0.097656
0 0.091797 0.394531 0.097656 0.097656
0 0.087891 0.506348 0.109375 0.110352
0 0.085938 0.611816 0.109375 0.110352
0 0.087891 0.727051 0.097656 0.098633
0 0.085449 0.835449 0.110352 0.110352
0 0.184082 0.340820 0.110352 0.111328
0 0.187988 0.450195 0.110352 0.111328
0 0.187500 0.562012 0.109375 0.110352
0 0.183594 0.664551 0.097656 0.098633
0 0.186523 0.780762 0.109375 0.110352
0 0.178223 0.230469 0.084961 0.085938
0 0.278320 0.287598 0.097656 0.098633
0 0.278320 0.393555 0.097656 0.097656
0 0.281250 0.501953 0.097656 0.097656
0 0.282715 0.610352 0.110352 0.111328
0 0.283203 0.720215 0.097656 0.098633
0 0.374023 0.239746 0.109375 0.110352
0 0.376953 0.345215 0.097656 0.098633
0 0.378906 0.448730 0.097656 0.098633
0 0.370117 0.561523 0.109375 0.111328
0 0.372559 0.666016 0.110352 0.111328
0 0.380371 0.762695 0.110352 0.111328
0 0.467773 0.284668 0.097656 0.098633
0 0.469727 0.388184 0.097656 0.098633
0 0.471680 0.503418 0.109375 0.110352
0 0.468750 0.610352 0.097656 0.097656
0 0.470703 0.724609 0.097656 0.097656
0 0.561523 0.341309 0.097656 0.098633
0 0.564453 0.446777 0.097656 0.098633
0 0.562988 0.558105 0.110352 0.110352
0 0.562500 0.665527 0.097656 0.098633
0 0.656250 0.280762 0.097656 0.098633
0 0.658203 0.395996 0.085938 0.086914
0 0.654785 0.506836 0.084961 0.085938
0 0.657715 0.614258 0.084961 0.085938
0 0.657715 0.722656 0.073242 0.074219
0 0.750000 0.339844 0.085938 0.085938
0 0.747070 0.450195 0.085938 0.085938
0 0.749512 0.559082 0.073242 0.073242
1 0.751465 0.670410 0.073242 0.073242
0 0.846680 0.514648 0.085938 0.085938
0 0.843750 0.614746 0.085938 0.086914
0 0.941406 0.336914 0.097656 0.097656
0 0.939941 0.445312 0.084961 0.085938
0 0.938965 0.558594 0.084961 0.085938
0 0.939941 0.666016 0.084961 0.085938
0 0.943359 0.777832 0.085938 0.086914
0 0.755859 0.771973 0.097656 0.098633
0 0.938477 0.888672 0.085938 0.085938
0 0.841797 0.835449 0.097656 0.098633
0 0.841797 0.942871 0.097656 0.098633
0 0.750000 0.884277 0.097656 0.098633
0 0.660156 0.829102 0.097656 0.097656
0 0.657227 0.949219 0.085938 0.085938
0 0.562500 0.778320 0.109375 0.111328
0 0.561523 0.889648 0.097656 0.097656
0 0.467773 0.832031 0.097656 0.097656
0 0.467773 0.942871 0.097656 0.098633
0 0.374512 0.891113 0.110352 0.110352
0 0.276367 0.832520 0.097656 0.098633
0 0.273438 0.941895 0.097656 0.098633
0 0.177734 0.894043 0.109375 0.110352