0 0.864258 0.498535 0.097656 0.098633
0 0.863281 0.058105 0.097656 0.098633
0 0.862793 0.176270 0.110352 0.110352
0 0.764648 0.114746 0.085938 0.086914
0 0.766602 0.228027 0.097656 0.098633
0 0.668945 0.059082 0.097656 0.098633
0 0.670898 0.174316 0.097656 0.098633
0 0.588379 0.110840 0.061523 0.061523
0 0.485352 0.173340 0.109375 0.110352
0 0.479980 0.064453 0.036133 0.037109
0 0.299316 0.170898 0.110352 0.111328
0 0.213379 0.111328 0.110352 0.111328
0 0.111328 0.056152 0.109375 0.110352
0 0.118164 0.167480 0.109375 0.110352
0 0.113281 0.279785 0.109375 0.110352
0 0.115234 0.379395 0.109375 0.110352
0 0.105469 0.491699 0.097656 0.098633
0 0.110840 0.604004 0.110352 0.110352
0 0.103027 0.710449 0.110352 0.110352
0 0.193848 0.223145 0.110352 0.110352
0 0.202148 0.339355 0.109375 0.110352
0 0.203125 0.447754 0.109375 0.110352
0 0.203125 0.550293 0.097656 0.098633
0 0.208008 0.666504 0.109375 0.110352
0 0.294434 0.283691 0.110352 0.110352
0 0.298340 0.388184 0.110352 0.110352
0 0.295410 0.499512 0.110352 0.110352
0 0.293945 0.610840 0.109375 0.110352
0 0.294922 0.720215 0.109375 0.110352
0 0.386719 0.217773 0.109375 0.111328
0 0.390625 0.330078 0.109375 0.111328
0 0.388672 0.439941 0.097656 0.098633
0 0.395996 0.552246 0.110352 0.110352
0 0.388184 0.659668 0.110352 0.110352
0 0.483398 0.283203 0.109375 0.111328
0 0.480469 0.388672 0.109375 0.111328
0 0.482422 0.495117 0.097656 0.097656
0 0.481445 0.604004 0.109375 0.110352
0 0.481445 0.724121 0.097656 0.098633
0 0.579102 0.231934 0.097656 0.098633
0 0.573730 0.330078 0.110352 0.111328
0 0.578125 0.440430 0.109375 0.111328
0 0.575195 0.552734 0.109375 0.111328
0 0.577148 0.667480 0.109375 0.110352
0 0.675293 0.500000 0.110352 0.111328
0 0.677246 0.583008 0.073242 0.074219
0 0.666992 0.722656 0.097656 0.097656
0 0.766602 0.334473 0.109375 0.110352
0 0.766602 0.549805 0.097656 0.097656
0 0.763672 0.659180 0.097656 0.097656
0 0.855957 0.284668 0.110352 0.110352
0 0.860352 0.386230 0.109375 0.110352
0 0.865234 0.611816 0.109375 0.110352
0 0.862793 0.715820 0.110352 0.111328
0 0.951660 0.224609 0.084961 0.085938
0 0.861328 0.830078 0.097656 0.097656
0 0.860840 0.937500 0.084961 0.085938
0 0.763184 0.753906 0.110352 0.111328
0 0.773438 0.874512 0.097656 0.098633
0 0.673828 0.824707 0.097656 0.098633
0 0.677734 0.940918 0.097656 0.098633
0 0.576172 0.770996 0.097656 0.098633
0 0.577148 0.880371 0.097656 0.098633
0 0.486816 0.830566 0.110352 0.110352
0 0.479492 0.928223 0.097656 0.098633
0 0.390137 0.777832 0.110352 0.110352
0 0.391602 0.886230 0.109375 0.110352
0 0.296875 0.827637 0.109375 0.110352
0 0.292969 0.937012 0.109375 0.110352
0 0.205566 0.776855 0.110352 0.110352
0 0.196777 0.873535 0.110352 0.110352
0 0.107910 0.826660 0.110352 0.110352
0 0.109863 0.943359 0.110352 0.111328