0 0.052246 0.316895 0.073242 0.073242
0 0.702637 0.095703 0.073242 0.074219
0 0.524902 0.101074 0.073242 0.073242
0 0.333496 0.095215 0.073242 0.073242
0 0.142090 0.087891 0.073242 0.074219
0 0.145020 0.266113 0.061523 0.061523
0 0.143555 0.372559 0.097656 0.098633
0 0.142578 0.484863 0.097656 0.098633
0 0.149414 0.578125 0.097656 0.097656
0 0.143066 0.705078 0.122070 0.123047
0 0.243164 0.314941 0.097656 0.098633
0 0.237305 0.433105 0.097656 0.098633
0 0.236816 0.529297 0.122070 0.123047
0 0.235840 0.645508 0.122070 0.123047
0 0.235840 0.758789 0.122070 0.123047
0 0.339844 0.264160 0.060547 0.061523
0 0.332031 0.370605 0.097656 0.098633
0 0.332031 0.479980 0.097656 0.098633
0 0.334473 0.596680 0.122070 0.123047
0 0.332520 0.711914 0.122070 0.123047
0 0.429199 0.318359 0.084961 0.085938
0 0.424805 0.426270 0.097656 0.098633
0 0.428223 0.540527 0.122070 0.122070
0 0.432617 0.647949 0.097656 0.098633
0 0.427246 0.758789 0.122070 0.123047
0 0.521484 0.265137 0.060547 0.061523
0 0.524414 0.374512 0.097656 0.098633
0 0.519531 0.486816 0.097656 0.098633
0 0.520508 0.598145 0.097656 0.098633
0 0.524414 0.699707 0.097656 0.098633
0 0.613281 0.321289 0.085938 0.085938
0 0.614258 0.425293 0.097656 0.098633
0 0.616211 0.538574 0.097656 0.098633
0 0.613281 0.651855 0.097656 0.098633
0 0.613770 0.766113 0.122070 0.122070
0 0.711426 0.272461 0.036133 0.037109
0 0.711914 0.371094 0.097656 0.097656
0 0.710938 0.479980 0.109375 0.110352
0 0.708496 0.600586 0.122070 0.123047
0 0.713867 0.710449 0.109375 0.110352
0 0.708008 0.819824 0.097656 0.098633
0 0.807129 0.330078 0.084961 0.085938
0 0.804688 0.427734 0.097656 0.097656
0 0.803223 0.543945 0.110352 0.111328
0 0.799316 0.656250 0.122070 0.123047
0 0.801758 0.758301 0.109375 0.110352
0 0.907227 0.276855 0.060547 0.061523
0 0.899414 0.375000 0.085938 0.085938
0 0.900879 0.486328 0.110352 0.111328
0 0.893066 0.599609 0.122070 0.123047
0 0.893066 0.707520 0.110352 0.110352
0 0.897949 0.821777 0.110352 0.110352
0 0.896484 0.933105 0.109375 0.110352
0 0.803711 0.868652 0.109375 0.110352
0 0.711914 0.931152 0.097656 0.098633
0 0.622070 0.869629 0.097656 0.098633
0 0.522949 0.813965 0.122070 0.122070
0 0.522949 0.924316 0.122070 0.122070
0 0.423340 0.870117 0.122070 0.123047
0 0.332520 0.811523 0.122070 0.123047
0 0.337891 0.920410 0.097656 0.098633
0 0.237793 0.867188 0.122070 0.123047
0 0.148438 0.803711 0.097656 0.097656
0 0.139648 0.921875 0.097656 0.097656