0 0.859863 0.419434 0.073242 0.073242
0 0.761230 0.250488 0.061523 0.061523
0 0.855957 0.296387 0.061523 0.061523
0 0.949219 0.257812 0.060547 0.060547
0 0.582520 0.252441 0.061523 0.061523
0 0.861328 0.743164 0.085938 0.085938
0 0.095703 0.311523 0.097656 0.097656
0 0.108398 0.418945 0.097656 0.097656
0 0.104492 0.530762 0.109375 0.110352
0 0.102539 0.636230 0.109375 0.110352
0 0.104492 0.751465 0.097656 0.098633
0 0.102051 0.859863 0.110352 0.110352
0 0.200684 0.365234 0.110352 0.111328
0 0.204590 0.474609 0.110352 0.111328
0 0.204102 0.586426 0.109375 0.110352
0 0.200195 0.688965 0.097656 0.098633
0 0.203125 0.805176 0.109375 0.110352
0 0.194824 0.254883 0.084961 0.085938
0 0.294922 0.312012 0.097656 0.098633
0 0.294922 0.417969 0.097656 0.097656
0 0.297852 0.526367 0.097656 0.097656
0 0.299316 0.634766 0.110352 0.111328
0 0.299805 0.744629 0.097656 0.098633
0 0.390625 0.264160 0.109375 0.110352
0 0.393555 0.369629 0.097656 0.098633
0 0.395508 0.473145 0.097656 0.098633
0 0.386719 0.585938 0.109375 0.111328
0 0.389160 0.690430 0.110352 0.111328
0 0.396973 0.787109 0.110352 0.111328
0 0.484375 0.309082 0.097656 0.098633
0 0.486328 0.412598 0.097656 0.098633
0 0.488281 0.527832 0.109375 0.110352
0 0.485352 0.634766 0.097656 0.097656
0 0.487305 0.749023 0.097656 0.097656
0 0.578125 0.365723 0.097656 0.098633
0 0.581055 0.471191 0.097656 0.098633
0 0.579590 0.582520 0.110352 0.110352
0 0.579102 0.689941 0.097656 0.098633
0 0.672852 0.305176 0.097656 0.098633
0 0.674805 0.420410 0.085938 0.086914
0 0.671387 0.531250 0.084961 0.085938
0 0.674316 0.638672 0.084961 0.085938
0 0.674316 0.747070 0.073242 0.074219
0 0.766602 0.364258 0.085938 0.085938
0 0.763672 0.474609 0.085938 0.085938
0 0.766113 0.583496 0.073242 0.073242
1 0.768066 0.694824 0.073242 0.073242
0 0.863281 0.539062 0.085938 0.085938
0 0.860352 0.639160 0.085938 0.086914
0 0.956543 0.469727 0.084961 0.085938
0 0.955566 0.583008 0.084961 0.085938
0 0.956543 0.690430 0.084961 0.085938
0 0.772461 0.796387 0.097656 0.098633
0 0.955078 0.913086 0.085938 0.085938
0 0.858398 0.859863 0.097656 0.098633
0 0.766602 0.908691 0.097656 0.098633
0 0.676758 0.853516 0.097656 0.097656
0 0.579102 0.802734 0.109375 0.111328
0 0.578125 0.914062 0.097656 0.097656
0 0.484375 0.856445 0.097656 0.097656
0 0.391113 0.915527 0.110352 0.110352
0 0.292969 0.856934 0.097656 0.098633
0 0.194336 0.918457 0.109375 0.110352