0 0.150879 0.460449 0.073242 0.073242
0 0.809082 0.518555 0.073242 0.074219
0 0.715820 0.457520 0.060547 0.061523
0 0.817871 0.958496 0.073242 0.073242
1 0.905762 0.895996 0.073242 0.073242
0 0.905762 0.675781 0.084961 0.085938
0 0.903320 0.573242 0.085938 0.085938
0 0.524414 0.589844 0.085938 0.085938
0 0.340820 0.703125 0.085938 0.085938
0 0.431641 0.732422 0.085938 0.085938
0 0.900391 0.449707 0.097656 0.098633
0 0.816406 0.416992 0.097656 0.097656
0 0.810547 0.627930 0.097656 0.097656
0 0.811523 0.730957 0.097656 0.098633
0 0.817871 0.851562 0.084961 0.085938
0 0.902832 0.784180 0.084961 0.085938
0 0.723633 0.577148 0.109375 0.111328
0 0.717285 0.684082 0.110352 0.110352
0 0.718262 0.791504 0.110352 0.110352
0 0.719238 0.911621 0.110352 0.110352
0 0.634277 0.860352 0.084961 0.085938
0 0.630371 0.729004 0.110352 0.110352
0 0.626465 0.627441 0.110352 0.110352
0 0.630859 0.522461 0.085938 0.085938
0 0.633789 0.410645 0.097656 0.098633
0 0.528320 0.466309 0.097656 0.098633
0 0.526855 0.707031 0.110352 0.111328
0 0.522949 0.817871 0.110352 0.110352
0 0.525391 0.925293 0.097656 0.098633
0 0.336914 0.575195 0.097656 0.097656
0 0.333496 0.459961 0.084961 0.085938
0 0.431641 0.410156 0.085938 0.085938
1 0.443359 0.511719 0.097656 0.097656
0 0.436523 0.627930 0.085938 0.085938
0 0.339355 0.809570 0.084961 0.085938
0 0.436523 0.878906 0.085938 0.085938
0 0.256836 0.763672 0.085938 0.085938
0 0.249512 0.637695 0.084961 0.085938
0 0.342285 0.908203 0.084961 0.085938
0 0.259766 0.857422 0.097656 0.097656
0 0.051758 0.631836 0.085938 0.085938
0 0.151367 0.583008 0.097656 0.097656
0 0.153809 0.684570 0.084961 0.085938
0 0.151367 0.787109 0.097656 0.097656
0 0.150391 0.901855 0.097656 0.098633
0 0.056641 0.850586 0.085938 0.085938
0 0.062012 0.732422 0.084961 0.085938
0 0.059570 0.515137 0.097656 0.098633
0 0.062012 0.408203 0.084961 0.085938
0 0.152832 0.133789 0.073242 0.074219
0 0.149902 0.234375 0.073242 0.074219
0 0.052246 0.183594 0.084961 0.085938
0 0.060059 0.080566 0.084961 0.086914
0 0.058594 0.296875 0.085938 0.085938
0 0.148926 0.356445 0.084961 0.085938
0 0.244629 0.124023 0.084961 0.085938
0 0.251953 0.192871 0.097656 0.098633
0 0.248047 0.304199 0.097656 0.098633
1 0.245605 0.541016 0.084961 0.085938
0 0.342773 0.350098 0.097656 0.098633
0 0.341309 0.245117 0.084961 0.085938
0 0.345703 0.131348 0.097656 0.098633
0 0.439453 0.299316 0.097656 0.098633
0 0.442383 0.078613 0.097656 0.098633
0 0.434570 0.203125 0.097656 0.097656
0 0.530273 0.130859 0.085938 0.085938
0 0.530273 0.224121 0.097656 0.098633
0 0.528320 0.354004 0.097656 0.098633
0 0.632324 0.280273 0.084961 0.085938
0 0.641602 0.076172 0.085938 0.085938
0 0.634766 0.187500 0.085938 0.085938
0 0.720215 0.358398 0.084961 0.085938
0 0.721680 0.119141 0.085938 0.085938
0 0.713867 0.245117 0.085938 0.085938
0 0.815918 0.092773 0.084961 0.085938
0 0.815430 0.184082 0.097656 0.098633
0 0.818359 0.320801 0.097656 0.098633
0 0.908691 0.350586 0.084961 0.085938
0 0.908691 0.235352 0.084961 0.085938
0 0.915527 0.133789 0.084961 0.085938
0 0.253906 0.430664 0.085938 0.085938