0 0.317871 0.956055 0.073242 0.074219
0 0.888184 0.727051 0.073242 0.073242
0 0.795410 0.799805 0.073242 0.074219
0 0.885742 0.625488 0.097656 0.098633
0 0.893555 0.854492 0.097656 0.097656
0 0.798828 0.569336 0.097656 0.097656
0 0.790039 0.677734 0.085938 0.085938
0 0.801758 0.906250 0.097656 0.097656
0 0.703125 0.868164 0.085938 0.085938
0 0.612305 0.568848 0.097656 0.098633
1 0.605469 0.683594 0.085938 0.085938
0 0.607910 0.789062 0.084961 0.085938
0 0.608887 0.905762 0.110352 0.110352
0 0.516602 0.535156 0.097656 0.097656
0 0.521484 0.626465 0.097656 0.098633
0 0.506836 0.730469 0.097656 0.097656
0 0.507812 0.857910 0.097656 0.098633
0 0.423340 0.582031 0.110352 0.111328
0 0.427246 0.707031 0.122070 0.123047
0 0.420410 0.812500 0.084961 0.085938
0 0.403320 0.929688 0.085938 0.085938
0 0.327637 0.530762 0.110352 0.110352
0 0.331543 0.640137 0.110352 0.110352
0 0.329102 0.752441 0.097656 0.098633
0 0.331055 0.851074 0.097656 0.098633
0 0.239258 0.937988 0.060547 0.061523
0 0.233398 0.597168 0.109375 0.110352
0 0.240723 0.693848 0.110352 0.110352
0 0.238281 0.809082 0.109375 0.110352
0 0.142578 0.536133 0.085938 0.085938
0 0.137695 0.646973 0.109375 0.110352
0 0.140137 0.753418 0.110352 0.110352
0 0.139648 0.853516 0.109375 0.111328
0 0.058594 0.928711 0.085938 0.085938
0 0.044434 0.585449 0.084961 0.086914
0 0.050781 0.689453 0.097656 0.097656
0 0.791992 0.120117 0.085938 0.085938
0 0.798340 0.251953 0.084961 0.085938
0 0.905762 0.268555 0.084961 0.085938
0 0.901855 0.185547 0.084961 0.085938
0 0.891602 0.069336 0.085938 0.085938
0 0.891113 0.524902 0.110352 0.110352
0 0.796875 0.457031 0.097656 0.097656
0 0.705566 0.074219 0.084961 0.085938
0 0.704102 0.191895 0.097656 0.098633
0 0.705078 0.305176 0.097656 0.098633
0 0.616211 0.137207 0.097656 0.098633
0 0.612305 0.250000 0.085938 0.085938
0 0.609375 0.359375 0.097656 0.097656
0 0.604492 0.458008 0.085938 0.085938
0 0.518555 0.094238 0.097656 0.098633
0 0.520508 0.207031 0.097656 0.097656
0 0.520508 0.304688 0.109375 0.111328
0 0.515137 0.416504 0.110352 0.110352
0 0.423828 0.152344 0.097656 0.097656
0 0.421387 0.276367 0.084961 0.085938
0 0.426270 0.378906 0.084961 0.085938
0 0.332031 0.424316 0.097656 0.098633
0 0.326660 0.317383 0.110352 0.111328
0 0.333008 0.207031 0.097656 0.097656
0 0.338867 0.091309 0.109375 0.110352
0 0.239258 0.143066 0.097656 0.098633
0 0.245605 0.264160 0.110352 0.110352
0 0.240234 0.366699 0.109375 0.110352
0 0.146973 0.418457 0.110352 0.110352
0 0.240234 0.482422 0.085938 0.085938
0 0.152344 0.325195 0.109375 0.111328
0 0.139648 0.201660 0.109375 0.110352
0 0.139648 0.089355 0.109375 0.110352
0 0.047852 0.244141 0.085938 0.085938
0 0.052734 0.364258 0.085938 0.085938
0 0.050293 0.144531 0.084961 0.085938
0 0.051270 0.470703 0.084961 0.085938
0 0.430176 0.489746 0.110352 0.110352