0 0.216309 0.628906 0.073242 0.074219
0 0.218262 0.714844 0.073242 0.074219
0 0.419434 0.696777 0.073242 0.073242
0 0.412598 0.480469 0.073242 0.074219
0 0.138184 0.682129 0.073242 0.073242
0 0.331055 0.810059 0.060547 0.061523
0 0.136230 0.779785 0.073242 0.073242
0 0.890137 0.324219 0.073242 0.074219
0 0.893555 0.093750 0.097656 0.097656
0 0.884766 0.202148 0.085938 0.085938
0 0.896484 0.430664 0.097656 0.097656
0 0.797852 0.392578 0.085938 0.085938
0 0.800293 0.484863 0.110352 0.110352
0 0.792969 0.597168 0.097656 0.098633
0 0.884277 0.737793 0.073242 0.073242
0 0.890625 0.836426 0.097656 0.098633
0 0.707031 0.093262 0.097656 0.098633
1 0.700195 0.208008 0.085938 0.085938
0 0.702637 0.313477 0.084961 0.085938
0 0.703613 0.430176 0.110352 0.110352
0 0.707520 0.538574 0.110352 0.110352
0 0.706055 0.647949 0.109375 0.110352
0 0.703125 0.766113 0.097656 0.098633
0 0.611328 0.059570 0.097656 0.097656
0 0.616211 0.150879 0.097656 0.098633
0 0.601562 0.254883 0.097656 0.097656
0 0.602539 0.382324 0.097656 0.098633
0 0.597656 0.491699 0.097656 0.098633
0 0.593750 0.597168 0.097656 0.098633
0 0.604980 0.706055 0.084961 0.085938
0 0.509277 0.753906 0.084961 0.085938
0 0.518066 0.106445 0.110352 0.111328
0 0.521973 0.231445 0.122070 0.123047
0 0.515137 0.336914 0.084961 0.085938
0 0.498047 0.454102 0.085938 0.085938
0 0.500488 0.539551 0.084961 0.086914
0 0.506836 0.647461 0.097656 0.097656
0 0.426270 0.164551 0.110352 0.110352
0 0.423828 0.276855 0.097656 0.098633
0 0.425781 0.375488 0.097656 0.098633
0 0.333984 0.462402 0.060547 0.061523
0 0.333496 0.565430 0.073242 0.074219
0 0.336426 0.651367 0.084961 0.085938
0 0.327148 0.730469 0.085938 0.085938
0 0.201660 0.813965 0.061523 0.061523
0 0.328125 0.121582 0.109375 0.110352
0 0.335449 0.218262 0.110352 0.110352
0 0.333008 0.333496 0.109375 0.110352
0 0.237305 0.060547 0.085938 0.085938
0 0.232422 0.171387 0.109375 0.110352
0 0.234863 0.277832 0.110352 0.110352
0 0.234375 0.377930 0.109375 0.111328
0 0.222656 0.520020 0.097656 0.098633
0 0.138672 0.567871 0.097656 0.098633
0 0.153320 0.453125 0.085938 0.085938
0 0.139160 0.109863 0.084961 0.086914
0 0.145508 0.213867 0.097656 0.097656
0 0.138672 0.345215 0.097656 0.098633
0 0.060059 0.520508 0.084961 0.085938
0 0.050781 0.614746 0.097656 0.098633
0 0.416992 0.584473 0.097656 0.098633