0 0.912598 0.323730 0.073242 0.073242
0 0.812012 0.359375 0.084961 0.085938
0 0.058594 0.395508 0.085938 0.085938
0 0.058594 0.500000 0.085938 0.085938
0 0.059570 0.620605 0.097656 0.098633
0 0.055664 0.727539 0.085938 0.085938
0 0.054199 0.832031 0.084961 0.085938
0 0.060547 0.938477 0.097656 0.097656
0 0.149902 0.888672 0.084961 0.085938
0 0.155273 0.770508 0.085938 0.085938
0 0.148926 0.666504 0.084961 0.086914
0 0.152344 0.556152 0.097656 0.098633
0 0.154297 0.439941 0.097656 0.098633
0 0.150391 0.333496 0.097656 0.098633
0 0.247070 0.387207 0.109375 0.110352
0 0.247070 0.490723 0.097656 0.098633
0 0.250000 0.599121 0.097656 0.098633
0 0.248047 0.721680 0.085938 0.085938
0 0.249023 0.831543 0.097656 0.098633
0 0.247070 0.933105 0.097656 0.098633
0 0.341797 0.328613 0.097656 0.098633
0 0.346680 0.444336 0.097656 0.097656
0 0.340332 0.546875 0.084961 0.085938
0 0.337891 0.656250 0.097656 0.097656
0 0.347656 0.771973 0.097656 0.098633
0 0.340820 0.884277 0.097656 0.098633
0 0.443359 0.921875 0.097656 0.097656
0 0.435547 0.813965 0.097656 0.098633
0 0.438477 0.703125 0.097656 0.097656
0 0.437500 0.590332 0.097656 0.098633
0 0.445312 0.479492 0.097656 0.097656
0 0.438477 0.371582 0.097656 0.098633
0 0.527344 0.314453 0.097656 0.097656
0 0.533203 0.421387 0.097656 0.098633
0 0.531250 0.528809 0.097656 0.098633
0 0.530273 0.643555 0.097656 0.097656
0 0.526367 0.759277 0.097656 0.098633
0 0.529785 0.864258 0.084961 0.085938
0 0.624023 0.908691 0.109375 0.110352
0 0.619141 0.801270 0.109375 0.110352
0 0.625488 0.699707 0.110352 0.110352
0 0.624512 0.586426 0.110352 0.110352
0 0.622070 0.472168 0.109375 0.110352
0 0.620605 0.361328 0.110352 0.111328
0 0.718750 0.318359 0.097656 0.097656
0 0.709961 0.421387 0.109375 0.110352
0 0.722656 0.525391 0.109375 0.111328
0 0.714844 0.637207 0.109375 0.110352
0 0.717285 0.742188 0.084961 0.085938
0 0.719727 0.832031 0.085938 0.085938
0 0.811523 0.905273 0.085938 0.085938
0 0.811523 0.812988 0.097656 0.098633
0 0.810547 0.691895 0.097656 0.098633
0 0.815918 0.587891 0.084961 0.085938
0 0.810547 0.461426 0.109375 0.110352
0 0.908691 0.421875 0.084961 0.085938
0 0.907227 0.521484 0.097656 0.097656
0 0.910156 0.656738 0.097656 0.098633
0 0.908203 0.745605 0.097656 0.098633
0 0.899414 0.862793 0.109375 0.110352
0 0.908203 0.094238 0.097656 0.098633
0 0.907227 0.198242 0.085938 0.085938
0 0.809570 0.256348 0.109375 0.110352
0 0.812500 0.151855 0.097656 0.098633
0 0.717773 0.081543 0.097656 0.098633
0 0.723633 0.187500 0.097656 0.097656
0 0.630859 0.239258 0.109375 0.111328
0 0.629395 0.138672 0.110352 0.111328
0 0.539062 0.085938 0.097656 0.097656
0 0.532227 0.196289 0.085938 0.085938
0 0.440430 0.262207 0.097656 0.098633
0 0.436523 0.159180 0.085938 0.085938
0 0.341797 0.099121 0.097656 0.098633
0 0.339844 0.222168 0.097656 0.098633
0 0.252930 0.278809 0.109375 0.110352
0 0.246582 0.165527 0.110352 0.110352
0 0.149414 0.118652 0.109375 0.110352
0 0.151367 0.224609 0.085938 0.085938
0 0.051270 0.287109 0.084961 0.085938
0 0.058594 0.171387 0.097656 0.098633
0 0.064453 0.062988 0.097656 0.098633