0 0.935059 0.875488 0.110352 0.110352
0 0.933594 0.755859 0.109375 0.111328
0 0.935059 0.651855 0.110352 0.110352
0 0.848633 0.590332 0.097656 0.098633
0 0.848633 0.699707 0.109375 0.110352
0 0.851074 0.817871 0.110352 0.110352
0 0.845703 0.930176 0.109375 0.110352
0 0.746094 0.759277 0.097656 0.098633
0 0.750000 0.638672 0.097656 0.097656
0 0.654785 0.705078 0.084961 0.085938
0 0.658203 0.812988 0.109375 0.110352
0 0.647949 0.924805 0.110352 0.111328
0 0.558594 0.858398 0.097656 0.097656
0 0.557617 0.720215 0.097656 0.098633
0 0.557617 0.630371 0.109375 0.110352
0 0.465820 0.590332 0.097656 0.098633
0 0.469727 0.707520 0.109375 0.110352
0 0.472168 0.819336 0.084961 0.085938
0 0.192383 0.640625 0.048828 0.048828
0 0.367676 0.653809 0.084961 0.086914
0 0.367676 0.750000 0.084961 0.085938
0 0.380371 0.875000 0.110352 0.111328
0 0.287598 0.896973 0.110352 0.110352
0 0.187988 0.851562 0.084961 0.085938
0 0.279785 0.699219 0.084961 0.085938
0 0.281250 0.805664 0.048828 0.048828
0 0.097656 0.702148 0.048828 0.048828
0 0.100586 0.808594 0.097656 0.097656
0 0.091309 0.920410 0.110352 0.110352
0 0.185547 0.748535 0.048828 0.049805
0 0.947266 0.139648 0.097656 0.097656
0 0.850586 0.311035 0.109375 0.110352
0 0.851562 0.196777 0.097656 0.098633
0 0.862305 0.081055 0.109375 0.111328
0 0.678711 0.097656 0.097656 0.097656
0 0.660645 0.197754 0.110352 0.110352
0 0.657715 0.283691 0.110352 0.110352
0 0.762695 0.292969 0.109375 0.111328
0 0.753906 0.148926 0.097656 0.098633
1 0.562012 0.107910 0.073242 0.073242
0 0.566406 0.213379 0.097656 0.098633
0 0.562012 0.321777 0.110352 0.110352
0 0.478516 0.282227 0.097656 0.097656
0 0.483398 0.204590 0.097656 0.098633
0 0.290039 0.088379 0.097656 0.098633
0 0.381348 0.229004 0.073242 0.073242
0 0.387695 0.327637 0.097656 0.098633
0 0.203125 0.139160 0.109375 0.110352
0 0.200195 0.257324 0.097656 0.098633
0 0.090820 0.088379 0.097656 0.098633
0 0.102051 0.197266 0.084961 0.085938