0 0.559570 0.298340 0.109375 0.110352
0 0.950195 0.077148 0.085938 0.085938
0 0.939453 0.190430 0.097656 0.097656
0 0.943359 0.306641 0.097656 0.097656
0 0.847656 0.131836 0.109375 0.111328
0 0.849609 0.246094 0.109375 0.111328
0 0.844238 0.345703 0.110352 0.111328
0 0.749512 0.083008 0.110352 0.111328
0 0.746582 0.190430 0.110352 0.111328
0 0.751465 0.297363 0.110352 0.110352
0 0.655762 0.141113 0.110352 0.110352
0 0.660156 0.245605 0.109375 0.110352
0 0.560547 0.084473 0.097656 0.098633
0 0.557617 0.190918 0.109375 0.110352
0 0.459961 0.138184 0.109375 0.110352
0 0.463867 0.242676 0.109375 0.110352
0 0.466797 0.355957 0.048828 0.049805
0 0.558594 0.410645 0.048828 0.049805
0 0.653320 0.348633 0.048828 0.048828
0 0.370605 0.086426 0.110352 0.110352
0 0.370605 0.196777 0.110352 0.110352
0 0.373535 0.309082 0.110352 0.110352
0 0.372559 0.415039 0.084961 0.085938
0 0.270996 0.134277 0.110352 0.110352
0 0.276367 0.245605 0.097656 0.098633
0 0.178711 0.083496 0.109375 0.110352
0 0.183594 0.192871 0.109375 0.110352
0 0.182617 0.297363 0.109375 0.110352
0 0.184082 0.418945 0.073242 0.074219
0 0.091309 0.145020 0.110352 0.110352
0 0.085449 0.237793 0.110352 0.110352
0 0.087402 0.359375 0.110352 0.111328
0 0.081543 0.479980 0.110352 0.110352
0 0.085449 0.581543 0.110352 0.110352
0 0.085449 0.701660 0.110352 0.110352
0 0.080566 0.811035 0.110352 0.110352
0 0.083984 0.920898 0.097656 0.097656
0 0.181641 0.522949 0.085938 0.086914
0 0.268066 0.468262 0.073242 0.073242
0 0.373535 0.517090 0.110352 0.110352
0 0.463867 0.468262 0.109375 0.110352
0 0.560547 0.517578 0.109375 0.111328
0 0.663086 0.576172 0.085938 0.085938
0 0.656738 0.463867 0.084961 0.085938
0 0.753418 0.415039 0.084961 0.085938
0 0.750488 0.521484 0.084961 0.085938
0 0.757812 0.628906 0.097656 0.097656
0 0.752930 0.733398 0.097656 0.097656
0 0.748047 0.850098 0.097656 0.098633
0 0.847168 0.463379 0.073242 0.073242
0 0.850098 0.575195 0.084961 0.085938
0 0.849121 0.791992 0.073242 0.074219
0 0.935547 0.409668 0.097656 0.098633
0 0.941406 0.519043 0.097656 0.098633
0 0.936523 0.634277 0.097656 0.098633
0 0.946289 0.745117 0.097656 0.097656
0 0.948242 0.855469 0.097656 0.097656
0 0.848145 0.922852 0.084961 0.085938