0 0.084961 0.102051 0.109375 0.110352
0 0.272461 0.104492 0.097656 0.097656
0 0.365234 0.152344 0.109375 0.111328
0 0.458008 0.112793 0.097656 0.098633
0 0.661621 0.110840 0.110352 0.110352
0 0.839355 0.106934 0.110352 0.110352
0 0.936523 0.052246 0.097656 0.098633
0 0.938477 0.168457 0.097656 0.098633
0 0.938477 0.270020 0.097656 0.098633
0 0.934082 0.380371 0.110352 0.110352
0 0.939453 0.491699 0.097656 0.098633
0 0.844727 0.221191 0.109375 0.110352
0 0.841797 0.329590 0.109375 0.110352
0 0.846680 0.438965 0.109375 0.110352
0 0.845703 0.543457 0.109375 0.110352
0 0.847168 0.665039 0.073242 0.074219
0 0.753906 0.167480 0.109375 0.110352
0 0.752930 0.275879 0.097656 0.098633
0 0.754395 0.391113 0.110352 0.110352
0 0.748535 0.483887 0.110352 0.110352
0 0.750488 0.605469 0.110352 0.111328
0 0.657715 0.229980 0.110352 0.110352
0 0.661621 0.343262 0.110352 0.110352
0 0.658691 0.450195 0.110352 0.111328
0 0.660156 0.557617 0.097656 0.097656
0 0.662109 0.661621 0.060547 0.061523
0 0.551270 0.166504 0.110352 0.110352
0 0.556152 0.277832 0.110352 0.110352
0 0.556641 0.389648 0.109375 0.111328
0 0.555664 0.490234 0.097656 0.097656
0 0.558594 0.609863 0.109375 0.110352
0 0.458984 0.228516 0.097656 0.097656
0 0.463867 0.339844 0.097656 0.097656
0 0.459961 0.450684 0.109375 0.110352
0 0.463867 0.558105 0.109375 0.110352
0 0.364258 0.273438 0.109375 0.111328
0 0.369141 0.382812 0.097656 0.097656
0 0.367676 0.491699 0.110352 0.110352
0 0.364746 0.601074 0.110352 0.110352
0 0.273926 0.215820 0.110352 0.111328
0 0.270996 0.325684 0.110352 0.110352
0 0.275879 0.441895 0.110352 0.110352
0 0.269043 0.551270 0.110352 0.110352
0 0.173340 0.160645 0.110352 0.110352
0 0.175293 0.279785 0.110352 0.110352
0 0.175781 0.383301 0.109375 0.110352
0 0.173828 0.493652 0.109375 0.110352
0 0.170898 0.604004 0.097656 0.098633
0 0.083008 0.218262 0.109375 0.110352
0 0.080078 0.326660 0.109375 0.110352
0 0.081055 0.439941 0.097656 0.098633
0 0.085938 0.543457 0.097656 0.098633
0 0.073242 0.659668 0.109375 0.110352
0 0.076172 0.772949 0.109375 0.110352
0 0.077637 0.876465 0.110352 0.110352
0 0.172852 0.718262 0.109375 0.110352
0 0.178711 0.827637 0.109375 0.110352
0 0.172852 0.937012 0.109375 0.110352
0 0.263184 0.661133 0.110352 0.111328
0 0.267578 0.778320 0.097656 0.097656
0 0.269531 0.881348 0.109375 0.110352
0 0.365723 0.717773 0.110352 0.111328
0 0.365723 0.833008 0.110352 0.111328
0 0.361816 0.942871 0.110352 0.110352
0 0.458008 0.664551 0.109375 0.110352
0 0.463867 0.780273 0.109375 0.111328
0 0.462402 0.887695 0.110352 0.111328
0 0.557617 0.722168 0.097656 0.098633
0 0.553711 0.836426 0.109375 0.110352
0 0.553711 0.941406 0.109375 0.111328
0 0.650879 0.768066 0.110352 0.110352
0 0.647949 0.887207 0.110352 0.110352
0 0.744629 0.726074 0.110352 0.110352
0 0.748535 0.827637 0.110352 0.110352
0 0.844727 0.769043 0.085938 0.086914
0 0.931152 0.714355 0.073242 0.073242