0 0.720703 0.530762 0.109375 0.110352
0 0.159668 0.097168 0.110352 0.110352
0 0.337402 0.093262 0.110352 0.110352
0 0.436523 0.154785 0.097656 0.098633
0 0.534180 0.098145 0.097656 0.098633
0 0.621094 0.150879 0.109375 0.110352
0 0.720215 0.094727 0.110352 0.111328
0 0.911133 0.092285 0.109375 0.110352
0 0.909180 0.204590 0.109375 0.110352
0 0.910645 0.315430 0.110352 0.111328
0 0.907715 0.422852 0.110352 0.111328
0 0.912598 0.529785 0.110352 0.110352
0 0.811035 0.148438 0.110352 0.111328
0 0.812988 0.255859 0.110352 0.111328
0 0.816895 0.373535 0.110352 0.110352
0 0.821289 0.478027 0.109375 0.110352
0 0.723145 0.211914 0.110352 0.111328
0 0.721680 0.316895 0.097656 0.098633
0 0.718750 0.423340 0.109375 0.110352
0 0.625977 0.259277 0.097656 0.098633
0 0.621094 0.370605 0.109375 0.110352
0 0.625000 0.475098 0.109375 0.110352
0 0.627930 0.588379 0.048828 0.049805
0 0.719727 0.643066 0.048828 0.049805
0 0.814453 0.581055 0.048828 0.048828
0 0.526367 0.203613 0.109375 0.110352
0 0.531738 0.318848 0.110352 0.110352
0 0.531738 0.429199 0.110352 0.110352
0 0.534668 0.541504 0.110352 0.110352
0 0.533691 0.647461 0.084961 0.085938
0 0.436523 0.256348 0.097656 0.098633
0 0.432129 0.366699 0.110352 0.110352
0 0.437500 0.478027 0.097656 0.098633
0 0.342773 0.207520 0.109375 0.110352
0 0.339844 0.315918 0.109375 0.110352
0 0.344727 0.425293 0.109375 0.110352
0 0.343750 0.529785 0.109375 0.110352
0 0.345215 0.651367 0.073242 0.074219
0 0.251953 0.153809 0.109375 0.110352
0 0.250977 0.262207 0.097656 0.098633
0 0.252441 0.377441 0.110352 0.110352
0 0.246582 0.470215 0.110352 0.110352
0 0.248535 0.591797 0.110352 0.111328
0 0.155762 0.216309 0.110352 0.110352
0 0.159668 0.329590 0.110352 0.110352
0 0.156738 0.436523 0.110352 0.111328
0 0.158203 0.543945 0.097656 0.097656
0 0.160156 0.647949 0.060547 0.061523
0 0.053711 0.476562 0.097656 0.097656
0 0.056641 0.596191 0.109375 0.110352
0 0.055664 0.708496 0.097656 0.098633
0 0.148926 0.754395 0.110352 0.110352
0 0.145996 0.873535 0.110352 0.110352
0 0.242676 0.712402 0.110352 0.110352
0 0.246582 0.813965 0.110352 0.110352
0 0.246582 0.934082 0.110352 0.110352
0 0.342773 0.755371 0.085938 0.086914
0 0.429199 0.700684 0.073242 0.073242
0 0.534668 0.749512 0.110352 0.110352
0 0.625000 0.700684 0.109375 0.110352
0 0.721680 0.750000 0.109375 0.111328
0 0.824219 0.808594 0.085938 0.085938
0 0.817871 0.696289 0.084961 0.085938
0 0.914551 0.647461 0.084961 0.085938
0 0.911621 0.753906 0.084961 0.085938
0 0.918945 0.861328 0.097656 0.097656