0 0.096191 0.625000 0.073242 0.074219
0 0.114746 0.065918 0.084961 0.086914
0 0.202637 0.134277 0.110352 0.110352
0 0.297852 0.071777 0.109375 0.110352
0 0.392578 0.123535 0.109375 0.110352
0 0.482910 0.069336 0.110352 0.111328
0 0.580078 0.125977 0.097656 0.097656
0 0.670898 0.073730 0.109375 0.110352
0 0.672852 0.173828 0.109375 0.111328
0 0.765625 0.134277 0.097656 0.098633
0 0.861816 0.074707 0.110352 0.110352
0 0.858887 0.187988 0.110352 0.110352
0 0.863770 0.299316 0.110352 0.110352
0 0.864258 0.411133 0.109375 0.111328
0 0.863281 0.511719 0.097656 0.097656
0 0.866211 0.631348 0.109375 0.110352
0 0.766602 0.250000 0.097656 0.097656
0 0.771484 0.361328 0.097656 0.097656
0 0.767578 0.472168 0.109375 0.110352
0 0.771484 0.579590 0.109375 0.110352
0 0.671875 0.294922 0.109375 0.111328
0 0.676758 0.404297 0.097656 0.097656
0 0.675293 0.513184 0.110352 0.110352
0 0.672363 0.622559 0.110352 0.110352
0 0.581543 0.237305 0.110352 0.111328
0 0.578613 0.347168 0.110352 0.110352
0 0.583496 0.463379 0.110352 0.110352
0 0.576660 0.572754 0.110352 0.110352
0 0.480957 0.182129 0.110352 0.110352
0 0.482910 0.301270 0.110352 0.110352
0 0.483398 0.404785 0.109375 0.110352
0 0.481445 0.515137 0.109375 0.110352
0 0.478516 0.625488 0.097656 0.098633
0 0.390625 0.239746 0.109375 0.110352
0 0.387695 0.348145 0.109375 0.110352
0 0.388672 0.461426 0.097656 0.098633
0 0.393555 0.564941 0.097656 0.098633
0 0.292969 0.185059 0.109375 0.110352
0 0.295898 0.297363 0.109375 0.110352
0 0.292480 0.400879 0.110352 0.110352
0 0.292480 0.514160 0.110352 0.110352
0 0.290527 0.623535 0.110352 0.110352
0 0.196289 0.236816 0.097656 0.098633
0 0.193359 0.347168 0.097656 0.098633
0 0.195312 0.457520 0.097656 0.098633
0 0.196289 0.570312 0.097656 0.097656
0 0.196289 0.671875 0.097656 0.097656
0 0.105469 0.177246 0.097656 0.098633
0 0.102539 0.297363 0.109375 0.110352
0 0.098633 0.405762 0.097656 0.098633
0 0.096680 0.507812 0.097656 0.097656
0 0.102539 0.733398 0.085938 0.085938
0 0.100586 0.844238 0.097656 0.098633
0 0.199219 0.795410 0.097656 0.098633
0 0.190430 0.905273 0.085938 0.085938
0 0.291504 0.733887 0.110352 0.110352
0 0.297363 0.844238 0.110352 0.110352
0 0.380859 0.681152 0.109375 0.110352
0 0.383789 0.794434 0.109375 0.110352
0 0.385254 0.897949 0.110352 0.110352
0 0.480469 0.739746 0.109375 0.110352
0 0.486328 0.849121 0.109375 0.110352
0 0.570801 0.682617 0.110352 0.111328
0 0.575195 0.799805 0.097656 0.097656
0 0.577148 0.902832 0.109375 0.110352
0 0.673340 0.739258 0.110352 0.111328
0 0.673340 0.854492 0.110352 0.111328
0 0.765625 0.686035 0.109375 0.110352
0 0.771484 0.801758 0.109375 0.111328
0 0.770020 0.909180 0.110352 0.111328
0 0.865234 0.743652 0.097656 0.098633
0 0.861328 0.857910 0.109375 0.110352