0 0.217285 0.915039 0.073242 0.074219
0 0.128906 0.186035 0.097656 0.098633
0 0.130859 0.091309 0.097656 0.098633
0 0.215820 0.154785 0.097656 0.098633
0 0.218262 0.269531 0.084961 0.085938
0 0.312500 0.093750 0.109375 0.111328
0 0.304688 0.217285 0.097656 0.098633
0 0.397461 0.166504 0.097656 0.098633
0 0.400879 0.044434 0.084961 0.086914
0 0.501465 0.091797 0.084961 0.085938
0 0.488281 0.216309 0.097656 0.098633
0 0.397461 0.261719 0.097656 0.097656
0 0.595703 0.267090 0.109375 0.110352
0 0.602051 0.143555 0.110352 0.111328
0 0.696777 0.086426 0.110352 0.110352
0 0.693848 0.190430 0.110352 0.111328
0 0.791992 0.146484 0.097656 0.097656
0 0.882812 0.080078 0.097656 0.097656
0 0.879883 0.181641 0.085938 0.085938
0 0.784180 0.264648 0.097656 0.097656
0 0.125977 0.637695 0.085938 0.085938
0 0.125977 0.761719 0.085938 0.085938
0 0.123047 0.889160 0.085938 0.086914
0 0.210938 0.703125 0.097656 0.097656
0 0.217773 0.804688 0.097656 0.097656
0 0.318359 0.712402 0.097656 0.098633
0 0.325195 0.856934 0.097656 0.098633
0 0.402344 0.705078 0.085938 0.085938
0 0.406250 0.811523 0.097656 0.097656
0 0.403320 0.920898 0.085938 0.085938
0 0.498047 0.761719 0.085938 0.085938
0 0.498047 0.866211 0.085938 0.085938
0 0.591797 0.922363 0.097656 0.098633
0 0.593750 0.806152 0.097656 0.098633
0 0.589844 0.699707 0.097656 0.098633
0 0.686523 0.753418 0.109375 0.110352
0 0.686523 0.856934 0.097656 0.098633
0 0.781250 0.694824 0.097656 0.098633
0 0.786133 0.810547 0.097656 0.097656
0 0.779785 0.913086 0.084961 0.085938
0 0.884766 0.845703 0.097656 0.097656
0 0.877930 0.737793 0.097656 0.098633
0 0.879883 0.628418 0.097656 0.098633
0 0.875977 0.525391 0.085938 0.085938
0 0.883789 0.404297 0.097656 0.097656
0 0.875977 0.297852 0.097656 0.097656
0 0.787109 0.369141 0.097656 0.097656
0 0.781250 0.465332 0.097656 0.098633
0 0.779297 0.588379 0.097656 0.098633
0 0.692383 0.645020 0.109375 0.110352
0 0.686035 0.531738 0.110352 0.110352
0 0.698730 0.418457 0.110352 0.110352
0 0.689941 0.307129 0.110352 0.110352
0 0.603516 0.373535 0.097656 0.098633
0 0.588867 0.484863 0.109375 0.110352
0 0.590820 0.590820 0.085938 0.085938
0 0.490723 0.653320 0.084961 0.085938
0 0.498047 0.537598 0.097656 0.098633
0 0.503906 0.429199 0.097656 0.098633
0 0.500000 0.320312 0.085938 0.085938
0 0.406250 0.369629 0.097656 0.098633
0 0.403320 0.488770 0.097656 0.098633
0 0.403809 0.586914 0.084961 0.085938
0 0.309570 0.617188 0.097656 0.097656
0 0.309570 0.518066 0.109375 0.110352
0 0.312988 0.427246 0.110352 0.110352
0 0.307617 0.318848 0.097656 0.098633
0 0.216797 0.361816 0.097656 0.098633
0 0.221680 0.458008 0.097656 0.097656
0 0.210938 0.591797 0.085938 0.085938
0 0.123047 0.531250 0.097656 0.097656
0 0.129883 0.425781 0.097656 0.097656
0 0.129883 0.319824 0.097656 0.098633