0 0.979980 0.178711 0.036133 0.037109
0 0.799316 0.285156 0.110352 0.111328
0 0.713379 0.121094 0.110352 0.111328
0 0.713379 0.225586 0.110352 0.111328
0 0.608887 0.057617 0.084961 0.085938
0 0.611328 0.170410 0.109375 0.110352
0 0.618164 0.281738 0.109375 0.110352
0 0.515625 0.106934 0.097656 0.098633
0 0.511719 0.218750 0.085938 0.085938
0 0.516602 0.333008 0.085938 0.085938
0 0.418945 0.053223 0.097656 0.098633
0 0.416016 0.162109 0.085938 0.085938
0 0.422363 0.276855 0.084961 0.086914
0 0.325195 0.106934 0.097656 0.098633
0 0.324707 0.218262 0.084961 0.086914
0 0.232910 0.043945 0.084961 0.085938
0 0.232422 0.162598 0.097656 0.098633
0 0.233398 0.272949 0.097656 0.098633
0 0.135742 0.113770 0.097656 0.098633
0 0.139648 0.218262 0.109375 0.110352
0 0.137207 0.328125 0.084961 0.085938
0 0.138184 0.443359 0.110352 0.111328
0 0.133789 0.552734 0.097656 0.097656
0 0.133789 0.664062 0.097656 0.097656
0 0.132324 0.771484 0.084961 0.085938
0 0.132812 0.884766 0.085938 0.085938
0 0.229492 0.387695 0.085938 0.085938
0 0.228516 0.500000 0.097656 0.097656
0 0.232910 0.609375 0.110352 0.111328
0 0.225098 0.719727 0.110352 0.111328
0 0.230957 0.825684 0.110352 0.110352
0 0.322754 0.331055 0.084961 0.085938
0 0.325195 0.440430 0.085938 0.085938
0 0.322266 0.551758 0.085938 0.085938
0 0.328125 0.653320 0.109375 0.111328
0 0.325195 0.762695 0.109375 0.111328
0 0.320801 0.886230 0.110352 0.110352
0 0.417480 0.387207 0.110352 0.110352
0 0.418457 0.500488 0.110352 0.110352
0 0.426758 0.604004 0.109375 0.110352
0 0.420898 0.714355 0.109375 0.110352
0 0.419922 0.829102 0.109375 0.111328
0 0.519043 0.435059 0.110352 0.110352
0 0.517090 0.550293 0.110352 0.110352
0 0.511719 0.658691 0.097656 0.098633
0 0.514160 0.768555 0.084961 0.085938
0 0.514648 0.881836 0.097656 0.097656
0 0.613281 0.394043 0.109375 0.110352
0 0.615234 0.493652 0.109375 0.110352
0 0.605469 0.605957 0.097656 0.098633
0 0.610840 0.718262 0.110352 0.110352
0 0.603027 0.824707 0.110352 0.110352
0 0.693848 0.337402 0.110352 0.110352
0 0.702148 0.453613 0.109375 0.110352
0 0.703125 0.562012 0.109375 0.110352
0 0.703125 0.664551 0.097656 0.098633
0 0.708008 0.780762 0.109375 0.110352
0 0.794434 0.397949 0.110352 0.110352
0 0.798340 0.502441 0.110352 0.110352
0 0.795410 0.613770 0.110352 0.110352
0 0.793945 0.725098 0.109375 0.110352
0 0.794922 0.834473 0.109375 0.110352
0 0.886719 0.332031 0.109375 0.111328
0 0.890625 0.444336 0.109375 0.111328
0 0.888672 0.554199 0.097656 0.098633
0 0.895996 0.666504 0.110352 0.110352
0 0.888184 0.773926 0.110352 0.110352
0 0.890137 0.892090 0.110352 0.110352
0 0.796875 0.941895 0.109375 0.110352
0 0.705566 0.891113 0.110352 0.110352
0 0.607910 0.940918 0.110352 0.110352
0 0.416992 0.938477 0.109375 0.111328
0 0.229004 0.943848 0.061523 0.061523