0 0.129395 0.137695 0.073242 0.074219
0 0.235840 0.345703 0.073242 0.074219
1 0.887695 0.808594 0.097656 0.097656
0 0.881836 0.912598 0.097656 0.098633
0 0.792480 0.860840 0.110352 0.110352
0 0.696777 0.804199 0.110352 0.110352
0 0.699219 0.907227 0.109375 0.111328
0 0.523926 0.790039 0.110352 0.111328
0 0.515625 0.890137 0.109375 0.110352
0 0.406250 0.848145 0.109375 0.110352
0 0.317383 0.805176 0.097656 0.098633
0 0.316895 0.898926 0.110352 0.110352
0 0.888672 0.702637 0.109375 0.110352
0 0.781250 0.745605 0.109375 0.110352
0 0.794922 0.414062 0.097656 0.097656
0 0.890625 0.134277 0.097656 0.098633
0 0.890137 0.255371 0.110352 0.110352
0 0.891602 0.368652 0.109375 0.110352
0 0.798828 0.092773 0.097656 0.097656
0 0.791992 0.191406 0.097656 0.097656
0 0.799805 0.304688 0.109375 0.111328
0 0.704102 0.132812 0.109375 0.111328
1 0.704102 0.228027 0.097656 0.098633
0 0.700195 0.357910 0.109375 0.110352
0 0.700195 0.485352 0.097656 0.097656
0 0.697266 0.684570 0.109375 0.111328
0 0.613281 0.538574 0.097656 0.098633
0 0.609863 0.426758 0.110352 0.111328
0 0.610840 0.303223 0.110352 0.110352
0 0.607422 0.192871 0.109375 0.110352
0 0.611328 0.080566 0.109375 0.110352
0 0.522461 0.140625 0.097656 0.097656
0 0.525391 0.245605 0.097656 0.098633
0 0.529297 0.339355 0.097656 0.098633
0 0.525391 0.479004 0.109375 0.110352
0 0.529297 0.590332 0.109375 0.110352
0 0.515137 0.697266 0.110352 0.111328
0 0.414062 0.740234 0.109375 0.111328
0 0.415527 0.634766 0.110352 0.111328
0 0.415527 0.518555 0.084961 0.085938
0 0.420898 0.296387 0.097656 0.098633
0 0.423828 0.196289 0.109375 0.111328
0 0.417480 0.089355 0.110352 0.110352
0 0.055664 0.065918 0.085938 0.086914
0 0.054199 0.177734 0.084961 0.085938
0 0.124023 0.228516 0.085938 0.085938
0 0.047363 0.322266 0.084961 0.085938
0 0.134277 0.377930 0.084961 0.085938
0 0.238770 0.422852 0.084961 0.085938
0 0.137695 0.776367 0.085938 0.085938
0 0.238281 0.523926 0.097656 0.098633
0 0.132812 0.583496 0.097656 0.098633
0 0.135254 0.686523 0.084961 0.085938
0 0.048828 0.433594 0.085938 0.085938
0 0.130371 0.470703 0.084961 0.085938
0 0.335938 0.687988 0.097656 0.098633