0 0.079102 0.135742 0.085938 0.085938
0 0.080078 0.239746 0.097656 0.098633
0 0.082031 0.353027 0.097656 0.098633
0 0.079102 0.466309 0.097656 0.098633
0 0.079590 0.580566 0.122070 0.122070
0 0.177246 0.086914 0.036133 0.037109
0 0.177734 0.185547 0.097656 0.097656
0 0.176758 0.294434 0.109375 0.110352
0 0.174316 0.415039 0.122070 0.123047
0 0.179688 0.524902 0.109375 0.110352
0 0.173828 0.634277 0.097656 0.098633
0 0.272949 0.144531 0.084961 0.085938
0 0.270508 0.242188 0.097656 0.097656
0 0.269043 0.358398 0.110352 0.111328
0 0.265137 0.470703 0.122070 0.123047
0 0.267578 0.572754 0.109375 0.110352
0 0.373047 0.091309 0.060547 0.061523
0 0.365234 0.189453 0.085938 0.085938
0 0.366699 0.300781 0.110352 0.111328
0 0.358887 0.414062 0.122070 0.123047
0 0.358887 0.521973 0.110352 0.110352
0 0.461914 0.139648 0.085938 0.085938
0 0.454102 0.249512 0.097656 0.098633
0 0.463867 0.359863 0.109375 0.110352
0 0.461426 0.471680 0.122070 0.123047
0 0.460449 0.583496 0.061523 0.061523
0 0.363770 0.636230 0.110352 0.110352
0 0.559082 0.098145 0.061523 0.061523
0 0.555664 0.191895 0.097656 0.098633
0 0.560059 0.306641 0.122070 0.123047
0 0.552734 0.415527 0.109375 0.110352
0 0.556152 0.530273 0.122070 0.123047
0 0.558594 0.636719 0.109375 0.111328
0 0.653320 0.141113 0.097656 0.098633
0 0.648926 0.250488 0.110352 0.110352
0 0.641113 0.354492 0.122070 0.123047
0 0.649902 0.477051 0.110352 0.110352
0 0.650879 0.580078 0.122070 0.123047
0 0.743164 0.108398 0.048828 0.048828
0 0.740234 0.193848 0.097656 0.098633
0 0.739746 0.309082 0.122070 0.122070
0 0.743652 0.415039 0.122070 0.123047
0 0.742676 0.531738 0.110352 0.110352
0 0.738770 0.634766 0.122070 0.123047
0 0.828613 0.141113 0.073242 0.073242
0 0.833008 0.253418 0.109375 0.110352
0 0.833984 0.362793 0.109375 0.110352
0 0.833984 0.470703 0.085938 0.085938
0 0.839355 0.584473 0.110352 0.110352
0 0.927246 0.301758 0.122070 0.123047
0 0.934570 0.422363 0.097656 0.098633
0 0.935547 0.520996 0.097656 0.098633
0 0.932129 0.640625 0.122070 0.123047
0 0.929199 0.755371 0.110352 0.110352
0 0.931641 0.858887 0.097656 0.098633
0 0.827637 0.689941 0.110352 0.110352
0 0.835938 0.801270 0.097656 0.098633
0 0.833984 0.909668 0.097656 0.098633
0 0.739258 0.746582 0.097656 0.098633
0 0.741211 0.852539 0.097656 0.097656
0 0.646973 0.691406 0.122070 0.123047
0 0.646484 0.802734 0.097656 0.097656
0 0.646484 0.910156 0.097656 0.097656
0 0.548828 0.748047 0.097656 0.097656
0 0.555664 0.858398 0.097656 0.097656
0 0.463379 0.686523 0.110352 0.111328
0 0.458984 0.801758 0.097656 0.097656
0 0.457520 0.902344 0.073242 0.074219
0 0.362305 0.747559 0.109375 0.110352
0 0.362305 0.853027 0.097656 0.098633
0 0.269531 0.683105 0.109375 0.110352
0 0.273926 0.797363 0.110352 0.110352
0 0.270996 0.907715 0.110352 0.110352
0 0.177734 0.745605 0.097656 0.098633
0 0.171875 0.854004 0.097656 0.098633
0 0.087891 0.684082 0.097656 0.098633
0 0.079102 0.795410 0.085938 0.086914
0 0.076172 0.904297 0.085938 0.085938