0 0.075195 0.134277 0.109375 0.110352
0 0.741211 0.070801 0.085938 0.086914
0 0.255371 0.234375 0.073242 0.074219
0 0.922363 0.066406 0.084961 0.085938
0 0.644043 0.026855 0.024414 0.024414
0 0.548340 0.061035 0.024414 0.024414
0 0.544434 0.170410 0.024414 0.024414
0 0.547363 0.252441 0.024414 0.024414
0 0.645020 0.113770 0.024414 0.024414
0 0.638184 0.221191 0.024414 0.024414
0 0.738281 0.251953 0.037109 0.037109
0 0.735352 0.169434 0.109375 0.110352
0 0.844727 0.113281 0.085938 0.085938
0 0.845215 0.222168 0.073242 0.073242
0 0.925781 0.172363 0.097656 0.098633
0 0.916504 0.287598 0.061523 0.061523
0 0.261719 0.126953 0.097656 0.097656
0 0.160645 0.074707 0.110352 0.110352
0 0.161133 0.184082 0.097656 0.098633
0 0.077637 0.239746 0.073242 0.073242
0 0.074219 0.403809 0.060547 0.061523
0 0.077148 0.513184 0.097656 0.098633
0 0.072266 0.625488 0.097656 0.098633
0 0.073242 0.736816 0.097656 0.098633
0 0.077148 0.838379 0.097656 0.098633
0 0.166016 0.459961 0.085938 0.085938
0 0.166992 0.563965 0.097656 0.098633
0 0.168945 0.677246 0.097656 0.098633
0 0.166016 0.790527 0.097656 0.098633
0 0.166504 0.904785 0.122070 0.122070
0 0.264160 0.411133 0.036133 0.037109
0 0.264648 0.509766 0.097656 0.097656
0 0.263672 0.618652 0.109375 0.110352
0 0.261230 0.739258 0.122070 0.123047
0 0.266602 0.849121 0.109375 0.110352
0 0.359863 0.468750 0.084961 0.085938
0 0.357422 0.566406 0.097656 0.097656
0 0.355957 0.682617 0.110352 0.111328
0 0.352051 0.794922 0.122070 0.123047
0 0.354492 0.896973 0.109375 0.110352
0 0.459961 0.415527 0.060547 0.061523
0 0.452148 0.513672 0.085938 0.085938
0 0.453613 0.625000 0.110352 0.111328
0 0.445801 0.738281 0.122070 0.123047
0 0.445801 0.846191 0.110352 0.110352
0 0.548828 0.463867 0.085938 0.085938
0 0.541016 0.573730 0.097656 0.098633
0 0.550781 0.684082 0.109375 0.110352
0 0.548340 0.795898 0.122070 0.123047
0 0.547363 0.907715 0.061523 0.061523
0 0.645996 0.422363 0.061523 0.061523
0 0.642578 0.516113 0.097656 0.098633
0 0.646973 0.630859 0.122070 0.123047
0 0.639648 0.739746 0.109375 0.110352
0 0.643066 0.854492 0.122070 0.123047
0 0.740234 0.465332 0.097656 0.098633
0 0.735840 0.574707 0.110352 0.110352
0 0.728027 0.678711 0.122070 0.123047
0 0.736816 0.801270 0.110352 0.110352
0 0.737793 0.904297 0.122070 0.123047
0 0.830078 0.432617 0.048828 0.048828
0 0.827148 0.518066 0.097656 0.098633
0 0.826660 0.633301 0.122070 0.122070
0 0.830566 0.739258 0.122070 0.123047
0 0.829590 0.855957 0.110352 0.110352
0 0.915527 0.465332 0.073242 0.073242
0 0.919922 0.577637 0.109375 0.110352
0 0.920898 0.687012 0.109375 0.110352
0 0.920898 0.794922 0.085938 0.085938
0 0.926270 0.908691 0.110352 0.110352