0 0.833496 0.853027 0.073242 0.073242
0 0.926270 0.444336 0.073242 0.074219
0 0.740723 0.925781 0.073242 0.074219
0 0.934570 0.728027 0.109375 0.110352
0 0.926758 0.824219 0.097656 0.097656
0 0.831055 0.751465 0.097656 0.098633
0 0.744141 0.695312 0.097656 0.097656
0 0.735352 0.803711 0.085938 0.085938
0 0.557617 0.694824 0.097656 0.098633
1 0.550781 0.809570 0.085938 0.085938
0 0.553223 0.915039 0.084961 0.085938
0 0.461914 0.661133 0.097656 0.097656
0 0.466797 0.752441 0.097656 0.098633
0 0.452148 0.856445 0.097656 0.097656
0 0.368652 0.708008 0.110352 0.111328
0 0.372559 0.833008 0.122070 0.123047
0 0.365723 0.938477 0.084961 0.085938
0 0.272949 0.656738 0.110352 0.110352
0 0.276855 0.766113 0.110352 0.110352
0 0.274414 0.878418 0.097656 0.098633
0 0.178711 0.723145 0.109375 0.110352
0 0.186035 0.819824 0.110352 0.110352
0 0.183594 0.935059 0.109375 0.110352
0 0.087891 0.662109 0.085938 0.085938
0 0.083008 0.772949 0.109375 0.110352
0 0.085449 0.879395 0.110352 0.110352
0 0.744141 0.146484 0.085938 0.085938
0 0.737305 0.246094 0.085938 0.085938
0 0.743652 0.377930 0.084961 0.085938
0 0.851074 0.394531 0.084961 0.085938
0 0.847168 0.311523 0.084961 0.085938
0 0.836914 0.195312 0.085938 0.085938
0 0.838379 0.081055 0.084961 0.085938
0 0.932617 0.151367 0.085938 0.085938
0 0.930176 0.273438 0.084961 0.085938
0 0.931152 0.355469 0.084961 0.085938
0 0.933594 0.634277 0.109375 0.110352
0 0.836426 0.650879 0.110352 0.110352
0 0.742188 0.583008 0.097656 0.097656
0 0.653320 0.091309 0.097656 0.098633
0 0.650879 0.200195 0.084961 0.085938
0 0.649414 0.317871 0.097656 0.098633
0 0.650391 0.431152 0.097656 0.098633
0 0.562012 0.145508 0.084961 0.085938
0 0.561523 0.263184 0.097656 0.098633
0 0.557617 0.375977 0.085938 0.085938
0 0.554688 0.485352 0.097656 0.097656
0 0.549805 0.583984 0.085938 0.085938
0 0.463867 0.106934 0.097656 0.098633
0 0.463867 0.220215 0.097656 0.098633
0 0.465820 0.333008 0.097656 0.097656
0 0.465820 0.430664 0.109375 0.111328
0 0.460449 0.542480 0.110352 0.110352
0 0.369629 0.049805 0.084961 0.085938
0 0.366699 0.164062 0.084961 0.085938
0 0.369141 0.278320 0.097656 0.097656
0 0.366699 0.402344 0.084961 0.085938
0 0.371582 0.504883 0.084961 0.085938
0 0.277344 0.550293 0.097656 0.098633
0 0.271973 0.443359 0.110352 0.111328
0 0.278320 0.333008 0.097656 0.097656
0 0.284180 0.217285 0.109375 0.110352
0 0.283203 0.111816 0.097656 0.098633
0 0.179688 0.055664 0.097656 0.097656
0 0.189453 0.172852 0.109375 0.111328
0 0.184570 0.269043 0.097656 0.098633
0 0.190918 0.390137 0.110352 0.110352
0 0.185547 0.492676 0.109375 0.110352
0 0.092285 0.544434 0.110352 0.110352
0 0.185547 0.608398 0.085938 0.085938
0 0.097656 0.451172 0.109375 0.111328
0 0.084961 0.327637 0.109375 0.110352
0 0.084961 0.215332 0.109375 0.110352
0 0.088867 0.104980 0.109375 0.110352
0 0.375488 0.615723 0.110352 0.110352