0 0.264160 0.422363 0.073242 0.073242
0 0.265137 0.314453 0.084961 0.085938
0 0.184082 0.912109 0.084961 0.085938
0 0.189941 0.808594 0.084961 0.085938
0 0.101074 0.852539 0.084961 0.085938
0 0.840820 0.523926 0.060547 0.061523
0 0.472656 0.325684 0.060547 0.061523
0 0.738770 0.368164 0.073242 0.074219
0 0.734863 0.933105 0.073242 0.073242
0 0.092773 0.312012 0.097656 0.098633
0 0.098145 0.428711 0.110352 0.111328
0 0.104004 0.533203 0.110352 0.111328
0 0.099121 0.638672 0.073242 0.074219
0 0.097168 0.750000 0.073242 0.074219
0 0.188477 0.361816 0.097656 0.098633
0 0.188477 0.478516 0.097656 0.097656
0 0.188965 0.592773 0.073242 0.074219
0 0.184082 0.694336 0.073242 0.074219
0 0.288574 0.527344 0.073242 0.074219
0 0.283203 0.641602 0.097656 0.097656
0 0.286133 0.752930 0.097656 0.097656
0 0.374512 0.360840 0.084961 0.086914
0 0.378418 0.474121 0.110352 0.110352
0 0.383301 0.590332 0.110352 0.110352
0 0.377441 0.696777 0.110352 0.110352
0 0.376953 0.812500 0.109375 0.111328
0 0.479980 0.417480 0.122070 0.122070
0 0.482422 0.532715 0.097656 0.098633
0 0.472656 0.645020 0.097656 0.098633
0 0.472656 0.763184 0.097656 0.098633
0 0.563477 0.374023 0.085938 0.085938
0 0.568359 0.479980 0.097656 0.098633
0 0.560547 0.593262 0.097656 0.098633
0 0.564453 0.701172 0.085938 0.085938
0 0.574219 0.811035 0.097656 0.098633
0 0.475586 0.871094 0.097656 0.097656
0 0.651855 0.426758 0.084961 0.085938
0 0.653809 0.548828 0.084961 0.085938
0 0.658203 0.647949 0.085938 0.086914
0 0.658203 0.756836 0.085938 0.085938
0 0.657227 0.874023 0.085938 0.085938
0 0.739746 0.492188 0.084961 0.085938
0 0.737793 0.602539 0.084961 0.085938
0 0.737793 0.702148 0.084961 0.085938
0 0.731934 0.817383 0.084961 0.085938
0 0.844727 0.429688 0.048828 0.048828
0 0.836914 0.634766 0.085938 0.085938
0 0.836426 0.750977 0.084961 0.085938
0 0.831055 0.840332 0.048828 0.049805
0 0.939453 0.478516 0.060547 0.060547
0 0.569336 0.929199 0.097656 0.098633
0 0.374023 0.920898 0.097656 0.097656
0 0.282227 0.869141 0.109375 0.111328