0 0.278809 0.942383 0.084961 0.085938
0 0.088867 0.945801 0.097656 0.098633
0 0.940918 0.912598 0.110352 0.110352
0 0.752930 0.905273 0.097656 0.097656
0 0.560547 0.895508 0.085938 0.085938
0 0.464844 0.950195 0.097656 0.097656
0 0.372070 0.911133 0.109375 0.111328
0 0.945312 0.168457 0.097656 0.098633
0 0.943848 0.285156 0.110352 0.111328
0 0.947266 0.394531 0.097656 0.097656
0 0.945801 0.734375 0.084961 0.085938
0 0.852539 0.126465 0.109375 0.110352
0 0.849609 0.214844 0.097656 0.097656
0 0.854980 0.300781 0.110352 0.111328
0 0.859863 0.415527 0.110352 0.110352
0 0.841797 0.545410 0.109375 0.110352
0 0.849121 0.668945 0.110352 0.111328
0 0.759766 0.718262 0.109375 0.110352
0 0.748535 0.610352 0.110352 0.111328
0 0.754883 0.497070 0.109375 0.111328
0 0.760742 0.397949 0.097656 0.098633
0 0.765625 0.181152 0.109375 0.110352
0 0.761719 0.270996 0.097656 0.098633
0 0.665039 0.222656 0.097656 0.097656
0 0.666016 0.329102 0.097656 0.097656
0 0.666016 0.442383 0.097656 0.097656
0 0.662109 0.555664 0.097656 0.097656
0 0.501953 0.186035 0.048828 0.049805
0 0.570312 0.403320 0.097656 0.097656
0 0.567871 0.492676 0.110352 0.110352
0 0.567383 0.613770 0.097656 0.098633
0 0.568848 0.708984 0.110352 0.111328
0 0.653809 0.662109 0.110352 0.111328
0 0.470703 0.656738 0.097656 0.098633
0 0.474609 0.537109 0.085938 0.085938
0 0.474609 0.437988 0.109375 0.110352
0 0.386719 0.374512 0.097656 0.098633
0 0.399414 0.519043 0.109375 0.110352
0 0.386719 0.614746 0.109375 0.110352
0 0.372070 0.717773 0.097656 0.097656
0 0.291016 0.668457 0.109375 0.110352
0 0.287109 0.550293 0.109375 0.110352
1 0.288574 0.452148 0.084961 0.085938
0 0.294922 0.083008 0.097656 0.097656
0 0.286133 0.330078 0.097656 0.097656
0 0.192871 0.286133 0.084961 0.085938
0 0.187500 0.394043 0.097656 0.098633
0 0.187500 0.495117 0.097656 0.097656
0 0.187500 0.610840 0.109375 0.110352
0 0.188965 0.708496 0.110352 0.110352
0 0.090820 0.666504 0.109375 0.110352
0 0.091797 0.552246 0.097656 0.098633
0 0.102539 0.436523 0.109375 0.111328
0 0.093750 0.335449 0.109375 0.110352
0 0.104004 0.210449 0.110352 0.110352