0 0.847168 0.073242 0.073242 0.074219
0 0.654785 0.797363 0.073242 0.073242
0 0.744629 0.943359 0.073242 0.074219
0 0.745605 0.838379 0.073242 0.073242
0 0.841309 0.881348 0.073242 0.073242
0 0.561035 0.860352 0.084961 0.085938
0 0.656738 0.892578 0.073242 0.074219
0 0.946289 0.127930 0.085938 0.085938
0 0.940430 0.235352 0.085938 0.085938
0 0.852539 0.181152 0.097656 0.098633
0 0.752441 0.124023 0.084961 0.085938
0 0.753906 0.239746 0.097656 0.098633
0 0.659180 0.065918 0.097656 0.098633
0 0.658203 0.180176 0.097656 0.098633
0 0.656250 0.293457 0.097656 0.098633
0 0.566406 0.128418 0.097656 0.098633
0 0.562500 0.243164 0.085938 0.085938
0 0.469727 0.072754 0.097656 0.098633
0 0.471680 0.180176 0.097656 0.098633
0 0.470215 0.300781 0.084961 0.085938
0 0.381836 0.125488 0.097656 0.098633
0 0.371094 0.234375 0.097656 0.097656
0 0.274902 0.074707 0.110352 0.110352
0 0.277832 0.192383 0.110352 0.111328
0 0.275391 0.299805 0.085938 0.085938
0 0.182617 0.129883 0.097656 0.097656
0 0.175781 0.248047 0.097656 0.097656
0 0.086914 0.065430 0.109375 0.111328
0 0.080078 0.185059 0.097656 0.098633
0 0.080566 0.301758 0.084961 0.085938
0 0.083984 0.407715 0.097656 0.098633
0 0.074707 0.522949 0.061523 0.061523
0 0.175781 0.354004 0.097656 0.098633
0 0.180664 0.461426 0.097656 0.098633
0 0.284180 0.411133 0.097656 0.097656
0 0.375488 0.349609 0.084961 0.085938
0 0.374023 0.460938 0.097656 0.097656
0 0.473633 0.408203 0.097656 0.097656
0 0.467285 0.502930 0.084961 0.085938
0 0.562500 0.353516 0.085938 0.085938
0 0.564453 0.457031 0.085938 0.085938
0 0.658203 0.398438 0.085938 0.085938
0 0.655273 0.505859 0.085938 0.085938
0 0.759277 0.346680 0.084961 0.085938
0 0.750977 0.447754 0.097656 0.098633
0 0.850586 0.299316 0.097656 0.098633
0 0.848633 0.400879 0.097656 0.098633
1 0.940430 0.343750 0.085938 0.085938
0 0.945312 0.453613 0.097656 0.098633
0 0.073730 0.700684 0.073242 0.073242
0 0.078125 0.812988 0.109375 0.110352
0 0.079102 0.922363 0.109375 0.110352
0 0.184082 0.752930 0.122070 0.123047
0 0.172363 0.861328 0.122070 0.123047
0 0.277832 0.698242 0.073242 0.074219
0 0.283203 0.810547 0.097656 0.097656
0 0.289551 0.923828 0.122070 0.123047
0 0.378418 0.753906 0.122070 0.123047
0 0.374512 0.874023 0.122070 0.123047
0 0.468750 0.705078 0.097656 0.097656
0 0.472656 0.818359 0.097656 0.097656
0 0.472656 0.922852 0.097656 0.097656
0 0.559082 0.756836 0.073242 0.074219
0 0.653320 0.699707 0.060547 0.061523
0 0.741211 0.731934 0.060547 0.061523
0 0.829590 0.684082 0.061523 0.061523
0 0.830566 0.770996 0.061523 0.061523
0 0.935547 0.751465 0.048828 0.049805
0 0.934570 0.854980 0.048828 0.049805