0 0.870117 0.604004 0.109375 0.110352
0 0.105469 0.172363 0.097656 0.098633
0 0.201660 0.112793 0.110352 0.110352
0 0.307617 0.059082 0.109375 0.110352
0 0.309082 0.170410 0.110352 0.110352
0 0.397461 0.105957 0.109375 0.110352
0 0.486816 0.166504 0.110352 0.110352
0 0.583984 0.111816 0.097656 0.098633
0 0.585938 0.228027 0.097656 0.098633
0 0.678711 0.060547 0.097656 0.097656
0 0.683594 0.171387 0.097656 0.098633
0 0.774414 0.118164 0.109375 0.111328
0 0.770508 0.224121 0.109375 0.110352
0 0.868652 0.057129 0.110352 0.110352
0 0.869629 0.167969 0.110352 0.111328
0 0.872559 0.285156 0.110352 0.111328
0 0.871094 0.390137 0.097656 0.098633
0 0.868164 0.496582 0.109375 0.110352
0 0.775391 0.332520 0.097656 0.098633
0 0.770508 0.443848 0.109375 0.110352
0 0.774414 0.548340 0.109375 0.110352
0 0.777344 0.661621 0.048828 0.049805
0 0.869141 0.716309 0.048828 0.049805
0 0.963867 0.654297 0.048828 0.048828
0 0.675781 0.276855 0.109375 0.110352
0 0.681152 0.392090 0.110352 0.110352
0 0.681152 0.502441 0.110352 0.110352
0 0.684082 0.614746 0.110352 0.110352
0 0.683105 0.720703 0.084961 0.085938
0 0.585938 0.329590 0.097656 0.098633
0 0.581543 0.439941 0.110352 0.110352
0 0.586914 0.551270 0.097656 0.098633
0 0.492188 0.280762 0.109375 0.110352
0 0.489258 0.389160 0.109375 0.110352
0 0.494141 0.498535 0.109375 0.110352
0 0.493164 0.603027 0.109375 0.110352
0 0.494629 0.724609 0.073242 0.074219
0 0.401367 0.227051 0.109375 0.110352
0 0.400391 0.335449 0.097656 0.098633
0 0.401855 0.450684 0.110352 0.110352
0 0.395996 0.543457 0.110352 0.110352
0 0.397949 0.665039 0.110352 0.111328
0 0.305176 0.289551 0.110352 0.110352
0 0.309082 0.402832 0.110352 0.110352
0 0.306152 0.509766 0.110352 0.111328
0 0.307617 0.617188 0.097656 0.097656
0 0.309570 0.721191 0.060547 0.061523
0 0.198730 0.226074 0.110352 0.110352
0 0.203613 0.337402 0.110352 0.110352
0 0.204102 0.449219 0.109375 0.111328
0 0.203125 0.549805 0.097656 0.097656
0 0.206055 0.669434 0.109375 0.110352
0 0.106445 0.288086 0.097656 0.097656
0 0.111328 0.399414 0.097656 0.097656
0 0.107422 0.510254 0.109375 0.110352
0 0.111328 0.617676 0.109375 0.110352
0 0.105469 0.724121 0.109375 0.110352
0 0.111328 0.839844 0.109375 0.111328
0 0.205078 0.781738 0.097656 0.098633
0 0.201172 0.895996 0.109375 0.110352
0 0.298340 0.827637 0.110352 0.110352
0 0.392090 0.785645 0.110352 0.110352
0 0.395996 0.887207 0.110352 0.110352
0 0.492188 0.828613 0.085938 0.086914
0 0.578613 0.773926 0.073242 0.073242
0 0.684082 0.822754 0.110352 0.110352
0 0.774414 0.773926 0.109375 0.110352
0 0.871094 0.823242 0.109375 0.111328