0 0.931152 0.171387 0.073242 0.073242
0 0.837402 0.234375 0.084961 0.085938
0 0.933105 0.266602 0.073242 0.074219
0 0.656738 0.789551 0.073242 0.073242
0 0.937988 0.382812 0.073242 0.074219
0 0.655762 0.687988 0.073242 0.073242
0 0.080566 0.031738 0.061523 0.061523
0 0.077148 0.125488 0.097656 0.098633
0 0.081543 0.240234 0.122070 0.123047
0 0.074219 0.349121 0.109375 0.110352
0 0.077637 0.463867 0.122070 0.123047
0 0.080078 0.570312 0.109375 0.111328
0 0.174805 0.074707 0.097656 0.098633
0 0.170410 0.184082 0.110352 0.110352
0 0.162598 0.288086 0.122070 0.123047
0 0.171387 0.410645 0.110352 0.110352
0 0.172363 0.513672 0.122070 0.123047
0 0.264648 0.041992 0.048828 0.048828
0 0.261719 0.127441 0.097656 0.098633
0 0.261230 0.242676 0.122070 0.122070
0 0.265137 0.348633 0.122070 0.123047
0 0.264160 0.465332 0.110352 0.110352
0 0.260254 0.568359 0.122070 0.123047
0 0.350098 0.074707 0.073242 0.073242
0 0.354492 0.187012 0.109375 0.110352
0 0.355469 0.296387 0.109375 0.110352
0 0.355469 0.404297 0.085938 0.085938
0 0.360840 0.518066 0.110352 0.110352
0 0.460449 0.126953 0.122070 0.123047
0 0.448730 0.235352 0.122070 0.123047
0 0.456055 0.355957 0.097656 0.098633
0 0.457031 0.454590 0.097656 0.098633
0 0.453613 0.574219 0.122070 0.123047
0 0.554199 0.072266 0.073242 0.074219
0 0.559570 0.184570 0.097656 0.097656
0 0.565918 0.297852 0.122070 0.123047
0 0.561523 0.410645 0.097656 0.098633
0 0.549805 0.513184 0.097656 0.098633
0 0.654785 0.127930 0.122070 0.123047
0 0.650879 0.248047 0.122070 0.123047
0 0.652832 0.356445 0.084961 0.085938
0 0.650391 0.477051 0.097656 0.098633
0 0.745117 0.079102 0.097656 0.097656
0 0.749023 0.192383 0.097656 0.097656
0 0.749023 0.296875 0.097656 0.097656
0 0.750977 0.411133 0.097656 0.097656
0 0.750488 0.517578 0.122070 0.123047
0 0.648926 0.587402 0.073242 0.073242
0 0.750488 0.627930 0.122070 0.123047
0 0.835449 0.130859 0.073242 0.074219
0 0.842773 0.352539 0.085938 0.085938
0 0.839844 0.465820 0.097656 0.097656
0 0.840332 0.576172 0.122070 0.123047
0 0.929688 0.073730 0.060547 0.061523
0 0.931641 0.515625 0.097656 0.097656
0 0.938477 0.630859 0.085938 0.085938
0 0.932617 0.739258 0.109375 0.111328
0 0.932617 0.842773 0.085938 0.085938
0 0.841797 0.679688 0.097656 0.097656
0 0.836914 0.791504 0.097656 0.098633
0 0.833496 0.905762 0.073242 0.073242
0 0.746582 0.735840 0.110352 0.110352
0 0.745117 0.848145 0.097656 0.098633
0 0.648438 0.905762 0.097656 0.098633
0 0.545898 0.627441 0.097656 0.098633
0 0.547852 0.736816 0.097656 0.098633
0 0.555664 0.846191 0.097656 0.098633
0 0.550781 0.948730 0.097656 0.098633
0 0.450684 0.688965 0.110352 0.110352
0 0.453125 0.792480 0.097656 0.098633
0 0.451660 0.903809 0.096680 0.098633
0 0.349121 0.623535 0.110352 0.110352
0 0.357422 0.734863 0.097656 0.098633
0 0.355469 0.843262 0.097656 0.098633
0 0.260742 0.680176 0.097656 0.098633
0 0.262695 0.786133 0.097656 0.097656
0 0.261719 0.894531 0.097656 0.097656
0 0.168457 0.625000 0.122070 0.123047
0 0.167969 0.736328 0.097656 0.097656
0 0.167969 0.843750 0.097656 0.097656
0 0.070312 0.681641 0.097656 0.097656
0 0.077148 0.791992 0.097656 0.097656
0 0.067871 0.895508 0.084961 0.085938