0 0.096680 0.103027 0.109375 0.110352
0 0.276855 0.203125 0.073242 0.074219
0 0.569824 0.029785 0.024414 0.024414
0 0.565918 0.139160 0.024414 0.024414
0 0.568848 0.221191 0.024414 0.024414
0 0.666504 0.082520 0.024414 0.024414
0 0.659668 0.189941 0.024414 0.024414
0 0.759766 0.220703 0.037109 0.037109
0 0.756836 0.138184 0.109375 0.110352
0 0.866211 0.082031 0.085938 0.085938
0 0.866699 0.190918 0.073242 0.073242
0 0.947266 0.141113 0.097656 0.098633
0 0.937988 0.256348 0.061523 0.061523
0 0.283203 0.095703 0.097656 0.097656
0 0.182617 0.152832 0.097656 0.098633
0 0.099121 0.208496 0.073242 0.073242
0 0.095703 0.372559 0.060547 0.061523
0 0.098633 0.481934 0.097656 0.098633
0 0.093750 0.594238 0.097656 0.098633
0 0.094727 0.705566 0.097656 0.098633
0 0.098633 0.807129 0.097656 0.098633
0 0.187500 0.428711 0.085938 0.085938
0 0.188477 0.532715 0.097656 0.098633
0 0.190430 0.645996 0.097656 0.098633
0 0.187500 0.759277 0.097656 0.098633
0 0.187988 0.873535 0.122070 0.122070
0 0.285645 0.379883 0.036133 0.037109
0 0.286133 0.478516 0.097656 0.097656
0 0.285156 0.587402 0.109375 0.110352
0 0.282715 0.708008 0.122070 0.123047
0 0.288086 0.817871 0.109375 0.110352
0 0.282227 0.927246 0.097656 0.098633
0 0.381348 0.437500 0.084961 0.085938
0 0.378906 0.535156 0.097656 0.097656
0 0.377441 0.651367 0.110352 0.111328
0 0.373535 0.763672 0.122070 0.123047
0 0.375977 0.865723 0.109375 0.110352
0 0.481445 0.384277 0.060547 0.061523
0 0.473633 0.482422 0.085938 0.085938
0 0.475098 0.593750 0.110352 0.111328
0 0.467285 0.707031 0.122070 0.123047
0 0.467285 0.814941 0.110352 0.110352
0 0.570312 0.432617 0.085938 0.085938
0 0.562500 0.542480 0.097656 0.098633
0 0.572266 0.652832 0.109375 0.110352
0 0.569824 0.764648 0.122070 0.123047
0 0.568848 0.876465 0.061523 0.061523
0 0.472168 0.929199 0.110352 0.110352
0 0.667480 0.391113 0.061523 0.061523
0 0.664062 0.484863 0.097656 0.098633
0 0.668457 0.599609 0.122070 0.123047
0 0.661133 0.708496 0.109375 0.110352
0 0.664551 0.823242 0.122070 0.123047
0 0.666992 0.929688 0.109375 0.111328
0 0.761719 0.434082 0.097656 0.098633
0 0.757324 0.543457 0.110352 0.110352
0 0.749512 0.647461 0.122070 0.123047
0 0.758301 0.770020 0.110352 0.110352
0 0.759277 0.873047 0.122070 0.123047
0 0.851562 0.401367 0.048828 0.048828
0 0.848633 0.486816 0.097656 0.098633
0 0.848145 0.602051 0.122070 0.122070
0 0.852051 0.708008 0.122070 0.123047
0 0.851074 0.824707 0.110352 0.110352
0 0.847168 0.927734 0.122070 0.123047
0 0.937012 0.434082 0.073242 0.073242
0 0.941406 0.546387 0.109375 0.110352
0 0.942383 0.655762 0.109375 0.110352
0 0.942383 0.763672 0.085938 0.085938
0 0.097168 0.921387 0.122070 0.122070