0 0.811523 0.686035 0.109375 0.110352
0 0.144531 0.091309 0.097656 0.098633
0 0.143066 0.194824 0.110352 0.110352
0 0.249023 0.141113 0.109375 0.110352
0 0.250488 0.252441 0.110352 0.110352
0 0.340820 0.084473 0.109375 0.110352
0 0.338867 0.187988 0.109375 0.110352
0 0.434082 0.136230 0.110352 0.110352
0 0.428223 0.248535 0.110352 0.110352
0 0.527344 0.085449 0.109375 0.110352
0 0.525391 0.193848 0.097656 0.098633
0 0.527344 0.310059 0.097656 0.098633
0 0.620117 0.142578 0.097656 0.097656
0 0.625000 0.253418 0.097656 0.098633
0 0.715332 0.078125 0.110352 0.111328
0 0.715820 0.200195 0.109375 0.111328
0 0.711914 0.306152 0.109375 0.110352
0 0.810059 0.139160 0.110352 0.110352
0 0.811035 0.250000 0.110352 0.111328
0 0.897461 0.080566 0.109375 0.110352
0 0.905273 0.191895 0.109375 0.110352
0 0.901855 0.303711 0.110352 0.111328
0 0.903809 0.411133 0.110352 0.111328
0 0.907715 0.528809 0.110352 0.110352
0 0.912109 0.633301 0.109375 0.110352
0 0.813965 0.367188 0.110352 0.111328
0 0.812500 0.472168 0.097656 0.098633
0 0.809570 0.578613 0.109375 0.110352
0 0.716797 0.414551 0.097656 0.098633
0 0.711914 0.525879 0.109375 0.110352
0 0.715820 0.630371 0.109375 0.110352
0 0.718750 0.743652 0.048828 0.049805
0 0.810547 0.798340 0.048828 0.049805
0 0.905273 0.736328 0.048828 0.048828
0 0.617188 0.358887 0.109375 0.110352
0 0.622559 0.474121 0.110352 0.110352
0 0.622559 0.584473 0.110352 0.110352
0 0.625488 0.696777 0.110352 0.110352
0 0.624512 0.802734 0.084961 0.085938
0 0.527344 0.411621 0.097656 0.098633
0 0.522949 0.521973 0.110352 0.110352
0 0.528320 0.633301 0.097656 0.098633
0 0.433594 0.362793 0.109375 0.110352
0 0.430664 0.471191 0.109375 0.110352
0 0.435547 0.580566 0.109375 0.110352
0 0.434570 0.685059 0.109375 0.110352
0 0.436035 0.806641 0.073242 0.074219
0 0.342773 0.309082 0.109375 0.110352
0 0.341797 0.417480 0.097656 0.098633
0 0.343262 0.532715 0.110352 0.110352
0 0.337402 0.625488 0.110352 0.110352
0 0.339355 0.747070 0.110352 0.111328
0 0.246582 0.371582 0.110352 0.110352
0 0.250488 0.484863 0.110352 0.110352
0 0.247559 0.591797 0.110352 0.111328
0 0.249023 0.699219 0.097656 0.097656
0 0.250977 0.803223 0.060547 0.061523
0 0.140137 0.308105 0.110352 0.110352
0 0.145020 0.419434 0.110352 0.110352
0 0.145508 0.531250 0.109375 0.111328
0 0.144531 0.631836 0.097656 0.097656
0 0.147461 0.751465 0.109375 0.110352
0 0.052734 0.481445 0.097656 0.097656
0 0.146484 0.863770 0.097656 0.098633
0 0.239746 0.909668 0.110352 0.110352
0 0.333496 0.867676 0.110352 0.110352
0 0.433594 0.910645 0.085938 0.086914
0 0.520020 0.855957 0.073242 0.073242
0 0.625488 0.904785 0.110352 0.110352
0 0.715820 0.855957 0.109375 0.110352
0 0.812500 0.905273 0.109375 0.111328
0 0.908691 0.851562 0.084961 0.085938