0 0.340332 0.245605 0.061523 0.061523
0 0.068848 0.292480 0.061523 0.061523
0 0.262695 0.396973 0.060547 0.061523
0 0.628418 0.311523 0.073242 0.074219
0 0.344238 0.352539 0.073242 0.074219
0 0.820801 0.306641 0.036133 0.037109
1 0.723633 0.474121 0.048828 0.049805
1 0.627930 0.515625 0.048828 0.048828
1 0.623047 0.425781 0.048828 0.048828
1 0.546875 0.369629 0.060547 0.061523
1 0.444824 0.404785 0.036133 0.036133
0 0.827148 0.414062 0.085938 0.085938
1 0.720215 0.363770 0.061523 0.061523
0 0.901855 0.362305 0.024414 0.025391
0 0.917969 0.489746 0.097656 0.098633
0 0.918945 0.593750 0.097656 0.097656
0 0.912109 0.710938 0.097656 0.097656
0 0.914551 0.813477 0.084961 0.085938
0 0.916016 0.924316 0.109375 0.110352
0 0.821289 0.854980 0.097656 0.098633
0 0.820312 0.752930 0.085938 0.085938
0 0.818359 0.643066 0.097656 0.098633
0 0.819336 0.527344 0.109375 0.111328
0 0.727539 0.590820 0.085938 0.085938
0 0.727539 0.679688 0.097656 0.097656
0 0.726562 0.788574 0.097656 0.098633
0 0.728516 0.897949 0.109375 0.110352
0 0.626465 0.850098 0.110352 0.110352
0 0.630859 0.735352 0.097656 0.097656
0 0.626953 0.629883 0.097656 0.097656
0 0.540527 0.250977 0.084961 0.085938
0 0.442383 0.293945 0.085938 0.085938
0 0.258789 0.297852 0.048828 0.048828
0 0.540039 0.579102 0.097656 0.097656
0 0.549316 0.460938 0.084961 0.085938
0 0.535156 0.707031 0.085938 0.085938
1 0.540039 0.808105 0.097656 0.098633
0 0.540039 0.901855 0.097656 0.098633
0 0.440430 0.851074 0.109375 0.110352
0 0.439453 0.743164 0.097656 0.097656
0 0.448242 0.635254 0.109375 0.110352
0 0.448730 0.504883 0.110352 0.111328
0 0.350586 0.457031 0.085938 0.085938
0 0.352539 0.577637 0.097656 0.098633
0 0.348633 0.689453 0.097656 0.097656
0 0.342285 0.802734 0.110352 0.111328
0 0.354980 0.906738 0.110352 0.110352
0 0.251953 0.844238 0.109375 0.110352
0 0.256836 0.738770 0.109375 0.110352
1 0.254395 0.626953 0.110352 0.111328
0 0.262695 0.512207 0.109375 0.110352
0 0.169434 0.465332 0.110352 0.110352
0 0.161621 0.351074 0.110352 0.110352
0 0.160156 0.568359 0.109375 0.111328
0 0.163086 0.669922 0.097656 0.097656
0 0.158691 0.794434 0.110352 0.110352
0 0.167480 0.888184 0.110352 0.110352
0 0.069824 0.395020 0.110352 0.110352
0 0.069824 0.509766 0.110352 0.111328
0 0.072266 0.628418 0.109375 0.110352
0 0.064453 0.725586 0.109375 0.111328
0 0.068359 0.828613 0.109375 0.110352