0 0.359863 0.463379 0.073242 0.073242
0 0.449707 0.609375 0.073242 0.074219
0 0.450684 0.504395 0.073242 0.073242
0 0.546387 0.547363 0.073242 0.073242
0 0.266113 0.526367 0.084961 0.085938
0 0.361816 0.558594 0.073242 0.074219
0 0.366699 0.674805 0.073242 0.074219
0 0.549805 0.652344 0.085938 0.085938
0 0.453613 0.729492 0.073242 0.074219
0 0.921387 0.590820 0.073242 0.074219
0 0.905762 0.483398 0.073242 0.074219
0 0.735840 0.914551 0.073242 0.073242
0 0.724121 0.801270 0.073242 0.073242
0 0.920410 0.792480 0.073242 0.073242
0 0.642578 0.847656 0.085938 0.085938
0 0.921387 0.679199 0.073242 0.073242
0 0.636230 0.729004 0.073242 0.073242
0 0.079102 0.126953 0.097656 0.097656
0 0.178711 0.074219 0.097656 0.097656
0 0.172363 0.168945 0.084961 0.085938
0 0.269531 0.123047 0.085938 0.085938
0 0.363281 0.064453 0.085938 0.085938
0 0.360352 0.171875 0.085938 0.085938
0 0.456055 0.113770 0.097656 0.098633
0 0.553711 0.066895 0.097656 0.098633
0 0.650391 0.119629 0.097656 0.098633
0 0.748047 0.071289 0.085938 0.085938
0 0.083496 0.419922 0.122070 0.123047
0 0.079590 0.540039 0.122070 0.123047
0 0.081543 0.648438 0.084961 0.085938
0 0.079102 0.769043 0.097656 0.098633
0 0.173828 0.371094 0.097656 0.097656
0 0.177734 0.484375 0.097656 0.097656
0 0.177734 0.588867 0.097656 0.097656
0 0.179688 0.703125 0.097656 0.097656
0 0.179199 0.809570 0.122070 0.123047
0 0.077637 0.879395 0.073242 0.073242
0 0.179199 0.919922 0.122070 0.123047
0 0.264160 0.422852 0.073242 0.074219
0 0.271484 0.644531 0.085938 0.085938
0 0.268555 0.757812 0.097656 0.097656
0 0.269043 0.868164 0.122070 0.123047
0 0.358398 0.365723 0.060547 0.061523
0 0.360352 0.807617 0.097656 0.097656
0 0.446289 0.397949 0.060547 0.061523
0 0.460449 0.868164 0.084961 0.085938
0 0.534668 0.350098 0.061523 0.061523
0 0.535645 0.437012 0.061523 0.061523
0 0.553711 0.789062 0.085938 0.085938
0 0.553223 0.905273 0.084961 0.085938
0 0.640625 0.417480 0.048828 0.049805
0 0.639648 0.520996 0.048828 0.049805
0 0.643066 0.630371 0.073242 0.073242
0 0.714844 0.380371 0.060547 0.061523
0 0.718750 0.478027 0.060547 0.061523
0 0.718750 0.562988 0.060547 0.061523
0 0.728027 0.671387 0.061523 0.061523
0 0.803223 0.432129 0.061523 0.061523
0 0.811035 0.537598 0.073242 0.073242
0 0.824707 0.625488 0.073242 0.073242
0 0.822754 0.736816 0.073242 0.073242
0 0.825684 0.857910 0.073242 0.073242
0 0.893066 0.371582 0.061523 0.061523
0 0.936523 0.906738 0.085938 0.086914
0 0.367188 0.922852 0.085938 0.085938