0 0.562012 0.477051 0.073242 0.073242
0 0.651855 0.623047 0.073242 0.074219
0 0.652832 0.518066 0.073242 0.073242
0 0.748535 0.561035 0.073242 0.073242
0 0.468262 0.540039 0.084961 0.085938
0 0.563965 0.572266 0.073242 0.074219
0 0.568848 0.688477 0.073242 0.074219
0 0.751953 0.666016 0.085938 0.085938
0 0.655762 0.743164 0.073242 0.074219
0 0.937988 0.928223 0.073242 0.073242
0 0.926270 0.814941 0.073242 0.073242
0 0.844727 0.861328 0.085938 0.085938
0 0.838379 0.742676 0.073242 0.073242
0 0.087891 0.141113 0.097656 0.098633
0 0.191406 0.090820 0.097656 0.097656
0 0.281250 0.140625 0.097656 0.097656
0 0.380859 0.087891 0.097656 0.097656
0 0.374512 0.182617 0.084961 0.085938
0 0.471680 0.136719 0.085938 0.085938
0 0.565430 0.078125 0.085938 0.085938
0 0.562500 0.185547 0.085938 0.085938
0 0.658203 0.127441 0.097656 0.098633
0 0.755859 0.080566 0.097656 0.098633
0 0.852539 0.133301 0.097656 0.098633
0 0.950195 0.084961 0.085938 0.085938
0 0.091309 0.432617 0.122070 0.123047
0 0.079590 0.541016 0.122070 0.123047
0 0.086914 0.661621 0.097656 0.098633
0 0.087891 0.760254 0.097656 0.098633
0 0.084473 0.879883 0.122070 0.123047
0 0.185059 0.377930 0.073242 0.074219
0 0.190430 0.490234 0.097656 0.097656
0 0.196777 0.603516 0.122070 0.123047
0 0.192383 0.716309 0.097656 0.098633
0 0.180664 0.818848 0.097656 0.098633
0 0.285645 0.433594 0.122070 0.123047
0 0.281738 0.553711 0.122070 0.123047
0 0.283691 0.662109 0.084961 0.085938
0 0.281250 0.782715 0.097656 0.098633
0 0.375977 0.384766 0.097656 0.097656
0 0.379883 0.498047 0.097656 0.097656
0 0.379883 0.602539 0.097656 0.097656
0 0.381836 0.716797 0.097656 0.097656
0 0.381348 0.823242 0.122070 0.123047
0 0.279785 0.893066 0.073242 0.073242
0 0.381348 0.933594 0.122070 0.123047
0 0.466309 0.436523 0.073242 0.074219
0 0.473633 0.658203 0.085938 0.085938
0 0.470703 0.771484 0.097656 0.097656
0 0.471191 0.881836 0.122070 0.123047
0 0.560547 0.379395 0.060547 0.061523
0 0.562500 0.821289 0.097656 0.097656
0 0.648438 0.411621 0.060547 0.061523
0 0.662598 0.881836 0.084961 0.085938
0 0.736816 0.363770 0.061523 0.061523
0 0.737793 0.450684 0.061523 0.061523
0 0.755859 0.802734 0.085938 0.085938
0 0.755371 0.918945 0.084961 0.085938
0 0.842773 0.431152 0.048828 0.049805
0 0.841797 0.534668 0.048828 0.049805
0 0.845215 0.644043 0.073242 0.073242
0 0.916992 0.394043 0.060547 0.061523
0 0.920898 0.491699 0.060547 0.061523
0 0.920898 0.576660 0.060547 0.061523
0 0.930176 0.685059 0.061523 0.061523
0 0.569336 0.936523 0.085938 0.085938
0 0.176758 0.933105 0.097656 0.098633