0 0.349121 0.076660 0.073242 0.073242
0 0.422363 0.227539 0.073242 0.074219
0 0.601074 0.919922 0.073242 0.074219
0 0.797363 0.771484 0.073242 0.074219
0 0.902832 0.397461 0.110352 0.111328
0 0.906738 0.522461 0.122070 0.123047
0 0.899902 0.627930 0.084961 0.085938
0 0.882812 0.745117 0.085938 0.085938
0 0.885254 0.830566 0.084961 0.086914
0 0.891602 0.938477 0.097656 0.097656
0 0.807129 0.346191 0.110352 0.110352
0 0.811035 0.455566 0.110352 0.110352
0 0.808594 0.567871 0.097656 0.098633
0 0.810547 0.666504 0.097656 0.098633
0 0.718750 0.753418 0.060547 0.061523
0 0.718262 0.856445 0.073242 0.074219
0 0.721191 0.942383 0.084961 0.085938
0 0.712891 0.412598 0.109375 0.110352
0 0.720215 0.509277 0.110352 0.110352
0 0.717773 0.624512 0.109375 0.110352
0 0.622070 0.351562 0.085938 0.085938
0 0.617188 0.462402 0.109375 0.110352
0 0.619629 0.568848 0.110352 0.110352
0 0.619141 0.668945 0.109375 0.111328
0 0.607422 0.811035 0.097656 0.098633
0 0.523438 0.858887 0.097656 0.098633
0 0.538086 0.744141 0.085938 0.085938
0 0.523926 0.400879 0.084961 0.086914
0 0.530273 0.504883 0.097656 0.097656
0 0.523438 0.636230 0.097656 0.098633
0 0.421875 0.344727 0.085938 0.085938
0 0.423340 0.458008 0.084961 0.085938
0 0.430664 0.571289 0.097656 0.097656
0 0.434570 0.674316 0.109375 0.110352
0 0.444824 0.811523 0.084961 0.085938
0 0.435547 0.905762 0.097656 0.098633
0 0.337402 0.859863 0.110352 0.110352
0 0.340332 0.732422 0.110352 0.111328
0 0.342773 0.630859 0.109375 0.111328
0 0.340820 0.515137 0.097656 0.098633
1 0.341309 0.403320 0.073242 0.074219
0 0.243652 0.340820 0.084961 0.085938
0 0.240723 0.461914 0.084961 0.085938
0 0.243164 0.570801 0.109375 0.110352
0 0.246094 0.679199 0.097656 0.098633
0 0.251953 0.802734 0.085938 0.085938
0 0.247070 0.901367 0.109375 0.111328
0 0.156738 0.847656 0.084961 0.085938
0 0.165527 0.738281 0.084961 0.085938
0 0.168457 0.625977 0.084961 0.085938
0 0.168945 0.520020 0.097656 0.098633
0 0.154297 0.415039 0.085938 0.085938
0 0.060547 0.344238 0.097656 0.098633
0 0.056152 0.468262 0.110352 0.110352
0 0.057129 0.574707 0.110352 0.110352
0 0.061035 0.684082 0.096680 0.098633
0 0.062012 0.788086 0.084961 0.085938
0 0.054688 0.903809 0.097656 0.098633
1 0.346191 0.279297 0.073242 0.074219
1 0.341309 0.171387 0.073242 0.073242
0 0.248047 0.129883 0.085938 0.085938
0 0.248047 0.245117 0.085938 0.085938
1 0.437012 0.133789 0.073242 0.074219
0 0.900879 0.091797 0.084961 0.085938
0 0.905762 0.194336 0.084961 0.085938
0 0.811523 0.239746 0.097656 0.098633
0 0.806152 0.132812 0.110352 0.111328
0 0.725098 0.079590 0.110352 0.110352
0 0.719727 0.182129 0.109375 0.110352
0 0.626465 0.233887 0.110352 0.110352
0 0.719727 0.297852 0.085938 0.085938
0 0.631836 0.140625 0.109375 0.111328
0 0.527344 0.059570 0.085938 0.085938
0 0.532227 0.179688 0.085938 0.085938
0 0.530762 0.286133 0.084961 0.085938
0 0.160156 0.086914 0.085938 0.085938
0 0.161133 0.176758 0.085938 0.085938
0 0.061523 0.124512 0.097656 0.098633
0 0.060547 0.238770 0.097656 0.098633
0 0.165039 0.289551 0.097656 0.098633
0 0.909668 0.305176 0.110352 0.110352
0 0.801758 0.875488 0.097656 0.098633