0 0.105957 0.876953 0.073242 0.074219
0 0.118164 0.103027 0.109375 0.110352
0 0.112305 0.212402 0.109375 0.110352
0 0.107422 0.322754 0.109375 0.110352
0 0.207031 0.053711 0.097656 0.097656
0 0.208984 0.156738 0.109375 0.110352
0 0.211914 0.270996 0.097656 0.098633
0 0.206055 0.381348 0.109375 0.110352
0 0.305176 0.108398 0.110352 0.111328
0 0.301270 0.218262 0.110352 0.110352
0 0.308105 0.333496 0.110352 0.110352
0 0.401855 0.163086 0.110352 0.111328
0 0.402832 0.275391 0.110352 0.111328
0 0.398926 0.391113 0.110352 0.110352
0 0.493164 0.111816 0.109375 0.110352
0 0.493164 0.216797 0.109375 0.111328
0 0.492188 0.331055 0.109375 0.111328
0 0.587402 0.162598 0.110352 0.110352
0 0.589844 0.273438 0.097656 0.097656
0 0.592773 0.390625 0.109375 0.111328
0 0.687988 0.103027 0.110352 0.110352
0 0.687988 0.223145 0.110352 0.110352
0 0.683105 0.332520 0.110352 0.110352
0 0.686523 0.442383 0.097656 0.097656
0 0.487305 0.437012 0.109375 0.110352
0 0.784180 0.044434 0.085938 0.086914
0 0.879395 0.662109 0.110352 0.111328
0 0.877441 0.775391 0.110352 0.111328
0 0.876953 0.887695 0.097656 0.097656
0 0.779785 0.614258 0.110352 0.111328
0 0.779297 0.717773 0.109375 0.111328
0 0.776367 0.839355 0.109375 0.110352
0 0.778320 0.946777 0.097656 0.098633
0 0.681641 0.665527 0.109375 0.110352
0 0.686523 0.773926 0.097656 0.098633
0 0.687500 0.884277 0.097656 0.098633
0 0.684570 0.554688 0.109375 0.111328
0 0.587891 0.611816 0.109375 0.110352
0 0.584473 0.715820 0.084961 0.085938
0 0.588867 0.817871 0.097656 0.098633
0 0.590820 0.940918 0.097656 0.098633
0 0.491699 0.554199 0.110352 0.110352
0 0.490723 0.656738 0.110352 0.110352
0 0.499023 0.769043 0.097656 0.098633
0 0.493164 0.874512 0.097656 0.098633
0 0.395996 0.606934 0.110352 0.110352
0 0.401367 0.711426 0.109375 0.110352
0 0.402344 0.824707 0.097656 0.098633
0 0.401367 0.938965 0.097656 0.098633
0 0.299805 0.553223 0.085938 0.086914
0 0.301758 0.661621 0.109375 0.110352
0 0.302734 0.768066 0.097656 0.098633
0 0.301758 0.881348 0.097656 0.098633
0 0.203125 0.602051 0.109375 0.110352
0 0.208008 0.713379 0.097656 0.098633
0 0.204590 0.820312 0.084961 0.085938
0 0.206543 0.929688 0.084961 0.085938
0 0.107422 0.539551 0.097656 0.098633
0 0.105957 0.654297 0.084961 0.085938
0 0.111816 0.770508 0.084961 0.085938
0 0.589844 0.499512 0.109375 0.110352
0 0.397949 0.497070 0.084961 0.085938
0 0.300781 0.434082 0.109375 0.110352
0 0.207031 0.491699 0.109375 0.110352
0 0.111816 0.434082 0.110352 0.110352