0 0.791504 0.917969 0.073242 0.074219
0 0.890137 0.410156 0.084961 0.085938
0 0.885254 0.305664 0.084961 0.085938
0 0.885254 0.187500 0.084961 0.085938
0 0.803711 0.144531 0.085938 0.085938
0 0.696777 0.196289 0.084961 0.085938
0 0.700195 0.287598 0.085938 0.086914
0 0.797363 0.246094 0.084961 0.085938
0 0.793457 0.343750 0.084961 0.085938
0 0.134766 0.081543 0.097656 0.098633
0 0.131836 0.194824 0.097656 0.098633
0 0.125000 0.298828 0.097656 0.097656
0 0.128906 0.398926 0.109375 0.110352
0 0.227539 0.355957 0.097656 0.098633
0 0.227539 0.245605 0.109375 0.110352
0 0.226074 0.144043 0.110352 0.110352
0 0.320312 0.085449 0.097656 0.098633
0 0.326172 0.190918 0.097656 0.098633
0 0.325195 0.312988 0.097656 0.098633
0 0.321777 0.413086 0.084961 0.085938
0 0.416016 0.363770 0.097656 0.098633
0 0.413574 0.248535 0.110352 0.110352
0 0.418945 0.141602 0.109375 0.111328
0 0.519531 0.091309 0.109375 0.110352
0 0.506836 0.202637 0.097656 0.098633
0 0.510742 0.314941 0.097656 0.098633
0 0.511719 0.420410 0.097656 0.098633
0 0.617188 0.360352 0.097656 0.097656
0 0.617676 0.257812 0.084961 0.085938
0 0.607422 0.140625 0.109375 0.111328
0 0.702148 0.075684 0.097656 0.098633
0 0.701172 0.422852 0.097656 0.097656
0 0.897461 0.053711 0.097656 0.097656
0 0.883301 0.863281 0.084961 0.085938
0 0.500977 0.861816 0.097656 0.098633
0 0.408203 0.813477 0.097656 0.097656
0 0.410156 0.909668 0.097656 0.098633
0 0.310547 0.855957 0.097656 0.098633
0 0.221680 0.896484 0.109375 0.111328
0 0.125977 0.849609 0.109375 0.111328
0 0.798340 0.477539 0.084961 0.085938
0 0.785645 0.585449 0.110352 0.110352
0 0.690430 0.523926 0.109375 0.110352
0 0.690430 0.639160 0.097656 0.098633
0 0.616211 0.459473 0.085938 0.086914
0 0.617188 0.558105 0.097656 0.098633
0 0.611816 0.679688 0.084961 0.085938
0 0.509766 0.732422 0.097656 0.097656
0 0.503906 0.625488 0.097656 0.098633
0 0.503906 0.539551 0.097656 0.098633
0 0.410156 0.473145 0.097656 0.098633
0 0.409180 0.580566 0.109375 0.110352
0 0.408203 0.692383 0.097656 0.097656
0 0.322266 0.736328 0.097656 0.097656
0 0.314453 0.521484 0.097656 0.097656
0 0.319336 0.634766 0.097656 0.097656
0 0.227539 0.471680 0.097656 0.097656
0 0.227539 0.585938 0.097656 0.097656
0 0.219727 0.696289 0.097656 0.097656
0 0.219238 0.797363 0.110352 0.110352
0 0.130859 0.746582 0.097656 0.098633
0 0.128418 0.634277 0.110352 0.110352
0 0.128418 0.511719 0.110352 0.111328