0 0.869629 0.154785 0.073242 0.073242
0 0.871094 0.259277 0.097656 0.098633
0 0.869141 0.372559 0.097656 0.098633
0 0.771484 0.086426 0.097656 0.098633
0 0.768555 0.216309 0.097656 0.098633
0 0.774414 0.321777 0.109375 0.110352
0 0.683594 0.161621 0.097656 0.098633
0 0.683594 0.262207 0.097656 0.098633
0 0.677734 0.375977 0.109375 0.111328
0 0.584961 0.095215 0.109375 0.110352
0 0.586914 0.204590 0.109375 0.110352
0 0.585449 0.316406 0.110352 0.111328
0 0.492188 0.143555 0.097656 0.097656
0 0.493652 0.253906 0.110352 0.111328
0 0.493652 0.372559 0.110352 0.110352
0 0.401855 0.101562 0.110352 0.111328
0 0.392578 0.210938 0.097656 0.097656
0 0.402344 0.328613 0.109375 0.110352
0 0.302734 0.157715 0.060547 0.061523
0 0.298828 0.264160 0.109375 0.110352
0 0.300781 0.374512 0.109375 0.110352
0 0.211914 0.092285 0.109375 0.110352
0 0.203613 0.200684 0.110352 0.110352
0 0.207520 0.320801 0.110352 0.110352
0 0.110840 0.138184 0.061523 0.061523
0 0.111816 0.259277 0.110352 0.110352
0 0.111328 0.375488 0.109375 0.110352
0 0.111816 0.483887 0.110352 0.110352
0 0.109375 0.594238 0.109375 0.110352
0 0.107422 0.701660 0.109375 0.110352
0 0.109375 0.801758 0.109375 0.111328
0 0.202637 0.430176 0.110352 0.110352
0 0.205566 0.541504 0.110352 0.110352
0 0.206543 0.644043 0.110352 0.110352
0 0.202148 0.762207 0.097656 0.098633
0 0.294922 0.489746 0.109375 0.110352
0 0.299805 0.599121 0.097656 0.098633
0 0.298340 0.702637 0.110352 0.110352
0 0.401367 0.425293 0.097656 0.098633
0 0.397461 0.533691 0.097656 0.098633
0 0.404297 0.648926 0.109375 0.110352
0 0.405762 0.760254 0.110352 0.110352
0 0.494629 0.482910 0.110352 0.110352
0 0.496094 0.592285 0.109375 0.110352
0 0.494141 0.695801 0.109375 0.110352
0 0.592285 0.423828 0.110352 0.111328
0 0.587402 0.540527 0.110352 0.110352
0 0.589355 0.644043 0.110352 0.110352
0 0.583496 0.756348 0.110352 0.110352
0 0.685547 0.481445 0.109375 0.111328
0 0.682617 0.593262 0.109375 0.110352
0 0.680664 0.701660 0.097656 0.098633
0 0.682617 0.817871 0.097656 0.098633
0 0.776855 0.422363 0.110352 0.110352
0 0.775391 0.543945 0.085938 0.085938
0 0.775391 0.650391 0.097656 0.097656
0 0.780273 0.761230 0.097656 0.098633
0 0.871582 0.480957 0.110352 0.110352
0 0.870605 0.585938 0.110352 0.111328
0 0.871094 0.708008 0.109375 0.111328
0 0.867188 0.813965 0.109375 0.110352
0 0.872070 0.922363 0.097656 0.098633
0 0.772461 0.866699 0.109375 0.110352
0 0.682617 0.919434 0.097656 0.098633
0 0.588867 0.870605 0.109375 0.110352
0 0.498047 0.816895 0.109375 0.110352
0 0.497070 0.925293 0.097656 0.098633
0 0.401855 0.879395 0.110352 0.110352
0 0.295410 0.815918 0.110352 0.110352
0 0.300293 0.927246 0.110352 0.110352
0 0.203125 0.877930 0.097656 0.097656
0 0.108398 0.922852 0.109375 0.111328