0 0.064941 0.094238 0.084961 0.086914
0 0.067383 0.241211 0.097656 0.097656
0 0.060547 0.354492 0.097656 0.097656
0 0.056641 0.459473 0.097656 0.098633
0 0.060547 0.570312 0.097656 0.097656
0 0.057617 0.671875 0.085938 0.085938
0 0.154297 0.724121 0.097656 0.098633
0 0.149414 0.521973 0.097656 0.098633
0 0.152344 0.399902 0.097656 0.098633
0 0.160156 0.294434 0.097656 0.098633
0 0.154297 0.147949 0.097656 0.098633
0 0.250977 0.129395 0.109375 0.110352
0 0.245605 0.239746 0.110352 0.110352
0 0.243164 0.340332 0.097656 0.098633
0 0.246582 0.432617 0.110352 0.111328
0 0.250488 0.565430 0.110352 0.111328
0 0.243652 0.674316 0.110352 0.110352
0 0.341797 0.725586 0.097656 0.097656
0 0.345703 0.614746 0.097656 0.098633
0 0.345703 0.500488 0.097656 0.098633
0 0.340820 0.392090 0.109375 0.110352
0 0.341309 0.284668 0.110352 0.110352
0 0.343750 0.163574 0.097656 0.098633
0 0.345215 0.065918 0.084961 0.086914
0 0.443359 0.122070 0.097656 0.097656
0 0.432617 0.227051 0.097656 0.098633
0 0.436523 0.336426 0.109375 0.110352
0 0.432617 0.448730 0.109375 0.110352
0 0.427734 0.562988 0.097656 0.098633
0 0.432617 0.669434 0.097656 0.098633
0 0.522949 0.732422 0.084961 0.085938
0 0.528320 0.603516 0.085938 0.085938
0 0.528320 0.493164 0.085938 0.085938
0 0.532715 0.075195 0.110352 0.111328
0 0.528320 0.168945 0.097656 0.097656
0 0.530273 0.287109 0.097656 0.097656
0 0.528320 0.387207 0.097656 0.098633
0 0.621094 0.669922 0.085938 0.085938
0 0.637695 0.559082 0.097656 0.098633
0 0.631836 0.448730 0.109375 0.110352
0 0.629395 0.340820 0.084961 0.085938
0 0.634766 0.232422 0.085938 0.085938
0 0.639648 0.125977 0.109375 0.111328
0 0.721191 0.075195 0.084961 0.085938
0 0.725098 0.179688 0.084961 0.085938
0 0.718750 0.300293 0.097656 0.098633
0 0.723633 0.395508 0.097656 0.097656
0 0.717773 0.507324 0.097656 0.098633
0 0.710449 0.617676 0.110352 0.110352
0 0.708984 0.730957 0.097656 0.098633
0 0.809570 0.663574 0.097656 0.098633
0 0.819336 0.565918 0.097656 0.098633
0 0.816406 0.448730 0.109375 0.110352
0 0.813965 0.349609 0.084961 0.085938
0 0.815430 0.229004 0.097656 0.098633
0 0.816895 0.116211 0.084961 0.085938
0 0.904785 0.068848 0.110352 0.110352
0 0.905762 0.171875 0.110352 0.111328
0 0.912109 0.281250 0.109375 0.111328
0 0.911133 0.396973 0.097656 0.098633
0 0.908203 0.510254 0.097656 0.098633
0 0.901367 0.614258 0.097656 0.097656
0 0.905273 0.714355 0.109375 0.110352
0 0.904785 0.827148 0.110352 0.111328
1 0.813477 0.891602 0.085938 0.085938
0 0.810547 0.757812 0.097656 0.097656
0 0.717773 0.835449 0.109375 0.110352
0 0.622559 0.892090 0.110352 0.110352
0 0.623047 0.781738 0.097656 0.098633
0 0.523438 0.840332 0.097656 0.098633
0 0.429688 0.890625 0.085938 0.085938
0 0.428711 0.784180 0.085938 0.085938
0 0.337891 0.830566 0.097656 0.098633
0 0.334961 0.937988 0.097656 0.098633
0 0.240723 0.904785 0.110352 0.110352
0 0.246582 0.778809 0.110352 0.110352
0 0.156250 0.831055 0.097656 0.097656
0 0.156250 0.942383 0.097656 0.097656
0 0.061523 0.894531 0.097656 0.097656
0 0.053711 0.788086 0.097656 0.097656