0 0.572266 0.881348 0.085938 0.086914
0 0.387695 0.091797 0.097656 0.097656
0 0.382812 0.196289 0.097656 0.097656
0 0.377930 0.312988 0.097656 0.098633
0 0.479004 0.254883 0.073242 0.074219
0 0.566406 0.097168 0.097656 0.098633
0 0.576172 0.208008 0.097656 0.097656
0 0.578125 0.318359 0.097656 0.097656
0 0.664062 0.147949 0.109375 0.110352
0 0.663086 0.266113 0.109375 0.110352
0 0.664062 0.374023 0.109375 0.111328
0 0.754395 0.096191 0.110352 0.110352
0 0.762207 0.208496 0.110352 0.110352
0 0.763672 0.316895 0.109375 0.110352
0 0.859863 0.149902 0.110352 0.110352
0 0.862793 0.261230 0.110352 0.110352
0 0.861816 0.376465 0.110352 0.110352
1 0.853027 0.483887 0.110352 0.110352
0 0.948242 0.875000 0.085938 0.085938
0 0.852051 0.606445 0.073242 0.074219
0 0.855469 0.705078 0.097656 0.097656
0 0.848633 0.823242 0.097656 0.097656
0 0.752930 0.429199 0.109375 0.110352
0 0.755859 0.540039 0.109375 0.111328
0 0.759766 0.640625 0.109375 0.111328
0 0.752930 0.760254 0.097656 0.098633
0 0.753418 0.876953 0.084961 0.085938
0 0.666992 0.477539 0.109375 0.111328
0 0.667480 0.584961 0.084961 0.085938
0 0.664062 0.710449 0.097656 0.098633
0 0.671875 0.819824 0.097656 0.098633
0 0.566895 0.444336 0.110352 0.111328
0 0.569824 0.552734 0.084961 0.085938
0 0.562988 0.671875 0.084961 0.085938
0 0.569336 0.775391 0.085938 0.085938
0 0.478027 0.385742 0.084961 0.085938
0 0.484863 0.499512 0.024414 0.024414
0 0.478516 0.618164 0.037109 0.037109
0 0.480957 0.724121 0.024414 0.024414
0 0.475098 0.837402 0.024414 0.024414
0 0.383301 0.645996 0.024414 0.024414
0 0.383301 0.756348 0.024414 0.024414
0 0.379395 0.871582 0.024414 0.024414
0 0.385742 0.421387 0.097656 0.098633
0 0.383789 0.526855 0.097656 0.098633
0 0.375488 0.980957 0.024414 0.024414
0 0.476074 0.924316 0.024414 0.024414
0 0.675781 0.923828 0.085938 0.085938
0 0.848633 0.929199 0.097656 0.098633
0 0.092773 0.611816 0.097656 0.098633
0 0.096680 0.715332 0.109375 0.110352
0 0.087891 0.826172 0.097656 0.097656
0 0.092773 0.937500 0.097656 0.097656