0 0.863770 0.142578 0.073242 0.074219
0 0.673340 0.719727 0.073242 0.074219
0 0.677246 0.369629 0.073242 0.073242
0 0.866699 0.496094 0.073242 0.074219
0 0.954590 0.642090 0.073242 0.073242
0 0.772949 0.549316 0.073242 0.073242
0 0.864258 0.700195 0.085938 0.085938
0 0.852539 0.813477 0.085938 0.085938
0 0.672852 0.953125 0.085938 0.085938
0 0.573242 0.659668 0.097656 0.098633
0 0.570801 0.775879 0.110352 0.110352
0 0.472656 0.822754 0.097656 0.098633
0 0.481934 0.714355 0.110352 0.110352
0 0.383789 0.757324 0.109375 0.110352
0 0.295898 0.705078 0.085938 0.085938
0 0.285156 0.809570 0.085938 0.085938
0 0.289062 0.934570 0.085938 0.085938
0 0.383301 0.869141 0.084961 0.085938
0 0.477539 0.939453 0.085938 0.085938
0 0.576172 0.886719 0.085938 0.085938
0 0.762207 0.761719 0.084961 0.085938
0 0.760742 0.887695 0.085938 0.085938
0 0.675293 0.833008 0.084961 0.085938
0 0.196289 0.655762 0.097656 0.098633
0 0.200195 0.771484 0.085938 0.085938
0 0.198242 0.879395 0.097656 0.098633
0 0.105469 0.720703 0.097656 0.097656
0 0.106445 0.823242 0.097656 0.097656
0 0.106934 0.933594 0.084961 0.085938
0 0.864746 0.605469 0.073242 0.074219
0 0.108398 0.604980 0.097656 0.098633
0 0.115234 0.494141 0.097656 0.097656
0 0.107422 0.386230 0.097656 0.098633
0 0.110352 0.275391 0.097656 0.097656
0 0.109375 0.162598 0.097656 0.098633
0 0.117188 0.051758 0.097656 0.097656
0 0.203125 0.101074 0.097656 0.098633
0 0.202148 0.215820 0.097656 0.097656
0 0.198242 0.331543 0.097656 0.098633
0 0.201660 0.436523 0.084961 0.085938
0 0.201172 0.538574 0.097656 0.098633
0 0.297363 0.589355 0.110352 0.110352
0 0.295898 0.480957 0.109375 0.110352
0 0.291016 0.373535 0.109375 0.110352
0 0.297363 0.271973 0.110352 0.110352
0 0.296387 0.158691 0.110352 0.110352
0 0.394531 0.097656 0.109375 0.111328
0 0.386719 0.209473 0.109375 0.110352
0 0.389160 0.314453 0.084961 0.085938
0 0.391602 0.404297 0.085938 0.085938
0 0.386719 0.537598 0.097656 0.098633
0 0.487305 0.602539 0.109375 0.111328
0 0.387695 0.649414 0.085938 0.085938
0 0.483398 0.477539 0.085938 0.085938
0 0.483398 0.385254 0.097656 0.098633
0 0.482422 0.264160 0.097656 0.098633
0 0.487793 0.160156 0.084961 0.085938
0 0.579102 0.093750 0.097656 0.097656
0 0.582031 0.229004 0.097656 0.098633
0 0.580078 0.317871 0.097656 0.098633
0 0.571289 0.435059 0.109375 0.110352
0 0.572266 0.546387 0.109375 0.110352
0 0.671875 0.607422 0.085938 0.085938
0 0.678711 0.492188 0.085938 0.085938
0 0.676270 0.264648 0.084961 0.085938
0 0.670898 0.129395 0.097656 0.098633
0 0.768066 0.186523 0.084961 0.085938
0 0.767578 0.317871 0.097656 0.098633
0 0.768555 0.433594 0.097656 0.097656
0 0.866211 0.376465 0.109375 0.110352
0 0.862305 0.258301 0.097656 0.098633