0 0.276855 0.639648 0.073242 0.074219
0 0.278809 0.725586 0.073242 0.074219
0 0.479980 0.707520 0.073242 0.073242
0 0.473145 0.491211 0.073242 0.074219
0 0.198730 0.692871 0.073242 0.073242
0 0.391602 0.820801 0.060547 0.061523
0 0.196777 0.790527 0.073242 0.073242
0 0.950684 0.334961 0.073242 0.074219
0 0.945312 0.212891 0.085938 0.085938
0 0.858398 0.403320 0.085938 0.085938
0 0.860840 0.495605 0.110352 0.110352
0 0.853516 0.607910 0.097656 0.098633
0 0.944824 0.748535 0.073242 0.073242
0 0.767578 0.104004 0.097656 0.098633
1 0.760742 0.218750 0.085938 0.085938
0 0.763184 0.324219 0.084961 0.085938
0 0.764160 0.440918 0.110352 0.110352
0 0.768066 0.549316 0.110352 0.110352
0 0.766602 0.658691 0.109375 0.110352
0 0.763672 0.776855 0.097656 0.098633
0 0.671875 0.070312 0.097656 0.097656
0 0.676758 0.161621 0.097656 0.098633
0 0.662109 0.265625 0.097656 0.097656
0 0.663086 0.393066 0.097656 0.098633
0 0.658203 0.502441 0.097656 0.098633
0 0.654297 0.607910 0.097656 0.098633
0 0.665527 0.716797 0.084961 0.085938
0 0.569824 0.764648 0.084961 0.085938
0 0.578613 0.117188 0.110352 0.111328
0 0.582520 0.242188 0.122070 0.123047
0 0.575684 0.347656 0.084961 0.085938
0 0.558594 0.464844 0.085938 0.085938
0 0.561035 0.550293 0.084961 0.086914
0 0.567383 0.658203 0.097656 0.097656
0 0.482910 0.065918 0.110352 0.110352
0 0.486816 0.175293 0.110352 0.110352
0 0.484375 0.287598 0.097656 0.098633
0 0.486328 0.386230 0.097656 0.098633
0 0.394531 0.473145 0.060547 0.061523
0 0.394043 0.576172 0.073242 0.074219
0 0.396973 0.662109 0.084961 0.085938
0 0.387695 0.741211 0.085938 0.085938
0 0.262207 0.824707 0.061523 0.061523
0 0.388672 0.132324 0.109375 0.110352
0 0.395996 0.229004 0.110352 0.110352
0 0.393555 0.344238 0.109375 0.110352
0 0.297852 0.071289 0.085938 0.085938
0 0.292969 0.182129 0.109375 0.110352
0 0.295410 0.288574 0.110352 0.110352
0 0.294922 0.388672 0.109375 0.111328
0 0.283203 0.530762 0.097656 0.098633
0 0.199219 0.578613 0.097656 0.098633
0 0.213867 0.463867 0.085938 0.085938
0 0.199707 0.120605 0.084961 0.086914
0 0.206055 0.224609 0.097656 0.097656
0 0.199219 0.355957 0.097656 0.098633
0 0.097656 0.064453 0.085938 0.085938
0 0.099121 0.177734 0.084961 0.085938
0 0.106445 0.291016 0.097656 0.097656
0 0.110352 0.394043 0.109375 0.110352
0 0.120605 0.531250 0.084961 0.085938
0 0.111328 0.625488 0.097656 0.098633
0 0.098145 0.746094 0.084961 0.085938
0 0.477539 0.595215 0.097656 0.098633