0 0.437988 0.278320 0.073242 0.074219
0 0.925293 0.116699 0.110352 0.110352
0 0.918457 0.226074 0.110352 0.110352
0 0.825195 0.058105 0.109375 0.110352
0 0.823242 0.168457 0.109375 0.110352
0 0.820312 0.278809 0.097656 0.098633
0 0.730469 0.114746 0.097656 0.098633
0 0.735352 0.218262 0.097656 0.098633
0 0.634277 0.167480 0.110352 0.110352
0 0.632324 0.276855 0.110352 0.110352
0 0.537109 0.110840 0.097656 0.098633
0 0.538086 0.223633 0.097656 0.097656
0 0.538086 0.325195 0.097656 0.097656
0 0.440430 0.059082 0.097656 0.098633
0 0.438477 0.161133 0.097656 0.097656
0 0.345703 0.106934 0.097656 0.098633
0 0.347168 0.219727 0.084961 0.085938
0 0.251465 0.057129 0.110352 0.110352
0 0.244141 0.170410 0.109375 0.110352
0 0.235352 0.278320 0.109375 0.111328
0 0.157227 0.104004 0.097656 0.098633
0 0.154297 0.229492 0.109375 0.111328
0 0.057617 0.054688 0.085938 0.085938
0 0.058105 0.169922 0.110352 0.111328
0 0.059570 0.638184 0.109375 0.110352
0 0.063965 0.742676 0.110352 0.110352
0 0.137695 0.322266 0.097656 0.097656
0 0.151367 0.464844 0.109375 0.111328
0 0.147461 0.566406 0.109375 0.111328
0 0.146484 0.677246 0.097656 0.098633
0 0.141602 0.787598 0.097656 0.098633
0 0.256836 0.384277 0.097656 0.098633
0 0.250488 0.500977 0.110352 0.111328
0 0.348633 0.341309 0.109375 0.110352
0 0.345703 0.445312 0.085938 0.085938
0 0.345215 0.547852 0.084961 0.085938
0 0.345215 0.656250 0.110352 0.111328
0 0.351074 0.779297 0.110352 0.111328
0 0.444336 0.386719 0.085938 0.085938
0 0.442383 0.497559 0.097656 0.098633
0 0.437500 0.619629 0.097656 0.098633
0 0.440918 0.725586 0.110352 0.111328
0 0.541016 0.448730 0.097656 0.098633
0 0.532227 0.558594 0.085938 0.085938
0 0.534180 0.666504 0.097656 0.098633
0 0.534180 0.779297 0.097656 0.097656
0 0.633301 0.387207 0.110352 0.110352
0 0.639160 0.497559 0.110352 0.110352
0 0.639160 0.608887 0.110352 0.110352
0 0.639648 0.728027 0.109375 0.110352
0 0.722656 0.334473 0.109375 0.110352
0 0.725586 0.447754 0.109375 0.110352
0 0.727051 0.551270 0.110352 0.110352
0 0.729004 0.674316 0.110352 0.110352
0 0.731934 0.781738 0.110352 0.110352
0 0.822266 0.393066 0.109375 0.110352
0 0.828125 0.502441 0.109375 0.110352
0 0.822266 0.611816 0.109375 0.110352
0 0.817383 0.722168 0.109375 0.110352
0 0.912598 0.335938 0.110352 0.111328
0 0.916992 0.453125 0.097656 0.097656
0 0.918945 0.556152 0.109375 0.110352
0 0.921875 0.670410 0.097656 0.098633
0 0.916016 0.780762 0.109375 0.110352
0 0.817383 0.938965 0.097656 0.098633
0 0.916992 0.891113 0.109375 0.110352
0 0.821777 0.833496 0.110352 0.110352
0 0.730469 0.891113 0.097656 0.098633
1 0.633789 0.833008 0.085938 0.085938
1 0.347168 0.876953 0.084961 0.085938
0 0.144531 0.914551 0.109375 0.110352
0 0.438965 0.820801 0.110352 0.110352
0 0.437988 0.943359 0.110352 0.111328
0 0.541992 0.877441 0.097656 0.098633
0 0.641602 0.936035 0.097656 0.098633