0 0.043457 0.627930 0.073242 0.074219
0 0.897461 0.209961 0.109375 0.111328
0 0.896973 0.313965 0.110352 0.110352
0 0.896973 0.430176 0.110352 0.110352
0 0.889160 0.541504 0.110352 0.110352
0 0.602539 0.696289 0.097656 0.097656
0 0.802734 0.258301 0.109375 0.110352
0 0.796387 0.372559 0.110352 0.110352
0 0.798828 0.482910 0.097656 0.098633
0 0.796387 0.596191 0.073242 0.073242
0 0.703125 0.299805 0.085938 0.085938
0 0.698242 0.416504 0.097656 0.098633
0 0.697754 0.537598 0.110352 0.110352
0 0.699219 0.650879 0.109375 0.110352
0 0.602539 0.254883 0.085938 0.085938
0 0.606445 0.375000 0.097656 0.097656
0 0.599609 0.473633 0.097656 0.097656
0 0.607422 0.586914 0.109375 0.111328
0 0.510742 0.304688 0.109375 0.111328
0 0.511719 0.415039 0.109375 0.111328
1 0.511719 0.510254 0.097656 0.098633
0 0.507812 0.640137 0.109375 0.110352
0 0.507812 0.767578 0.097656 0.097656
0 0.420898 0.820801 0.097656 0.098633
0 0.417480 0.708984 0.110352 0.111328
0 0.418457 0.585449 0.110352 0.110352
0 0.415039 0.475098 0.109375 0.110352
0 0.418945 0.362793 0.109375 0.110352
0 0.408691 0.267090 0.110352 0.110352
0 0.330078 0.422852 0.097656 0.097656
0 0.333008 0.527832 0.097656 0.098633
0 0.336914 0.621582 0.097656 0.098633
0 0.333008 0.761230 0.109375 0.110352
0 0.336914 0.872559 0.109375 0.110352
0 0.223145 0.916992 0.110352 0.111328
0 0.223145 0.800781 0.084961 0.085938
0 0.228516 0.578613 0.097656 0.098633
0 0.231445 0.478516 0.109375 0.111328
0 0.225098 0.371582 0.110352 0.110352
0 0.229004 0.250977 0.110352 0.111328
0 0.046387 0.705078 0.084961 0.085938
0 0.906250 0.106934 0.097656 0.098633
0 0.804688 0.152344 0.097656 0.097656
0 0.706055 0.199219 0.085938 0.085938
0 0.710938 0.099121 0.097656 0.098633
0 0.050781 0.141113 0.085938 0.086914
0 0.610352 0.155762 0.109375 0.110352
0 0.518555 0.204102 0.109375 0.111328
0 0.515137 0.092285 0.110352 0.110352
0 0.416504 0.150879 0.110352 0.110352
0 0.333008 0.205078 0.097656 0.097656
0 0.329102 0.067383 0.097656 0.097656
0 0.230469 0.144043 0.097656 0.098633