0 0.566895 0.740234 0.073242 0.074219
0 0.945801 0.071289 0.073242 0.074219
0 0.854004 0.151855 0.073242 0.073242
0 0.665527 0.232422 0.084961 0.085938
0 0.660645 0.127930 0.084961 0.085938
0 0.475586 0.109863 0.085938 0.086914
0 0.572754 0.068359 0.084961 0.085938
0 0.568848 0.166016 0.084961 0.085938
0 0.849121 0.037598 0.061523 0.061523
0 0.100586 0.135254 0.097656 0.098633
0 0.097168 0.235352 0.084961 0.085938
0 0.191406 0.186035 0.097656 0.098633
0 0.188965 0.070801 0.110352 0.110352
0 0.286133 0.137207 0.097656 0.098633
0 0.287109 0.242676 0.097656 0.098633
0 0.392578 0.182617 0.097656 0.097656
0 0.393066 0.080078 0.084961 0.085938
0 0.476562 0.245117 0.097656 0.097656
0 0.756348 0.076172 0.084961 0.085938
0 0.758789 0.206055 0.085938 0.085938
0 0.944336 0.861816 0.097656 0.098633
0 0.852539 0.692383 0.097656 0.097656
0 0.855469 0.805664 0.097656 0.097656
0 0.853516 0.906738 0.097656 0.098633
0 0.752930 0.644531 0.085938 0.085938
0 0.754395 0.743164 0.084961 0.085938
0 0.756836 0.857422 0.085938 0.085938
0 0.658691 0.685547 0.084961 0.085938
0 0.654785 0.788086 0.084961 0.085938
0 0.654785 0.903320 0.084961 0.085938
0 0.561523 0.842773 0.097656 0.097656
0 0.472656 0.779297 0.085938 0.085938
0 0.457031 0.906738 0.097656 0.098633
0 0.276367 0.684082 0.097656 0.098633
0 0.183594 0.635742 0.097656 0.097656
0 0.185547 0.731934 0.097656 0.098633
0 0.180664 0.849121 0.109375 0.110352
0 0.085938 0.678223 0.097656 0.098633
0 0.092773 0.783691 0.097656 0.098633
0 0.087402 0.895996 0.110352 0.110352
0 0.950684 0.414062 0.084961 0.085938
0 0.862305 0.354492 0.097656 0.097656
0 0.853516 0.458008 0.097656 0.097656
0 0.846680 0.575684 0.097656 0.098633
0 0.754395 0.547852 0.084961 0.085938
0 0.573730 0.299805 0.084961 0.085938
0 0.561035 0.407715 0.110352 0.110352
0 0.465820 0.346191 0.109375 0.110352
0 0.465820 0.461426 0.097656 0.098633
0 0.391602 0.281738 0.085938 0.086914
0 0.392578 0.380371 0.097656 0.098633
0 0.387207 0.501953 0.084961 0.085938
0 0.285156 0.554688 0.097656 0.097656
0 0.279297 0.447754 0.097656 0.098633
0 0.279297 0.361816 0.097656 0.098633
0 0.185547 0.295410 0.097656 0.098633
0 0.184570 0.402832 0.109375 0.110352
0 0.183594 0.514648 0.097656 0.097656
0 0.097656 0.558594 0.097656 0.097656
0 0.089844 0.343750 0.097656 0.097656
0 0.094727 0.457031 0.097656 0.097656