0 0.662598 0.956543 0.073242 0.073242
0 0.663574 0.848633 0.084961 0.085938
0 0.871094 0.859863 0.060547 0.061523
0 0.106445 0.102539 0.097656 0.097656
0 0.109863 0.225586 0.084961 0.085938
0 0.110840 0.320312 0.084961 0.085938
0 0.109863 0.443359 0.084961 0.085938
0 0.116211 0.551758 0.085938 0.085938
0 0.083008 0.860840 0.060547 0.061523
0 0.086914 0.958496 0.060547 0.061523
0 0.171387 0.912598 0.061523 0.061523
0 0.261230 0.852051 0.061523 0.061523
0 0.491211 0.846191 0.097656 0.098633
0 0.586914 0.895996 0.097656 0.098633
0 0.772949 0.895020 0.084961 0.086914