0 0.493652 0.098633 0.073242 0.074219
0 0.599121 0.402832 0.073242 0.073242
0 0.303223 0.675781 0.073242 0.074219
0 0.307129 0.325684 0.073242 0.073242
0 0.496582 0.452148 0.073242 0.074219
0 0.584473 0.598145 0.073242 0.073242
0 0.402832 0.505371 0.073242 0.073242
0 0.670410 0.680176 0.073242 0.073242
0 0.667480 0.783203 0.073242 0.074219
0 0.778320 0.613770 0.097656 0.098633
0 0.494141 0.656250 0.085938 0.085938
0 0.482422 0.769531 0.085938 0.085938
0 0.593750 0.711426 0.085938 0.086914
0 0.592285 0.823242 0.084961 0.085938
0 0.662109 0.874023 0.085938 0.085938
0 0.488770 0.902832 0.110352 0.110352
0 0.302734 0.909180 0.085938 0.085938
0 0.203125 0.615723 0.097656 0.098633
0 0.200684 0.731934 0.110352 0.110352
0 0.102539 0.778809 0.097656 0.098633
0 0.111816 0.670410 0.110352 0.110352
0 0.107422 0.895508 0.085938 0.085938
0 0.201660 0.953125 0.084961 0.085938
0 0.206055 0.842773 0.085938 0.085938
0 0.392090 0.717773 0.084961 0.085938
0 0.390625 0.843750 0.085938 0.085938
0 0.389160 0.954102 0.084961 0.085938
0 0.305176 0.789062 0.084961 0.085938
0 0.599121 0.496582 0.073242 0.073242
0 0.494629 0.561523 0.073242 0.074219
0 0.600586 0.200195 0.085938 0.085938
0 0.117188 0.558594 0.109375 0.111328
0 0.113281 0.433594 0.085938 0.085938
0 0.113281 0.341309 0.097656 0.098633
0 0.112305 0.220215 0.097656 0.098633
0 0.117676 0.116211 0.084961 0.085938
0 0.208984 0.049805 0.097656 0.097656
0 0.211914 0.185059 0.097656 0.098633
0 0.209961 0.273926 0.097656 0.098633
0 0.201172 0.391113 0.109375 0.110352
0 0.202148 0.502441 0.109375 0.110352
0 0.301758 0.563477 0.085938 0.085938
0 0.308594 0.448242 0.085938 0.085938
0 0.306152 0.220703 0.084961 0.085938
0 0.300781 0.085449 0.097656 0.098633
0 0.397949 0.142578 0.084961 0.085938
0 0.397461 0.273926 0.097656 0.098633
0 0.398438 0.389648 0.097656 0.097656
0 0.496094 0.332520 0.109375 0.110352
0 0.492188 0.214355 0.097656 0.098633
0 0.779297 0.287109 0.048828 0.048828
0 0.778809 0.388672 0.084961 0.085938
0 0.781250 0.504395 0.085938 0.086914
0 0.863281 0.119629 0.109375 0.110352
0 0.772949 0.061035 0.110352 0.110352
0 0.770020 0.175293 0.110352 0.110352
0 0.678711 0.119141 0.109375 0.111328
0 0.589355 0.089355 0.110352 0.110352
0 0.683594 0.226074 0.109375 0.110352
0 0.683594 0.333984 0.085938 0.085938
0 0.677734 0.567383 0.085938 0.085938