0 0.773926 0.261719 0.073242 0.074219
0 0.879395 0.565918 0.073242 0.073242
0 0.583496 0.838867 0.073242 0.074219
0 0.587402 0.488770 0.073242 0.073242
0 0.776855 0.615234 0.073242 0.074219
0 0.864746 0.761230 0.073242 0.073242
0 0.683105 0.668457 0.073242 0.073242
0 0.950684 0.843262 0.073242 0.073242
0 0.947754 0.946289 0.073242 0.074219
0 0.774414 0.819336 0.085938 0.085938
0 0.762695 0.932617 0.085938 0.085938
0 0.874023 0.874512 0.085938 0.086914
0 0.483398 0.778809 0.097656 0.098633
0 0.480957 0.895020 0.110352 0.110352
0 0.382812 0.941895 0.097656 0.098633
0 0.392090 0.833496 0.110352 0.110352
0 0.293945 0.876465 0.109375 0.110352
0 0.206055 0.824219 0.085938 0.085938
0 0.195312 0.928711 0.085938 0.085938
0 0.672363 0.880859 0.084961 0.085938
0 0.585449 0.952148 0.084961 0.085938
0 0.106445 0.774902 0.097656 0.098633
0 0.110352 0.890625 0.085938 0.085938
0 0.879395 0.659668 0.073242 0.073242
0 0.774902 0.724609 0.073242 0.074219
0 0.880859 0.363281 0.085938 0.085938
1 0.679688 0.100098 0.085938 0.086914
0 0.586426 0.043945 0.073242 0.074219
0 0.590332 0.149414 0.073242 0.074219
0 0.394043 0.050781 0.084961 0.085938
0 0.115234 0.112793 0.097656 0.098633
0 0.113281 0.220215 0.097656 0.098633
0 0.112305 0.334961 0.097656 0.097656
0 0.108398 0.450684 0.097656 0.098633
0 0.111816 0.555664 0.084961 0.085938
0 0.111328 0.657715 0.097656 0.098633
0 0.207520 0.708496 0.110352 0.110352
0 0.206055 0.600098 0.109375 0.110352
0 0.201172 0.492676 0.109375 0.110352
0 0.207520 0.391113 0.110352 0.110352
0 0.206543 0.277832 0.110352 0.110352
0 0.204102 0.163574 0.109375 0.110352
0 0.291992 0.112793 0.109375 0.110352
0 0.304688 0.216797 0.109375 0.111328
0 0.296875 0.328613 0.109375 0.110352
0 0.299316 0.433594 0.084961 0.085938
0 0.301758 0.523438 0.085938 0.085938
0 0.296875 0.656738 0.097656 0.098633
0 0.397461 0.721680 0.109375 0.111328
0 0.297852 0.768555 0.085938 0.085938
0 0.393555 0.596680 0.085938 0.085938
0 0.393555 0.504395 0.097656 0.098633
0 0.392578 0.383301 0.097656 0.098633
0 0.397949 0.279297 0.084961 0.085938
0 0.392578 0.152832 0.109375 0.110352
0 0.490723 0.113281 0.084961 0.085938
0 0.489258 0.212891 0.097656 0.097656
0 0.492188 0.348145 0.097656 0.098633
0 0.490234 0.437012 0.097656 0.098633
0 0.481445 0.554199 0.109375 0.110352
0 0.482422 0.665527 0.109375 0.110352
0 0.582031 0.726562 0.085938 0.085938
0 0.588867 0.611328 0.085938 0.085938
0 0.586426 0.383789 0.084961 0.085938
0 0.581055 0.248535 0.097656 0.098633
0 0.678223 0.305664 0.084961 0.085938
0 0.677734 0.437012 0.097656 0.098633
0 0.678711 0.552734 0.097656 0.097656
0 0.776367 0.495605 0.109375 0.110352
0 0.772461 0.377441 0.097656 0.098633
0 0.872559 0.107910 0.110352 0.110352
0 0.869629 0.252441 0.110352 0.110352
0 0.772949 0.055664 0.084961 0.085938