0 0.573730 0.122559 0.073242 0.073242
0 0.102539 0.165039 0.097656 0.097656
0 0.104980 0.265137 0.084961 0.086914
0 0.107422 0.412109 0.097656 0.097656
0 0.100586 0.525391 0.097656 0.097656
0 0.096680 0.630371 0.097656 0.098633
0 0.100586 0.741211 0.097656 0.097656
0 0.097656 0.842773 0.085938 0.085938
0 0.194336 0.895020 0.097656 0.098633
0 0.189453 0.692871 0.097656 0.098633
0 0.192383 0.570801 0.097656 0.098633
0 0.200195 0.465332 0.097656 0.098633
0 0.194336 0.318848 0.097656 0.098633
0 0.181641 0.163574 0.097656 0.098633
0 0.289551 0.196289 0.110352 0.111328
0 0.291016 0.300293 0.109375 0.110352
0 0.285645 0.410645 0.110352 0.110352
0 0.283203 0.511230 0.097656 0.098633
0 0.286621 0.603516 0.110352 0.111328
0 0.290527 0.736328 0.110352 0.111328
0 0.283691 0.845215 0.110352 0.110352
0 0.381836 0.896484 0.097656 0.097656
0 0.385742 0.785645 0.097656 0.098633
0 0.385742 0.671387 0.097656 0.098633
0 0.380859 0.562988 0.109375 0.110352
0 0.381348 0.455566 0.110352 0.110352
0 0.383789 0.334473 0.097656 0.098633
0 0.385254 0.236816 0.084961 0.086914
0 0.385254 0.126465 0.110352 0.110352
0 0.479492 0.186523 0.085938 0.085938
0 0.483398 0.292969 0.097656 0.097656
0 0.472656 0.397949 0.097656 0.098633
0 0.476562 0.507324 0.109375 0.110352
0 0.472656 0.619629 0.109375 0.110352
0 0.467773 0.733887 0.097656 0.098633
0 0.472656 0.840332 0.097656 0.098633
0 0.562988 0.903320 0.084961 0.085938
0 0.568359 0.774414 0.085938 0.085938
0 0.568359 0.664062 0.085938 0.085938
0 0.572754 0.246094 0.110352 0.111328
0 0.568359 0.339844 0.097656 0.097656
0 0.570312 0.458008 0.097656 0.097656
0 0.568359 0.558105 0.097656 0.098633
0 0.661133 0.840820 0.085938 0.085938
0 0.677734 0.729980 0.097656 0.098633
0 0.671875 0.619629 0.109375 0.110352
0 0.669434 0.511719 0.084961 0.085938
0 0.674805 0.403320 0.085938 0.085938
0 0.679688 0.296875 0.109375 0.111328
0 0.680176 0.195801 0.110352 0.110352
0 0.763672 0.134277 0.097656 0.098633
0 0.761230 0.246094 0.084961 0.085938
0 0.765137 0.350586 0.084961 0.085938
0 0.758789 0.471191 0.097656 0.098633
0 0.763672 0.566406 0.097656 0.097656
0 0.757812 0.678223 0.097656 0.098633
0 0.750488 0.788574 0.110352 0.110352
0 0.749023 0.901855 0.097656 0.098633
0 0.849609 0.834473 0.097656 0.098633
0 0.859375 0.736816 0.097656 0.098633
0 0.856445 0.619629 0.109375 0.110352
0 0.854004 0.520508 0.084961 0.085938
0 0.855469 0.399902 0.097656 0.098633
0 0.856934 0.287109 0.084961 0.085938
0 0.859375 0.184082 0.097656 0.098633
0 0.948242 0.681152 0.097656 0.098633
0 0.941406 0.785156 0.097656 0.097656
0 0.850586 0.928711 0.097656 0.097656
0 0.468750 0.955078 0.085938 0.085938