0 0.255371 0.104004 0.073242 0.073242
0 0.341309 0.186035 0.073242 0.073242
0 0.338379 0.289062 0.073242 0.074219
0 0.444824 0.497070 0.073242 0.074219
0 0.732910 0.941406 0.110352 0.111328
0 0.912109 0.173828 0.109375 0.111328
0 0.913086 0.284180 0.109375 0.111328
1 0.913086 0.379395 0.097656 0.098633
0 0.909180 0.509277 0.109375 0.110352
0 0.909180 0.636719 0.097656 0.097656
0 0.906250 0.835938 0.109375 0.111328
0 0.822266 0.689941 0.097656 0.098633
0 0.818848 0.578125 0.110352 0.111328
0 0.819824 0.454590 0.110352 0.110352
0 0.816406 0.344238 0.109375 0.110352
0 0.820312 0.231934 0.109375 0.110352
0 0.810059 0.136230 0.110352 0.110352
0 0.731445 0.291992 0.097656 0.097656
0 0.734375 0.396973 0.097656 0.098633
0 0.738281 0.490723 0.097656 0.098633
0 0.734375 0.630371 0.109375 0.110352
0 0.738281 0.741699 0.109375 0.110352
0 0.724121 0.848633 0.110352 0.111328
0 0.623047 0.891602 0.109375 0.111328
0 0.624512 0.786133 0.110352 0.111328
0 0.624512 0.669922 0.084961 0.085938
0 0.629883 0.447754 0.097656 0.098633
0 0.632812 0.347656 0.109375 0.111328
0 0.626465 0.240723 0.110352 0.110352
0 0.630371 0.120117 0.110352 0.111328
0 0.449219 0.119629 0.097656 0.098633
0 0.165039 0.162109 0.085938 0.085938
0 0.153320 0.275391 0.085938 0.085938
0 0.264648 0.217285 0.085938 0.086914
0 0.263184 0.329102 0.084961 0.085938
0 0.333008 0.379883 0.085938 0.085938
0 0.256348 0.473633 0.084961 0.085938
0 0.343262 0.529297 0.084961 0.085938
0 0.447754 0.574219 0.084961 0.085938
0 0.346680 0.927734 0.085938 0.085938
0 0.249512 0.884277 0.110352 0.110352
0 0.253906 0.779297 0.097656 0.097656
0 0.257812 0.685547 0.097656 0.097656
0 0.447266 0.675293 0.097656 0.098633
0 0.341797 0.734863 0.097656 0.098633
0 0.344238 0.837891 0.084961 0.085938
0 0.257812 0.584961 0.085938 0.085938
0 0.339355 0.622070 0.084961 0.085938
0 0.159668 0.408691 0.110352 0.110352
0 0.157227 0.499512 0.109375 0.110352
0 0.152832 0.626953 0.110352 0.111328
0 0.156738 0.722168 0.110352 0.110352
0 0.163086 0.846680 0.109375 0.111328
0 0.066406 0.786621 0.109375 0.110352
0 0.066406 0.680176 0.109375 0.110352
0 0.062500 0.570801 0.109375 0.110352
0 0.062988 0.223633 0.084961 0.085938
0 0.061523 0.349609 0.085938 0.085938
0 0.060059 0.459961 0.084961 0.085938
0 0.165527 0.067383 0.073242 0.074219
0 0.919922 0.073242 0.109375 0.111328
0 0.734375 0.074219 0.097656 0.097656
0 0.544922 0.839355 0.097656 0.098633
0 0.348633 0.073242 0.085938 0.085938