0 0.337891 0.415527 0.109375 0.110352
0 0.908203 0.091309 0.109375 0.110352
0 0.907227 0.203613 0.109375 0.110352
0 0.910645 0.306152 0.110352 0.110352
0 0.906738 0.413574 0.110352 0.110352
0 0.817871 0.144043 0.110352 0.110352
0 0.809082 0.254395 0.110352 0.110352
0 0.814941 0.368652 0.110352 0.110352
0 0.814453 0.477539 0.109375 0.111328
0 0.725586 0.086426 0.097656 0.098633
0 0.728516 0.194336 0.085938 0.085938
0 0.717773 0.307617 0.097656 0.097656
0 0.721680 0.423828 0.097656 0.097656
0 0.624023 0.145020 0.109375 0.110352
0 0.625977 0.249023 0.109375 0.111328
0 0.627930 0.363281 0.109375 0.111328
0 0.622559 0.462891 0.110352 0.111328
0 0.526367 0.089355 0.109375 0.110352
0 0.527832 0.200195 0.110352 0.111328
0 0.524902 0.307617 0.110352 0.111328
0 0.529785 0.414551 0.110352 0.110352
0 0.430176 0.140625 0.110352 0.111328
0 0.434082 0.258301 0.110352 0.110352
0 0.438477 0.362793 0.109375 0.110352
0 0.340332 0.096680 0.110352 0.111328
0 0.338867 0.201660 0.097656 0.098633
0 0.335938 0.308105 0.109375 0.110352
0 0.243164 0.144043 0.097656 0.098633
0 0.238281 0.255371 0.109375 0.110352
0 0.242188 0.359863 0.109375 0.110352
0 0.245117 0.473145 0.048828 0.049805
0 0.336914 0.527832 0.048828 0.049805
0 0.431641 0.465820 0.048828 0.048828
0 0.143555 0.088379 0.109375 0.110352
0 0.148926 0.203613 0.110352 0.110352
0 0.148926 0.313965 0.110352 0.110352
0 0.151855 0.426270 0.110352 0.110352
0 0.150879 0.532227 0.084961 0.085938
0 0.053711 0.141113 0.097656 0.098633
0 0.054688 0.362793 0.097656 0.098633
0 0.046387 0.585449 0.073242 0.073242
0 0.151855 0.634277 0.110352 0.110352
0 0.242188 0.585449 0.109375 0.110352
0 0.338867 0.634766 0.109375 0.111328
0 0.441406 0.693359 0.085938 0.085938
0 0.435059 0.581055 0.084961 0.085938
0 0.531738 0.532227 0.084961 0.085938
0 0.528809 0.638672 0.084961 0.085938
0 0.536133 0.746094 0.097656 0.097656
0 0.531250 0.850586 0.097656 0.097656
0 0.625488 0.580566 0.073242 0.073242
0 0.628418 0.692383 0.084961 0.085938
0 0.627441 0.909180 0.073242 0.074219
0 0.713867 0.526855 0.097656 0.098633
0 0.719727 0.636230 0.097656 0.098633
0 0.714844 0.751465 0.097656 0.098633
0 0.724609 0.862305 0.097656 0.097656
0 0.816895 0.581543 0.110352 0.110352
0 0.817871 0.695801 0.110352 0.110352
0 0.812500 0.802246 0.109375 0.110352
0 0.811523 0.920410 0.109375 0.110352
0 0.911621 0.530762 0.110352 0.110352
0 0.908691 0.642090 0.110352 0.110352
0 0.902832 0.750488 0.110352 0.110352
0 0.910645 0.862793 0.110352 0.110352