0 0.699219 0.216309 0.109375 0.110352
0 0.229004 0.537598 0.073242 0.073242
0 0.134277 0.495117 0.073242 0.074219
0 0.879395 0.316406 0.073242 0.074219
0 0.880859 0.097656 0.097656 0.097656
0 0.885742 0.208984 0.097656 0.097656
0 0.789062 0.051758 0.097656 0.097656
0 0.784668 0.156738 0.110352 0.110352
0 0.785156 0.266113 0.097656 0.098633
0 0.697266 0.100586 0.097656 0.097656
0 0.701660 0.321777 0.073242 0.073242
0 0.598633 0.159668 0.097656 0.098633
0 0.602539 0.264160 0.097656 0.098633
0 0.507812 0.097168 0.097656 0.098633
0 0.507812 0.203613 0.097656 0.098633
0 0.510254 0.315918 0.073242 0.073242
0 0.411133 0.153809 0.097656 0.098633
0 0.411133 0.263184 0.097656 0.098633
0 0.313477 0.087402 0.097656 0.098633
0 0.314453 0.206543 0.097656 0.098633
0 0.318848 0.308594 0.073242 0.074219
0 0.221680 0.151855 0.097656 0.098633
0 0.221680 0.256836 0.085938 0.085938
0 0.122070 0.094238 0.097656 0.098633
0 0.128418 0.198242 0.084961 0.085938
0 0.125000 0.305664 0.097656 0.097656
0 0.124023 0.590332 0.109375 0.110352
0 0.128906 0.703125 0.109375 0.111328
0 0.128418 0.815430 0.122070 0.123047
0 0.126465 0.930176 0.110352 0.110352
0 0.224121 0.647949 0.110352 0.110352
0 0.227051 0.758789 0.122070 0.123047
0 0.226074 0.871094 0.122070 0.123047
0 0.321777 0.486816 0.061523 0.061523
0 0.320312 0.593262 0.097656 0.098633
0 0.319336 0.705566 0.097656 0.098633
0 0.326172 0.798828 0.097656 0.097656
0 0.319824 0.925781 0.122070 0.123047
0 0.419922 0.535645 0.097656 0.098633
0 0.414062 0.653809 0.097656 0.098633
0 0.413574 0.750000 0.122070 0.123047
0 0.412598 0.866211 0.122070 0.123047
0 0.516602 0.484863 0.060547 0.061523
0 0.508789 0.591309 0.097656 0.098633
0 0.508789 0.700684 0.097656 0.098633
0 0.511230 0.817383 0.122070 0.123047
0 0.509277 0.932617 0.122070 0.123047
0 0.605957 0.539062 0.084961 0.085938
0 0.601562 0.646973 0.097656 0.098633
0 0.604980 0.761230 0.122070 0.122070
0 0.609375 0.868652 0.097656 0.098633
0 0.698242 0.485840 0.060547 0.061523
0 0.701172 0.595215 0.097656 0.098633
0 0.696289 0.707520 0.097656 0.098633
0 0.697266 0.818848 0.097656 0.098633
0 0.701172 0.920410 0.097656 0.098633
0 0.790039 0.541992 0.085938 0.085938
0 0.791016 0.645996 0.097656 0.098633
0 0.792969 0.759277 0.097656 0.098633
0 0.790039 0.872559 0.097656 0.098633
0 0.888184 0.493164 0.036133 0.037109
0 0.888672 0.591797 0.097656 0.097656
0 0.887695 0.700684 0.109375 0.110352
0 0.885254 0.821289 0.122070 0.123047
0 0.890625 0.931152 0.109375 0.110352