0 0.424316 0.419434 0.073242 0.073242
0 0.497559 0.570312 0.073242 0.074219
0 0.882324 0.688965 0.110352 0.110352
0 0.886230 0.798340 0.110352 0.110352
0 0.883789 0.910645 0.097656 0.098633
0 0.788086 0.755371 0.109375 0.110352
0 0.795410 0.852051 0.110352 0.110352
0 0.697266 0.694336 0.085938 0.085938
0 0.692383 0.805176 0.109375 0.110352
0 0.694824 0.911621 0.110352 0.110352
0 0.599121 0.743652 0.084961 0.086914
0 0.605469 0.847656 0.097656 0.097656
0 0.497070 0.687500 0.085938 0.085938
0 0.498535 0.800781 0.084961 0.085938
0 0.505859 0.914062 0.097656 0.097656
0 0.416016 0.857910 0.097656 0.098633
1 0.416504 0.746094 0.073242 0.074219
0 0.318848 0.683594 0.084961 0.085938
0 0.315918 0.804688 0.084961 0.085938
0 0.318359 0.913574 0.109375 0.110352
0 0.244141 0.862793 0.097656 0.098633
0 0.229492 0.757812 0.085938 0.085938
0 0.135742 0.687012 0.097656 0.098633
0 0.131348 0.811035 0.110352 0.110352
0 0.132324 0.917480 0.110352 0.110352
1 0.421387 0.622070 0.073242 0.074219
1 0.416504 0.514160 0.073242 0.073242
0 0.323242 0.472656 0.085938 0.085938
0 0.323242 0.587891 0.085938 0.085938
1 0.512207 0.476562 0.073242 0.074219
1 0.512207 0.356934 0.073242 0.073242
0 0.886719 0.582520 0.097656 0.098633
0 0.881348 0.475586 0.110352 0.111328
0 0.887695 0.365234 0.097656 0.097656
0 0.893555 0.249512 0.109375 0.110352
0 0.892578 0.144043 0.097656 0.098633
0 0.789062 0.087891 0.097656 0.097656
0 0.798828 0.205078 0.109375 0.111328
0 0.793945 0.301270 0.097656 0.098633
0 0.800293 0.422363 0.110352 0.110352
0 0.794922 0.524902 0.109375 0.110352
0 0.701660 0.576660 0.110352 0.110352
0 0.794922 0.640625 0.085938 0.085938
0 0.707031 0.483398 0.109375 0.111328
0 0.694336 0.359863 0.109375 0.110352
0 0.694336 0.247559 0.109375 0.110352
0 0.698242 0.137207 0.109375 0.110352
0 0.609375 0.187988 0.097656 0.098633
0 0.605469 0.070801 0.085938 0.086914
0 0.512207 0.136719 0.084961 0.085938
0 0.130859 0.050781 0.085938 0.085938
0 0.602539 0.402344 0.085938 0.085938
0 0.607422 0.522461 0.085938 0.085938
0 0.604980 0.302734 0.084961 0.085938
0 0.605957 0.628906 0.084961 0.085938
0 0.416992 0.088867 0.097656 0.097656
0 0.417969 0.191895 0.097656 0.098633
0 0.424316 0.312500 0.084961 0.085938
0 0.509277 0.245117 0.084961 0.085938
0 0.323730 0.145020 0.110352 0.110352
0 0.324707 0.252441 0.110352 0.110352
0 0.325684 0.372559 0.110352 0.110352
0 0.235352 0.429688 0.085938 0.085938
0 0.236328 0.519531 0.085938 0.085938
0 0.240723 0.321289 0.084961 0.085938
0 0.236816 0.189941 0.110352 0.110352
0 0.232910 0.088379 0.110352 0.110352
0 0.133301 0.167969 0.110352 0.111328
0 0.129395 0.278809 0.110352 0.110352
0 0.131836 0.386230 0.097656 0.098633
0 0.136719 0.467285 0.097656 0.098633
0 0.135742 0.581543 0.097656 0.098633
0 0.240234 0.632324 0.097656 0.098633