1 0.613770 0.718750 0.073242 0.074219
1 0.612305 0.838379 0.060547 0.061523
0 0.897949 0.774902 0.110352 0.110352
0 0.895020 0.890625 0.110352 0.111328
0 0.796875 0.725098 0.097656 0.098633
0 0.802246 0.841309 0.110352 0.110352
0 0.809570 0.942871 0.097656 0.098633
0 0.706543 0.777344 0.110352 0.111328
0 0.712891 0.885254 0.097656 0.098633
0 0.517578 0.807129 0.097656 0.098633
0 0.520508 0.878906 0.085938 0.085938
0 0.414062 0.722168 0.097656 0.098633
0 0.420898 0.835449 0.097656 0.098633
0 0.417969 0.948730 0.085938 0.086914
0 0.329102 0.776855 0.097656 0.098633
0 0.325195 0.888672 0.097656 0.097656
0 0.229492 0.832520 0.109375 0.110352
0 0.236328 0.945801 0.097656 0.098633
0 0.139160 0.777832 0.110352 0.110352
0 0.137695 0.892578 0.109375 0.111328
0 0.051270 0.833984 0.084961 0.085938
1 0.707031 0.351562 0.085938 0.085938
1 0.329590 0.545410 0.061523 0.061523
0 0.422363 0.615234 0.084961 0.085938
0 0.519531 0.574219 0.085938 0.085938
0 0.519531 0.664062 0.085938 0.085938
0 0.615234 0.605469 0.085938 0.085938
0 0.623047 0.518555 0.085938 0.085938
0 0.898438 0.342773 0.085938 0.085938
0 0.895996 0.446777 0.110352 0.110352
0 0.896973 0.566895 0.110352 0.110352
0 0.898438 0.667969 0.097656 0.097656
0 0.805664 0.066895 0.097656 0.098633
0 0.801758 0.156738 0.097656 0.098633
0 0.802734 0.391113 0.097656 0.098633
0 0.802734 0.498535 0.097656 0.098633
0 0.795898 0.618652 0.097656 0.098633
0 0.705566 0.664062 0.084961 0.085938
0 0.708984 0.113770 0.097656 0.098633
0 0.709961 0.220215 0.097656 0.098633
0 0.703125 0.451660 0.097656 0.098633
0 0.702148 0.557129 0.097656 0.098633
0 0.618164 0.269531 0.085938 0.085938
0 0.622070 0.164062 0.085938 0.085938
0 0.619629 0.058594 0.084961 0.085938
0 0.516113 0.125488 0.110352 0.110352
0 0.514648 0.238281 0.109375 0.111328
0 0.518555 0.339844 0.109375 0.111328
0 0.422852 0.395508 0.109375 0.111328
0 0.430664 0.286621 0.109375 0.110352
0 0.430664 0.162598 0.109375 0.110352
0 0.431152 0.070312 0.110352 0.111328
0 0.333008 0.119629 0.097656 0.098633
0 0.333008 0.229004 0.097656 0.098633
0 0.334961 0.335449 0.097656 0.098633
0 0.334961 0.418945 0.097656 0.097656
0 0.232422 0.373535 0.097656 0.098633
0 0.242188 0.088379 0.109375 0.110352
0 0.234375 0.169922 0.085938 0.085938
0 0.242188 0.271973 0.109375 0.110352
0 0.142578 0.098633 0.109375 0.111328
0 0.140137 0.197754 0.110352 0.110352
0 0.152832 0.312012 0.110352 0.110352
0 0.049805 0.175293 0.097656 0.098633
0 0.053711 0.064941 0.097656 0.098633
0 0.328125 0.663574 0.109375 0.110352
0 0.233887 0.726074 0.110352 0.110352
0 0.142090 0.676270 0.110352 0.110352
0 0.239258 0.598633 0.085938 0.085938
0 0.147461 0.562012 0.109375 0.110352
0 0.140625 0.487793 0.097656 0.098633
0 0.050781 0.618652 0.097656 0.098633