0 0.037598 0.524902 0.073242 0.073242
0 0.133301 0.567871 0.073242 0.073242
0 0.136719 0.672852 0.085938 0.085938
0 0.040527 0.750000 0.073242 0.074219
0 0.881348 0.496582 0.073242 0.073242
0 0.882324 0.388672 0.084961 0.085938
0 0.508301 0.611328 0.073242 0.074219
0 0.492676 0.503906 0.073242 0.074219
0 0.322754 0.935059 0.073242 0.073242
0 0.311035 0.821777 0.073242 0.073242
0 0.807129 0.882812 0.084961 0.085938
0 0.507324 0.812988 0.073242 0.073242
0 0.718262 0.926758 0.084961 0.085938
0 0.609863 0.883301 0.073242 0.073242
0 0.611816 0.758301 0.073242 0.073242
0 0.229492 0.868164 0.085938 0.085938
0 0.508301 0.699707 0.073242 0.073242
0 0.604004 0.661133 0.073242 0.074219
0 0.223145 0.749512 0.073242 0.073242
0 0.140625 0.087402 0.097656 0.098633
0 0.237305 0.140137 0.097656 0.098633
0 0.334961 0.091797 0.085938 0.085938
0 0.033203 0.418457 0.060547 0.061523
0 0.047363 0.888672 0.084961 0.085938
0 0.121582 0.370605 0.061523 0.061523
0 0.122559 0.457520 0.061523 0.061523
0 0.140625 0.809570 0.085938 0.085938
0 0.140137 0.925781 0.084961 0.085938
0 0.227539 0.437988 0.048828 0.049805
0 0.226562 0.541504 0.048828 0.049805
0 0.229980 0.650879 0.073242 0.073242
0 0.301758 0.400879 0.060547 0.061523
0 0.305664 0.498535 0.060547 0.061523
0 0.305664 0.583496 0.060547 0.061523
0 0.314941 0.691895 0.061523 0.061523
0 0.390137 0.452637 0.061523 0.061523
0 0.397949 0.558105 0.073242 0.073242
0 0.411621 0.645996 0.073242 0.073242
0 0.409668 0.757324 0.073242 0.073242
0 0.412598 0.878418 0.073242 0.073242
0 0.479980 0.392090 0.061523 0.061523
0 0.523438 0.927246 0.085938 0.086914
0 0.599121 0.543945 0.073242 0.074219
0 0.709961 0.386230 0.097656 0.098633
0 0.715332 0.502930 0.110352 0.111328
0 0.721191 0.607422 0.110352 0.111328
0 0.716309 0.712891 0.073242 0.074219
0 0.714355 0.824219 0.073242 0.074219
0 0.805664 0.436035 0.097656 0.098633
0 0.805664 0.552734 0.097656 0.097656
0 0.806152 0.666992 0.073242 0.074219
0 0.801270 0.768555 0.073242 0.074219
0 0.905762 0.601562 0.073242 0.074219
0 0.900391 0.715820 0.097656 0.097656
0 0.903320 0.827148 0.097656 0.097656
0 0.899414 0.943359 0.109375 0.111328