0 0.078613 0.127930 0.073242 0.074219
0 0.931152 0.586914 0.084961 0.085938
0 0.924805 0.700195 0.097656 0.097656
0 0.921875 0.803223 0.097656 0.098633
0 0.918945 0.916504 0.097656 0.098633
1 0.833008 0.852539 0.097656 0.097656
0 0.823730 0.745605 0.110352 0.110352
0 0.827637 0.636230 0.110352 0.110352
1 0.730469 0.590820 0.097656 0.097656
0 0.724609 0.694824 0.097656 0.098633
0 0.726562 0.804199 0.097656 0.098633
0 0.729492 0.909668 0.109375 0.110352
0 0.635254 0.643066 0.110352 0.110352
0 0.634766 0.750488 0.097656 0.098633
0 0.626953 0.861328 0.097656 0.097656
0 0.539551 0.586426 0.110352 0.110352
0 0.541992 0.689453 0.109375 0.111328
0 0.538086 0.804199 0.097656 0.098633
0 0.536621 0.920898 0.110352 0.111328
0 0.445312 0.762207 0.109375 0.110352
0 0.442383 0.850586 0.097656 0.097656
0 0.447754 0.936523 0.110352 0.111328
0 0.366699 0.572266 0.110352 0.111328
0 0.358398 0.672363 0.109375 0.110352
0 0.358398 0.816895 0.109375 0.110352
0 0.354492 0.906738 0.097656 0.098633
0 0.249023 0.630371 0.109375 0.110352
0 0.257812 0.858398 0.097656 0.097656
0 0.160156 0.587402 0.097656 0.098633
0 0.094727 0.821777 0.048828 0.049805
0 0.159668 0.681152 0.110352 0.110352
0 0.923828 0.479004 0.109375 0.110352
0 0.826660 0.526855 0.110352 0.110352
0 0.731445 0.484863 0.109375 0.110352
0 0.624023 0.527832 0.109375 0.110352
0 0.637695 0.196289 0.097656 0.097656
0 0.831543 0.096191 0.073242 0.073242
0 0.734375 0.150879 0.109375 0.110352
0 0.642578 0.086914 0.109375 0.111328
0 0.542969 0.140137 0.109375 0.110352
0 0.542969 0.267578 0.097656 0.097656
0 0.540039 0.466797 0.109375 0.111328
0 0.456055 0.320801 0.097656 0.098633
0 0.452637 0.208984 0.110352 0.111328
0 0.453613 0.085449 0.110352 0.110352
0 0.372070 0.121582 0.097656 0.098633
0 0.368164 0.261230 0.109375 0.110352
0 0.372070 0.372559 0.109375 0.110352
0 0.357910 0.479492 0.110352 0.111328
0 0.256836 0.522461 0.109375 0.111328
0 0.258301 0.416992 0.110352 0.111328
0 0.258301 0.300781 0.084961 0.085938
0 0.263672 0.078613 0.097656 0.098633
0 0.081543 0.205078 0.084961 0.085938
0 0.081055 0.306152 0.097656 0.098633
0 0.178711 0.470215 0.097656 0.098633