0 0.212402 0.275391 0.073242 0.074219
0 0.215820 0.165527 0.097656 0.098633
0 0.778809 0.051758 0.084961 0.085938
0 0.684570 0.105957 0.097656 0.098633
0 0.588867 0.159180 0.097656 0.097656
0 0.495117 0.109863 0.097656 0.098633
0 0.397461 0.157715 0.097656 0.098633
0 0.870117 0.659668 0.109375 0.110352
0 0.863770 0.775391 0.110352 0.111328
0 0.871094 0.886230 0.109375 0.110352
0 0.784668 0.919922 0.084961 0.085938
0 0.779297 0.824707 0.097656 0.098633
0 0.778320 0.711426 0.109375 0.110352
0 0.676270 0.660645 0.110352 0.110352
0 0.681641 0.770020 0.109375 0.110352
0 0.685059 0.884277 0.110352 0.110352
0 0.588379 0.928711 0.110352 0.111328
0 0.588379 0.820801 0.110352 0.110352
0 0.487793 0.661621 0.110352 0.110352
0 0.586914 0.707520 0.109375 0.110352
0 0.486328 0.770996 0.097656 0.098633
0 0.494141 0.872559 0.097656 0.098633
0 0.399414 0.935059 0.097656 0.098633
0 0.395996 0.812988 0.110352 0.110352
0 0.396973 0.715332 0.110352 0.110352
0 0.298828 0.670898 0.085938 0.085938
0 0.302734 0.780273 0.085938 0.085938
0 0.304199 0.875000 0.084961 0.085938
0 0.204102 0.937500 0.097656 0.097656
0 0.210938 0.812500 0.109375 0.111328
0 0.215820 0.731934 0.097656 0.098633
0 0.125977 0.671875 0.085938 0.085938
0 0.110352 0.778809 0.097656 0.098633
0 0.112305 0.886230 0.097656 0.098633
0 0.870117 0.548340 0.097656 0.098633
0 0.868652 0.443848 0.110352 0.110352
0 0.869141 0.324707 0.097656 0.098633
0 0.869629 0.214844 0.110352 0.111328
0 0.871094 0.111328 0.097656 0.097656
0 0.780273 0.165039 0.097656 0.097656
0 0.770508 0.256348 0.097656 0.098633
0 0.774414 0.386230 0.097656 0.098633
0 0.776367 0.491699 0.109375 0.110352
0 0.769531 0.608887 0.097656 0.098633
0 0.680664 0.564941 0.097656 0.098633
0 0.682617 0.437988 0.109375 0.110352
0 0.676758 0.330566 0.109375 0.110352
0 0.683594 0.213379 0.109375 0.110352
0 0.589844 0.390137 0.097656 0.098633
0 0.586426 0.486816 0.110352 0.110352
0 0.583008 0.599121 0.097656 0.098633
0 0.497070 0.548340 0.109375 0.110352
0 0.497070 0.437012 0.097656 0.098633
0 0.493652 0.320312 0.084961 0.085938
0 0.500000 0.217285 0.097656 0.098633
0 0.398438 0.275879 0.097656 0.098633
0 0.393555 0.489258 0.097656 0.097656
0 0.396484 0.593750 0.085938 0.085938
0 0.305176 0.548828 0.084961 0.085938
0 0.302246 0.428711 0.084961 0.085938
0 0.308594 0.212891 0.085938 0.085938
0 0.211914 0.380859 0.097656 0.097656
0 0.211914 0.491211 0.097656 0.097656
0 0.210938 0.603516 0.097656 0.097656
0 0.118164 0.550293 0.097656 0.098633
0 0.122070 0.437500 0.097656 0.097656
0 0.116699 0.331055 0.084961 0.085938
0 0.119629 0.222656 0.110352 0.111328