0 0.412598 0.283691 0.073242 0.073242
1 0.694336 0.881348 0.085938 0.086914
0 0.896973 0.125000 0.073242 0.074219
0 0.127441 0.120605 0.073242 0.073242
0 0.127441 0.210449 0.073242 0.073242
0 0.127930 0.330078 0.085938 0.085938
0 0.128906 0.447266 0.097656 0.097656
0 0.130859 0.559570 0.097656 0.097656
0 0.209473 0.079590 0.073242 0.073242
0 0.213379 0.155762 0.073242 0.073242
0 0.212891 0.266113 0.060547 0.061523
0 0.220703 0.372070 0.085938 0.085938
0 0.219727 0.506836 0.097656 0.097656
0 0.218750 0.592773 0.097656 0.097656
0 0.309082 0.094238 0.073242 0.073242
0 0.312012 0.221191 0.073242 0.073242
0 0.317871 0.348145 0.073242 0.073242
0 0.318359 0.447754 0.109375 0.110352
0 0.320312 0.560059 0.109375 0.110352
0 0.406738 0.164062 0.122070 0.123047
0 0.412598 0.394531 0.084961 0.085938
0 0.410645 0.506348 0.110352 0.110352
0 0.408691 0.619141 0.122070 0.123047
0 0.508789 0.116699 0.097656 0.098633
0 0.511230 0.223633 0.122070 0.123047
0 0.513672 0.336426 0.109375 0.110352
0 0.500977 0.449707 0.109375 0.110352
0 0.504395 0.559082 0.110352 0.110352
0 0.604980 0.088867 0.084961 0.085938
0 0.605469 0.171875 0.097656 0.097656
0 0.604004 0.291992 0.122070 0.123047
0 0.610352 0.388184 0.109375 0.110352
0 0.615234 0.504395 0.109375 0.110352
0 0.608398 0.611816 0.109375 0.110352
0 0.696777 0.114258 0.084961 0.085938
0 0.698730 0.226562 0.122070 0.123047
0 0.710938 0.440430 0.085938 0.085938
0 0.694336 0.558105 0.109375 0.110352
0 0.791016 0.177734 0.097656 0.097656
0 0.799316 0.284180 0.122070 0.123047
0 0.799316 0.393555 0.110352 0.111328
0 0.797363 0.495605 0.110352 0.110352
0 0.790527 0.610840 0.110352 0.110352
0 0.886719 0.220215 0.109375 0.110352
0 0.891602 0.333008 0.109375 0.111328
0 0.891113 0.445312 0.122070 0.123047
0 0.889160 0.560059 0.110352 0.110352
0 0.889160 0.671875 0.110352 0.111328
0 0.889160 0.777832 0.110352 0.110352
0 0.893066 0.876465 0.110352 0.110352
0 0.795898 0.719238 0.109375 0.110352
0 0.794922 0.830566 0.109375 0.110352
0 0.698242 0.671387 0.109375 0.110352
0 0.701172 0.784180 0.085938 0.085938
0 0.604004 0.715332 0.110352 0.110352
0 0.600098 0.825684 0.110352 0.110352
0 0.604492 0.937012 0.097656 0.098633
0 0.500488 0.668457 0.110352 0.110352
0 0.511719 0.897949 0.097656 0.098633
0 0.407227 0.720215 0.109375 0.110352
0 0.406738 0.835938 0.122070 0.123047
0 0.411621 0.935547 0.122070 0.123047
0 0.318359 0.673340 0.109375 0.110352
0 0.312988 0.777344 0.122070 0.123047
0 0.310059 0.883789 0.122070 0.123047
0 0.213379 0.721680 0.122070 0.123047
0 0.218262 0.829102 0.122070 0.123047
0 0.218262 0.936523 0.122070 0.123047
0 0.127441 0.672852 0.122070 0.123047
0 0.124512 0.778320 0.122070 0.123047
0 0.122559 0.876953 0.122070 0.123047