0 0.206543 0.784180 0.073242 0.074219
0 0.107422 0.070801 0.097656 0.098633
0 0.116211 0.187988 0.097656 0.098633
0 0.115234 0.282715 0.097656 0.098633
0 0.217285 0.115723 0.110352 0.110352
0 0.225098 0.225098 0.084961 0.086914
0 0.313477 0.061035 0.109375 0.110352
0 0.314453 0.176270 0.109375 0.110352
0 0.312988 0.293457 0.110352 0.110352
0 0.407227 0.118652 0.109375 0.110352
0 0.408203 0.230957 0.109375 0.110352
0 0.500488 0.068359 0.110352 0.111328
0 0.496582 0.178223 0.110352 0.110352
0 0.502930 0.282715 0.109375 0.110352
0 0.596191 0.120117 0.110352 0.111328
0 0.593262 0.228516 0.110352 0.111328
0 0.696289 0.063965 0.097656 0.098633
0 0.694336 0.175781 0.097656 0.097656
0 0.690430 0.285156 0.097656 0.097656
0 0.783203 0.125488 0.109375 0.110352
0 0.781250 0.232910 0.109375 0.110352
0 0.783203 0.333008 0.109375 0.111328
0 0.879395 0.072754 0.110352 0.110352
0 0.880371 0.175293 0.110352 0.110352
0 0.875977 0.293457 0.097656 0.098633
0 0.876953 0.409180 0.097656 0.097656
0 0.881836 0.520508 0.097656 0.097656
0 0.877930 0.631348 0.109375 0.110352
0 0.881836 0.738770 0.109375 0.110352
0 0.782227 0.454102 0.109375 0.111328
0 0.787109 0.563477 0.097656 0.097656
0 0.785645 0.672363 0.110352 0.110352
0 0.782715 0.781738 0.110352 0.110352
0 0.691895 0.396484 0.110352 0.111328
0 0.688965 0.506348 0.110352 0.110352
0 0.693848 0.622559 0.110352 0.110352
0 0.687012 0.731934 0.110352 0.110352
0 0.591309 0.341309 0.110352 0.110352
0 0.593262 0.460449 0.110352 0.110352
0 0.593750 0.563965 0.109375 0.110352
0 0.591797 0.674316 0.109375 0.110352
0 0.588867 0.784668 0.097656 0.098633
0 0.500977 0.398926 0.109375 0.110352
0 0.498047 0.507324 0.109375 0.110352
0 0.499023 0.620605 0.097656 0.098633
0 0.503906 0.724121 0.097656 0.098633
0 0.403320 0.344238 0.109375 0.110352
0 0.406250 0.456543 0.109375 0.110352
0 0.402832 0.560059 0.110352 0.110352
0 0.402832 0.673340 0.110352 0.110352
0 0.400879 0.782715 0.110352 0.110352
0 0.306641 0.395996 0.097656 0.098633
0 0.303711 0.506348 0.097656 0.098633
0 0.305664 0.616699 0.097656 0.098633
0 0.306641 0.729492 0.097656 0.097656
0 0.306641 0.831055 0.097656 0.097656
0 0.215820 0.336426 0.097656 0.098633
0 0.212891 0.456543 0.109375 0.110352
0 0.208984 0.564941 0.097656 0.098633
0 0.207031 0.666992 0.097656 0.097656
0 0.113281 0.398926 0.097656 0.098633
0 0.108398 0.501465 0.097656 0.098633
0 0.114258 0.612793 0.097656 0.098633
0 0.115723 0.725586 0.084961 0.085938
0 0.117188 0.847168 0.109375 0.110352
0 0.114258 0.951172 0.085938 0.085938
0 0.212891 0.892578 0.085938 0.085938
0 0.401855 0.893066 0.110352 0.110352
0 0.491211 0.840332 0.109375 0.110352
0 0.590820 0.898926 0.109375 0.110352
0 0.681152 0.841797 0.110352 0.111328
0 0.783691 0.898438 0.110352 0.111328
0 0.875977 0.845215 0.109375 0.110352