0 0.039551 0.702637 0.073242 0.073242
0 0.692871 0.205078 0.073242 0.074219
0 0.773438 0.917969 0.085938 0.085938
0 0.579590 0.930176 0.110352 0.110352
0 0.399902 0.914062 0.110352 0.111328
0 0.218750 0.913574 0.097656 0.098633
0 0.039551 0.796387 0.073242 0.073242
0 0.876953 0.862305 0.085938 0.085938
0 0.881836 0.762207 0.097656 0.098633
0 0.882812 0.643555 0.097656 0.097656
0 0.878906 0.109375 0.085938 0.085938
0 0.880371 0.208008 0.084961 0.085938
0 0.882812 0.322266 0.085938 0.085938
0 0.883789 0.431641 0.085938 0.085938
0 0.883789 0.534180 0.085938 0.085938
0 0.784668 0.150391 0.084961 0.085938
0 0.780762 0.252930 0.084961 0.085938
0 0.219727 0.586914 0.048828 0.048828
0 0.219238 0.688477 0.084961 0.085938
0 0.221680 0.804199 0.085938 0.086914
0 0.780762 0.368164 0.084961 0.085938
0 0.779297 0.477051 0.109375 0.110352
0 0.777832 0.583984 0.084961 0.085938
0 0.776367 0.703613 0.097656 0.098633
0 0.781250 0.818848 0.109375 0.110352
0 0.689453 0.867188 0.109375 0.111328
0 0.686035 0.755371 0.110352 0.110352
0 0.686035 0.646973 0.110352 0.110352
0 0.685059 0.531738 0.110352 0.110352
0 0.686035 0.419434 0.110352 0.110352
0 0.687500 0.307617 0.097656 0.097656
0 0.598633 0.244141 0.085938 0.085938
0 0.583008 0.371582 0.097656 0.098633
0 0.588867 0.480957 0.097656 0.098633
0 0.585449 0.590332 0.110352 0.110352
0 0.591797 0.701660 0.109375 0.110352
0 0.587402 0.813965 0.110352 0.110352
0 0.503906 0.868164 0.097656 0.097656
0 0.500000 0.730469 0.097656 0.097656
0 0.497070 0.631348 0.097656 0.098633
0 0.497070 0.541504 0.097656 0.098633
0 0.502930 0.418457 0.097656 0.098633
0 0.401367 0.807129 0.097656 0.098633
0 0.401855 0.691406 0.084961 0.085938
0 0.402344 0.148926 0.097656 0.098633
0 0.309570 0.100586 0.097656 0.097656
0 0.311523 0.196777 0.097656 0.098633
0 0.306641 0.313965 0.109375 0.110352
0 0.303711 0.419434 0.109375 0.110352
0 0.211914 0.143066 0.097656 0.098633
0 0.218750 0.248535 0.097656 0.098633
0 0.213379 0.360840 0.110352 0.110352
0 0.210449 0.475098 0.110352 0.110352
0 0.119141 0.418945 0.109375 0.111328
0 0.127930 0.285156 0.097656 0.097656
0 0.123047 0.183594 0.109375 0.111328
0 0.124023 0.525879 0.109375 0.110352
0 0.124023 0.633789 0.085938 0.085938
0 0.120605 0.084473 0.110352 0.110352
0 0.118164 0.867188 0.085938 0.085938