0 0.599609 0.317871 0.109375 0.110352
0 0.887695 0.151367 0.109375 0.111328
0 0.889648 0.265625 0.109375 0.111328
0 0.884277 0.365234 0.110352 0.111328
0 0.789551 0.102539 0.110352 0.111328
0 0.786621 0.209961 0.110352 0.111328
0 0.791504 0.316895 0.110352 0.110352
0 0.695801 0.160645 0.110352 0.110352
0 0.700195 0.265137 0.109375 0.110352
0 0.600586 0.104004 0.097656 0.098633
0 0.597656 0.210449 0.109375 0.110352
0 0.500000 0.157715 0.109375 0.110352
0 0.503906 0.262207 0.109375 0.110352
0 0.506836 0.375488 0.048828 0.049805
0 0.598633 0.430176 0.048828 0.049805
0 0.693359 0.368164 0.048828 0.048828
0 0.410645 0.105957 0.110352 0.110352
0 0.410645 0.216309 0.110352 0.110352
0 0.413574 0.328613 0.110352 0.110352
0 0.412598 0.434570 0.084961 0.085938
0 0.311035 0.153809 0.110352 0.110352
0 0.316406 0.265137 0.097656 0.098633
0 0.218750 0.103027 0.109375 0.110352
0 0.223633 0.212402 0.109375 0.110352
0 0.222656 0.316895 0.109375 0.110352
0 0.224121 0.438477 0.073242 0.074219
0 0.131348 0.164551 0.110352 0.110352
0 0.125488 0.257324 0.110352 0.110352
0 0.127441 0.378906 0.110352 0.111328
0 0.039062 0.435059 0.060547 0.061523
0 0.121582 0.499512 0.110352 0.110352
0 0.125488 0.601074 0.110352 0.110352
0 0.125488 0.721191 0.110352 0.110352
0 0.120605 0.830566 0.110352 0.110352
0 0.124023 0.940430 0.097656 0.097656
0 0.221680 0.542480 0.085938 0.086914
0 0.308105 0.487793 0.073242 0.073242
0 0.413574 0.536621 0.110352 0.110352
0 0.503906 0.487793 0.109375 0.110352
0 0.600586 0.537109 0.109375 0.111328
0 0.703125 0.595703 0.085938 0.085938
0 0.696777 0.483398 0.084961 0.085938
0 0.793457 0.434570 0.084961 0.085938
0 0.790527 0.541016 0.084961 0.085938
0 0.797852 0.648438 0.097656 0.097656
0 0.792969 0.752930 0.097656 0.097656
0 0.788086 0.869629 0.097656 0.098633
0 0.887207 0.482910 0.073242 0.073242
0 0.890137 0.594727 0.084961 0.085938
0 0.889160 0.811523 0.073242 0.074219
0 0.888184 0.942383 0.084961 0.085938