0 0.814453 0.096191 0.097656 0.098633
0 0.618164 0.102539 0.109375 0.111328
0 0.426270 0.087891 0.110352 0.111328
0 0.048828 0.098145 0.048828 0.049805
0 0.140625 0.152832 0.048828 0.049805
0 0.235352 0.090820 0.048828 0.048828
0 0.142578 0.259766 0.109375 0.111328
0 0.245117 0.318359 0.085938 0.085938
0 0.238770 0.206055 0.084961 0.085938
0 0.335449 0.157227 0.084961 0.085938
0 0.332520 0.263672 0.084961 0.085938
0 0.339844 0.371094 0.097656 0.097656
0 0.334961 0.475586 0.097656 0.097656
0 0.330078 0.592285 0.097656 0.098633
0 0.429199 0.205566 0.073242 0.073242
0 0.432129 0.317383 0.084961 0.085938
0 0.431152 0.534180 0.073242 0.074219
0 0.517578 0.151855 0.097656 0.098633
0 0.523438 0.261230 0.097656 0.098633
0 0.518555 0.376465 0.097656 0.098633
0 0.528320 0.487305 0.097656 0.097656
0 0.530273 0.597656 0.097656 0.097656
0 0.620605 0.206543 0.110352 0.110352
0 0.621582 0.320801 0.110352 0.110352
0 0.616211 0.427246 0.109375 0.110352
0 0.615234 0.545410 0.109375 0.110352
0 0.616211 0.653320 0.109375 0.111328
0 0.715332 0.155762 0.110352 0.110352
0 0.712402 0.267090 0.110352 0.110352
0 0.706543 0.375488 0.110352 0.110352
0 0.714355 0.487793 0.110352 0.110352
0 0.715820 0.596191 0.109375 0.110352
0 0.816406 0.208496 0.109375 0.110352
0 0.816406 0.316895 0.097656 0.098633
0 0.812012 0.429199 0.110352 0.110352
0 0.814941 0.540527 0.110352 0.110352
0 0.813965 0.655762 0.110352 0.110352
0 0.909180 0.148926 0.109375 0.110352
0 0.916016 0.272949 0.109375 0.110352
0 0.909180 0.376465 0.109375 0.110352
0 0.909180 0.492676 0.109375 0.110352
0 0.906250 0.596191 0.109375 0.110352
1 0.900879 0.715332 0.110352 0.110352
1 0.805176 0.763184 0.110352 0.110352
0 0.902832 0.813965 0.110352 0.110352
0 0.899902 0.929199 0.110352 0.110352
0 0.804199 0.885742 0.073242 0.074219
0 0.705078 0.708496 0.109375 0.110352
0 0.708008 0.819336 0.109375 0.111328
0 0.711914 0.919922 0.109375 0.111328
0 0.619141 0.756836 0.109375 0.111328
0 0.619629 0.864258 0.084961 0.085938
0 0.519043 0.723633 0.110352 0.111328
0 0.521973 0.832031 0.084961 0.085938
0 0.515137 0.951172 0.084961 0.085938
0 0.430176 0.665039 0.084961 0.085938
0 0.437012 0.778809 0.024414 0.024414
0 0.430664 0.897461 0.037109 0.037109
0 0.335449 0.925293 0.024414 0.024414
0 0.337891 0.700684 0.097656 0.098633
0 0.335938 0.806152 0.097656 0.098633