0 0.104004 0.166016 0.073242 0.074219
0 0.112793 0.605957 0.073242 0.073242
0 0.186035 0.756836 0.073242 0.074219
0 0.855469 0.913574 0.097656 0.098633
0 0.759766 0.879883 0.097656 0.097656
0 0.666504 0.926758 0.110352 0.111328
0 0.570801 0.875488 0.110352 0.110352
0 0.476562 0.941895 0.109375 0.110352
0 0.385742 0.880859 0.085938 0.085938
0 0.287598 0.930176 0.084961 0.086914
0 0.185547 0.874023 0.085938 0.085938
1 0.104980 0.932617 0.073242 0.074219
1 0.109863 0.808594 0.073242 0.074219
1 0.104980 0.700684 0.073242 0.073242
1 0.200684 0.663086 0.073242 0.074219
1 0.200684 0.543457 0.073242 0.073242
0 0.949219 0.086426 0.097656 0.098633
0 0.953125 0.202148 0.085938 0.085938
0 0.948730 0.418945 0.084961 0.085938
0 0.947266 0.536621 0.097656 0.098633
0 0.948242 0.649902 0.097656 0.098633
0 0.858398 0.151367 0.097656 0.097656
0 0.859375 0.253906 0.097656 0.097656
0 0.859863 0.364258 0.084961 0.085938
0 0.859375 0.481934 0.097656 0.098633
0 0.855469 0.594727 0.085938 0.085938
0 0.852539 0.704102 0.097656 0.097656
0 0.847656 0.802734 0.085938 0.085938
0 0.771973 0.102051 0.110352 0.110352
0 0.765625 0.216309 0.097656 0.098633
0 0.761719 0.325684 0.097656 0.098633
0 0.761719 0.438965 0.097656 0.098633
0 0.763672 0.551758 0.097656 0.097656
0 0.763672 0.649414 0.109375 0.111328
0 0.758301 0.761230 0.110352 0.110352
0 0.667480 0.065430 0.084961 0.085938
0 0.664551 0.171875 0.084961 0.085938
0 0.667480 0.268555 0.084961 0.085938
0 0.664551 0.382812 0.084961 0.085938
0 0.666992 0.497070 0.097656 0.097656
0 0.664551 0.621094 0.084961 0.085938
0 0.669434 0.723633 0.084961 0.085938
0 0.575195 0.769043 0.097656 0.098633
0 0.569824 0.662109 0.110352 0.111328
0 0.576172 0.551758 0.097656 0.097656
0 0.582031 0.436035 0.109375 0.110352
0 0.581055 0.330566 0.097656 0.098633
1 0.576660 0.222656 0.084961 0.085938
0 0.575684 0.110352 0.084961 0.085938
0 0.481445 0.051758 0.085938 0.085938
0 0.482422 0.165039 0.085938 0.085938
0 0.477539 0.274414 0.097656 0.097656
0 0.487305 0.391602 0.109375 0.111328
0 0.482422 0.487793 0.097656 0.098633
0 0.488770 0.608887 0.110352 0.110352
0 0.483398 0.711426 0.109375 0.110352
0 0.390137 0.763184 0.110352 0.110352
0 0.483398 0.827148 0.085938 0.085938
0 0.395508 0.669922 0.109375 0.111328
0 0.382812 0.546387 0.109375 0.110352
0 0.382812 0.434082 0.109375 0.110352
0 0.386719 0.323730 0.109375 0.110352
0 0.390625 0.219727 0.109375 0.111328
0 0.396484 0.097168 0.097656 0.098633
0 0.301758 0.149414 0.085938 0.085938
0 0.297852 0.374512 0.097656 0.098633
0 0.293945 0.257324 0.085938 0.086914
0 0.200684 0.323242 0.084961 0.085938
0 0.198242 0.220703 0.085938 0.085938
0 0.291016 0.588867 0.085938 0.085938
0 0.295898 0.708984 0.085938 0.085938
0 0.293457 0.489258 0.084961 0.085938
0 0.294434 0.815430 0.084961 0.085938
0 0.195312 0.097168 0.097656 0.098633
0 0.111328 0.064453 0.097656 0.097656
0 0.105469 0.275391 0.097656 0.097656
0 0.106445 0.378418 0.097656 0.098633
0 0.112793 0.499023 0.084961 0.085938
0 0.197754 0.431641 0.084961 0.085938
0 0.673340 0.834473 0.110352 0.110352