0 0.426270 0.565430 0.073242 0.074219
0 0.514160 0.505859 0.073242 0.074219
0 0.816895 0.953613 0.073242 0.073242
0 0.722168 0.911133 0.073242 0.074219
0 0.895508 0.065918 0.109375 0.110352
0 0.899902 0.183105 0.110352 0.110352
0 0.898926 0.285645 0.110352 0.110352
0 0.907227 0.397949 0.097656 0.098633
0 0.901367 0.503418 0.097656 0.098633
0 0.902344 0.622559 0.097656 0.098633
0 0.906738 0.724609 0.073242 0.074219
0 0.804199 0.235840 0.110352 0.110352
0 0.809570 0.340332 0.109375 0.110352
0 0.810547 0.453613 0.097656 0.098633
0 0.809570 0.567871 0.097656 0.098633
0 0.809570 0.672852 0.085938 0.085938
0 0.708008 0.182129 0.085938 0.086914
0 0.709961 0.290527 0.109375 0.110352
0 0.710938 0.396973 0.097656 0.098633
0 0.709961 0.510254 0.097656 0.098633
0 0.716309 0.614258 0.084961 0.085938
0 0.712891 0.721680 0.097656 0.097656
0 0.611328 0.230957 0.109375 0.110352
0 0.616211 0.342285 0.097656 0.098633
0 0.612793 0.449219 0.084961 0.085938
0 0.614746 0.558594 0.084961 0.085938
0 0.621094 0.672852 0.097656 0.097656
0 0.515625 0.168457 0.097656 0.098633
0 0.514160 0.283203 0.084961 0.085938
0 0.520020 0.399414 0.084961 0.085938
0 0.520996 0.612305 0.073242 0.074219
0 0.516602 0.716309 0.060547 0.061523
0 0.806152 0.125977 0.084961 0.085938
0 0.708984 0.062988 0.109375 0.110352
0 0.615234 0.120605 0.109375 0.110352
0 0.520020 0.062988 0.110352 0.110352
0 0.428711 0.120605 0.097656 0.098633
0 0.427734 0.229492 0.097656 0.097656
0 0.425781 0.337891 0.097656 0.097656
0 0.432617 0.449219 0.085938 0.085938
1 0.332031 0.062500 0.085938 0.085938
1 0.045410 0.106445 0.084961 0.085938
0 0.043945 0.449219 0.085938 0.085938
0 0.136230 0.172852 0.110352 0.111328
0 0.136719 0.278320 0.097656 0.097656
0 0.140625 0.407227 0.097656 0.097656
0 0.240234 0.106934 0.097656 0.098633
0 0.241699 0.225586 0.084961 0.085938
0 0.242676 0.340820 0.084961 0.085938
0 0.233887 0.444336 0.084961 0.085938
0 0.339844 0.165527 0.097656 0.098633
0 0.339844 0.292480 0.109375 0.110352
0 0.337891 0.390625 0.085938 0.085938
0 0.337891 0.491211 0.097656 0.097656
1 0.427246 0.652344 0.073242 0.074219
0 0.333984 0.606445 0.097656 0.097656
0 0.327637 0.700195 0.073242 0.074219
0 0.239746 0.560547 0.084961 0.085938
0 0.239746 0.659668 0.073242 0.073242
0 0.137695 0.622559 0.097656 0.098633
0 0.143555 0.508789 0.085938 0.085938
0 0.046875 0.558594 0.085938 0.085938
0 0.043945 0.657715 0.085938 0.086914
0 0.038574 0.941895 0.073242 0.073242
0 0.134277 0.880371 0.073242 0.073242
0 0.333984 0.902832 0.097656 0.098633
0 0.430176 0.875000 0.084961 0.085938
0 0.521973 0.900391 0.084961 0.085938
0 0.909668 0.902832 0.061523 0.061523