0 0.096191 0.541504 0.073242 0.073242
0 0.081543 0.736816 0.073242 0.073242
0 0.167480 0.818848 0.073242 0.073242
0 0.164551 0.921875 0.073242 0.074219
0 0.749512 0.043945 0.073242 0.074219
0 0.930664 0.801758 0.085938 0.085938
0 0.925781 0.918457 0.097656 0.098633
0 0.830078 0.756836 0.085938 0.085938
0 0.833984 0.876953 0.097656 0.097656
0 0.738281 0.806641 0.109375 0.111328
0 0.739258 0.916992 0.109375 0.111328
0 0.646484 0.864746 0.109375 0.110352
0 0.636230 0.769043 0.110352 0.110352
0 0.557617 0.924805 0.097656 0.097656
0 0.452637 0.873535 0.110352 0.110352
0 0.456543 0.752930 0.110352 0.111328
0 0.275391 0.752441 0.097656 0.098633
0 0.090820 0.850098 0.085938 0.086914
0 0.096191 0.635254 0.073242 0.073242
0 0.097656 0.338867 0.085938 0.085938
0 0.933594 0.701172 0.085938 0.085938
0 0.938477 0.601074 0.097656 0.098633
0 0.939453 0.482422 0.097656 0.097656
0 0.937012 0.046875 0.084961 0.085938
0 0.939453 0.161133 0.085938 0.085938
0 0.940430 0.270508 0.085938 0.085938
0 0.940430 0.373047 0.085938 0.085938
0 0.837402 0.091797 0.084961 0.085938
0 0.276367 0.425781 0.048828 0.048828
0 0.275879 0.527344 0.084961 0.085938
0 0.278320 0.643066 0.085938 0.086914
0 0.837402 0.207031 0.084961 0.085938
0 0.835938 0.315918 0.109375 0.110352
0 0.834473 0.422852 0.084961 0.085938
0 0.833008 0.542480 0.097656 0.098633
0 0.837891 0.657715 0.109375 0.110352
0 0.746094 0.706055 0.109375 0.111328
0 0.742676 0.594238 0.110352 0.110352
0 0.742676 0.485840 0.110352 0.110352
0 0.741699 0.370605 0.110352 0.110352
0 0.742676 0.258301 0.110352 0.110352
0 0.744141 0.146484 0.097656 0.097656
0 0.655273 0.083008 0.085938 0.085938
0 0.639648 0.210449 0.097656 0.098633
0 0.645508 0.319824 0.097656 0.098633
0 0.642090 0.429199 0.110352 0.110352
0 0.648438 0.540527 0.109375 0.110352
0 0.644043 0.652832 0.110352 0.110352
0 0.560547 0.707031 0.097656 0.097656
0 0.556641 0.569336 0.097656 0.097656
0 0.553711 0.470215 0.097656 0.098633
0 0.553711 0.380371 0.097656 0.098633
0 0.559570 0.257324 0.097656 0.098633
0 0.458008 0.645996 0.097656 0.098633
0 0.458496 0.530273 0.084961 0.085938
0 0.363281 0.152832 0.109375 0.110352
0 0.360352 0.258301 0.109375 0.110352
0 0.275391 0.087402 0.097656 0.098633
0 0.270020 0.199707 0.110352 0.110352
0 0.267090 0.313965 0.110352 0.110352
0 0.175781 0.257812 0.109375 0.111328
0 0.184570 0.124023 0.097656 0.097656
0 0.089355 0.083496 0.110352 0.110352
0 0.086426 0.228027 0.110352 0.110352
0 0.180664 0.364746 0.109375 0.110352
0 0.180664 0.472656 0.085938 0.085938
0 0.174805 0.706055 0.085938 0.085938