0 0.184082 0.558105 0.061523 0.061523
0 0.106445 0.709473 0.060547 0.061523
0 0.472168 0.624023 0.073242 0.074219
0 0.187988 0.665039 0.073242 0.074219
0 0.646973 0.043945 0.073242 0.074219
0 0.648926 0.129883 0.073242 0.074219
0 0.850098 0.111816 0.073242 0.073242
0 0.568848 0.097168 0.073242 0.073242
0 0.761719 0.225098 0.060547 0.061523
0 0.566895 0.194824 0.073242 0.073242
0 0.853027 0.962402 0.073242 0.073242
0 0.941406 0.581055 0.048828 0.048828
0 0.936523 0.681641 0.048828 0.048828
0 0.846680 0.634766 0.037109 0.037109
0 0.836426 0.750488 0.036133 0.036133
0 0.664551 0.619141 0.036133 0.037109
1 0.567383 0.786621 0.048828 0.049805
1 0.471680 0.828125 0.048828 0.048828
1 0.466797 0.738281 0.048828 0.048828
1 0.390625 0.682129 0.060547 0.061523
1 0.288574 0.717285 0.036133 0.036133
0 0.670898 0.726562 0.085938 0.085938
1 0.563965 0.676270 0.061523 0.061523
0 0.745605 0.674805 0.024414 0.025391
0 0.936035 0.785645 0.110352 0.110352
0 0.940918 0.914551 0.110352 0.110352
0 0.853516 0.870117 0.097656 0.097656
0 0.761719 0.802246 0.097656 0.098633
0 0.762695 0.906250 0.097656 0.097656
0 0.663086 0.839844 0.109375 0.111328
0 0.571289 0.903320 0.085938 0.085938
0 0.470703 0.942383 0.097656 0.097656
0 0.384277 0.563477 0.084961 0.085938
0 0.286133 0.606445 0.085938 0.085938
0 0.102539 0.610352 0.048828 0.048828
0 0.383789 0.891602 0.097656 0.097656
0 0.393066 0.773438 0.084961 0.085938
0 0.292480 0.817383 0.110352 0.111328
0 0.194336 0.769531 0.085938 0.085938
0 0.196289 0.890137 0.097656 0.098633
1 0.098145 0.939453 0.110352 0.111328
0 0.106445 0.824707 0.109375 0.110352
0 0.939941 0.168945 0.084961 0.085938
0 0.937500 0.062500 0.097656 0.097656
0 0.767090 0.066406 0.084961 0.085938
0 0.757812 0.145508 0.085938 0.085938
0 0.632324 0.229004 0.061523 0.061523
0 0.385742 0.182617 0.085938 0.085938
0 0.468262 0.150391 0.084961 0.085938
0 0.391113 0.077637 0.110352 0.110352
0 0.293945 0.132324 0.097656 0.098633
0 0.288574 0.240234 0.084961 0.085938
0 0.212402 0.195801 0.084961 0.086914
0 0.202148 0.090820 0.085938 0.085938
0 0.097656 0.145020 0.109375 0.110352
0 0.109375 0.249023 0.097656 0.097656