0 0.371582 0.133301 0.073242 0.073242
0 0.291504 0.623047 0.084961 0.085938
0 0.297363 0.519531 0.084961 0.085938
0 0.208496 0.563477 0.084961 0.085938
0 0.100098 0.520020 0.073242 0.073242
0 0.102051 0.395020 0.073242 0.073242
0 0.094238 0.297852 0.073242 0.074219
0 0.948242 0.234863 0.060547 0.061523
0 0.580078 0.036621 0.060547 0.061523
0 0.846191 0.079102 0.073242 0.074219
0 0.842285 0.644043 0.073242 0.073242
0 0.678223 0.852539 0.073242 0.074219
0 0.089355 0.180664 0.073242 0.074219
0 0.205566 0.139648 0.110352 0.111328
0 0.211426 0.244141 0.110352 0.111328
0 0.206543 0.349609 0.073242 0.074219
0 0.204590 0.460938 0.073242 0.074219
0 0.295898 0.072754 0.097656 0.098633
0 0.295898 0.189453 0.097656 0.097656
0 0.296387 0.303711 0.073242 0.074219
0 0.291504 0.405273 0.073242 0.074219
0 0.395996 0.238281 0.073242 0.074219
0 0.390625 0.352539 0.097656 0.097656
0 0.393555 0.463867 0.097656 0.097656
0 0.481934 0.071777 0.084961 0.086914
0 0.485840 0.185059 0.110352 0.110352
0 0.490723 0.301270 0.110352 0.110352
0 0.484863 0.407715 0.110352 0.110352
0 0.484375 0.523438 0.109375 0.111328
0 0.587402 0.128418 0.122070 0.122070
0 0.589844 0.243652 0.097656 0.098633
0 0.580078 0.355957 0.097656 0.098633
0 0.580078 0.474121 0.097656 0.098633
0 0.670898 0.084961 0.085938 0.085938
0 0.675781 0.190918 0.097656 0.098633
0 0.667969 0.304199 0.097656 0.098633
0 0.671875 0.412109 0.085938 0.085938
0 0.681641 0.521973 0.097656 0.098633
0 0.583008 0.582031 0.097656 0.097656
0 0.759277 0.137695 0.084961 0.085938
0 0.761230 0.259766 0.084961 0.085938
0 0.765625 0.358887 0.085938 0.086914
0 0.765625 0.467773 0.085938 0.085938
0 0.764648 0.584961 0.085938 0.085938
0 0.847168 0.203125 0.084961 0.085938
0 0.845215 0.313477 0.084961 0.085938
0 0.845215 0.413086 0.084961 0.085938
0 0.839355 0.528320 0.084961 0.085938
0 0.952148 0.140625 0.048828 0.048828
0 0.944336 0.345703 0.085938 0.085938
0 0.943848 0.461914 0.084961 0.085938
0 0.938477 0.551270 0.048828 0.049805
0 0.940430 0.903809 0.048828 0.049805
0 0.862793 0.946289 0.073242 0.074219
0 0.834961 0.728027 0.048828 0.049805
0 0.762695 0.687500 0.085938 0.085938
0 0.752930 0.794434 0.097656 0.098633
0 0.758301 0.916016 0.084961 0.085938
0 0.676758 0.640137 0.097656 0.098633
0 0.674316 0.751953 0.084961 0.085938
0 0.673340 0.959961 0.073242 0.074219
0 0.582031 0.687988 0.109375 0.110352
0 0.580078 0.798828 0.097656 0.097656
0 0.577148 0.912109 0.109375 0.111328
0 0.481445 0.631836 0.097656 0.097656
0 0.487305 0.747070 0.109375 0.111328
0 0.485840 0.855469 0.110352 0.111328
0 0.389648 0.580078 0.109375 0.111328
0 0.388184 0.690430 0.110352 0.111328
0 0.387207 0.799316 0.110352 0.110352
0 0.385254 0.911621 0.110352 0.110352
0 0.295410 0.723633 0.084961 0.085938
0 0.290527 0.840820 0.084961 0.085938
0 0.199707 0.689941 0.073242 0.073242
0 0.199219 0.795410 0.109375 0.110352
0 0.201172 0.909668 0.109375 0.110352
0 0.107422 0.633789 0.085938 0.085938
0 0.102539 0.749512 0.109375 0.110352
0 0.104004 0.854004 0.110352 0.110352