0 0.289551 0.937012 0.073242 0.073242
0 0.101562 0.482422 0.097656 0.097656
0 0.105469 0.371582 0.097656 0.098633
0 0.105469 0.257324 0.097656 0.098633
0 0.100586 0.148926 0.109375 0.110352
0 0.196289 0.093262 0.109375 0.110352
0 0.192383 0.205566 0.109375 0.110352
0 0.187500 0.319824 0.097656 0.098633
0 0.192383 0.426270 0.097656 0.098633
0 0.282715 0.489258 0.084961 0.085938
0 0.288086 0.360352 0.085938 0.085938
0 0.288086 0.250000 0.085938 0.085938
0 0.288086 0.144043 0.097656 0.098633
0 0.380859 0.426758 0.085938 0.085938
0 0.397461 0.315918 0.097656 0.098633
0 0.391602 0.205566 0.109375 0.110352
0 0.389160 0.097656 0.084961 0.085938
0 0.478516 0.057129 0.097656 0.098633
0 0.483398 0.152344 0.097656 0.097656
0 0.477539 0.264160 0.097656 0.098633
0 0.470215 0.374512 0.110352 0.110352
0 0.468750 0.487793 0.097656 0.098633
0 0.569336 0.420410 0.097656 0.098633
0 0.579102 0.322754 0.097656 0.098633
0 0.576172 0.205566 0.109375 0.110352
0 0.573730 0.106445 0.084961 0.085938
0 0.670898 0.153809 0.097656 0.098633
0 0.667969 0.267090 0.097656 0.098633
0 0.661133 0.371094 0.097656 0.097656
0 0.665039 0.471191 0.109375 0.110352
0 0.763672 0.428223 0.097656 0.098633
0 0.763672 0.317871 0.109375 0.110352
0 0.762207 0.216309 0.110352 0.110352
0 0.764648 0.102051 0.097656 0.098633
0 0.856445 0.157715 0.097656 0.098633
0 0.862305 0.263184 0.097656 0.098633
0 0.861328 0.385254 0.097656 0.098633
0 0.857910 0.485352 0.084961 0.085938
0 0.474609 0.911133 0.085938 0.085938
0 0.095703 0.931641 0.097656 0.097656
0 0.944336 0.885742 0.097656 0.097656
0 0.846680 0.928223 0.097656 0.098633
0 0.662109 0.921875 0.109375 0.111328
0 0.946289 0.545410 0.097656 0.098633
0 0.944336 0.764648 0.097656 0.097656
0 0.858398 0.808594 0.097656 0.097656
0 0.850586 0.593750 0.097656 0.097656
0 0.855469 0.707031 0.097656 0.097656
0 0.763672 0.543945 0.097656 0.097656
0 0.763672 0.658203 0.097656 0.097656
0 0.755859 0.768555 0.097656 0.097656
0 0.755371 0.869629 0.110352 0.110352
0 0.666992 0.818848 0.097656 0.098633
0 0.664551 0.706543 0.110352 0.110352
0 0.664551 0.583984 0.110352 0.111328
1 0.573242 0.648438 0.085938 0.085938
0 0.570312 0.514648 0.097656 0.097656
0 0.477539 0.592285 0.109375 0.110352
0 0.476562 0.715332 0.097656 0.098633
0 0.476074 0.810059 0.084961 0.086914
0 0.387207 0.881836 0.084961 0.085938
0 0.381348 0.758301 0.110352 0.110352
0 0.382324 0.648926 0.110352 0.110352
0 0.382812 0.538574 0.097656 0.098633
0 0.283203 0.597168 0.097656 0.098633
0 0.285156 0.707520 0.097656 0.098633
0 0.284180 0.811523 0.085938 0.085938
0 0.186523 0.869629 0.109375 0.110352
0 0.189453 0.765137 0.097656 0.098633
0 0.189453 0.647461 0.085938 0.085938
0 0.188477 0.541016 0.085938 0.085938
0 0.097656 0.587402 0.097656 0.098633
0 0.094727 0.694824 0.097656 0.098633
0 0.100586 0.800781 0.097656 0.097656
0 0.573242 0.770996 0.109375 0.110352
0 0.568359 0.861816 0.109375 0.110352