0 0.134277 0.553711 0.073242 0.074219
0 0.041016 0.492676 0.060547 0.061523
0 0.329590 0.423828 0.073242 0.074219
1 0.230957 0.931152 0.073242 0.073242
0 0.888672 0.539062 0.097656 0.097656
0 0.889648 0.641602 0.097656 0.097656
0 0.890137 0.751953 0.084961 0.085938
0 0.889648 0.869629 0.097656 0.098633
0 0.802246 0.489746 0.110352 0.110352
0 0.795898 0.604004 0.097656 0.098633
0 0.791992 0.713379 0.097656 0.098633
0 0.791992 0.826660 0.097656 0.098633
0 0.793945 0.939453 0.097656 0.097656
0 0.697754 0.453125 0.084961 0.085938
0 0.694824 0.559570 0.084961 0.085938
0 0.697754 0.656250 0.084961 0.085938
0 0.694824 0.770508 0.084961 0.085938
0 0.697266 0.884766 0.097656 0.097656
0 0.606445 0.939453 0.097656 0.097656
0 0.612305 0.823730 0.109375 0.110352
0 0.611328 0.718262 0.097656 0.098633
1 0.606934 0.610352 0.084961 0.085938
0 0.605957 0.498047 0.084961 0.085938
0 0.511719 0.439453 0.085938 0.085938
0 0.512695 0.552734 0.085938 0.085938
0 0.507812 0.662109 0.097656 0.097656
0 0.517578 0.779297 0.109375 0.111328
0 0.512695 0.875488 0.097656 0.098633
0 0.413086 0.934082 0.109375 0.110352
0 0.413086 0.821777 0.109375 0.110352
0 0.416992 0.711426 0.109375 0.110352
0 0.420898 0.607422 0.109375 0.111328
0 0.426758 0.484863 0.097656 0.098633
0 0.332031 0.537109 0.085938 0.085938
0 0.328125 0.762207 0.097656 0.098633
0 0.324219 0.645020 0.085938 0.086914
0 0.230957 0.710938 0.084961 0.085938
0 0.228516 0.608398 0.085938 0.085938
0 0.323730 0.876953 0.084961 0.085938
0 0.225586 0.484863 0.097656 0.098633
0 0.141602 0.452148 0.097656 0.097656
0 0.135742 0.663086 0.097656 0.097656
0 0.136719 0.766113 0.097656 0.098633
0 0.143066 0.886719 0.084961 0.085938
0 0.228027 0.819336 0.084961 0.085938
0 0.045410 0.393555 0.084961 0.085938
0 0.046875 0.154297 0.085938 0.085938
0 0.141113 0.127930 0.084961 0.085938
0 0.140625 0.219238 0.097656 0.098633
0 0.143555 0.355957 0.097656 0.098633
0 0.233887 0.385742 0.084961 0.085938
0 0.233887 0.270508 0.084961 0.085938
0 0.240723 0.168945 0.084961 0.085938
0 0.229004 0.048828 0.084961 0.085938
0 0.325684 0.110352 0.084961 0.085938
0 0.324707 0.216797 0.084961 0.085938
0 0.321777 0.322266 0.084961 0.085938
0 0.415039 0.054688 0.085938 0.085938
0 0.412109 0.170410 0.097656 0.098633
0 0.426758 0.292480 0.097656 0.098633
0 0.421387 0.388672 0.110352 0.111328
0 0.510742 0.118164 0.085938 0.085938
0 0.509277 0.222656 0.084961 0.085938
0 0.515625 0.329102 0.097656 0.097656
0 0.606445 0.385254 0.097656 0.098633
0 0.604980 0.279297 0.084961 0.085938
0 0.610352 0.161133 0.085938 0.085938
0 0.604004 0.057129 0.084961 0.086914
0 0.703125 0.112305 0.085938 0.085938
0 0.704102 0.222168 0.097656 0.098633
0 0.702148 0.323730 0.097656 0.098633
0 0.802734 0.162598 0.097656 0.098633
0 0.795898 0.274902 0.097656 0.098633
0 0.799805 0.381348 0.097656 0.098633
0 0.891602 0.423340 0.097656 0.098633
0 0.898438 0.312500 0.097656 0.097656
0 0.890625 0.204590 0.097656 0.098633
0 0.893555 0.093750 0.097656 0.097656