0 0.426270 0.324219 0.073242 0.074219
0 0.333008 0.263184 0.060547 0.061523
0 0.435059 0.764160 0.073242 0.073242
0 0.508301 0.915039 0.073242 0.074219
0 0.621582 0.194336 0.073242 0.074219
1 0.427246 0.858887 0.073242 0.073242
0 0.333984 0.817383 0.085938 0.085938
0 0.333984 0.932617 0.085938 0.085938
1 0.522949 0.821289 0.073242 0.074219
1 0.522949 0.701660 0.073242 0.073242
0 0.897461 0.927246 0.097656 0.098633
0 0.892090 0.820312 0.110352 0.111328
0 0.898438 0.709961 0.097656 0.097656
0 0.904297 0.594238 0.109375 0.110352
0 0.903320 0.488770 0.097656 0.098633
1 0.898926 0.380859 0.084961 0.085938
0 0.897949 0.268555 0.084961 0.085938
0 0.803711 0.209961 0.085938 0.085938
0 0.804688 0.323242 0.085938 0.085938
0 0.799805 0.432617 0.097656 0.097656
0 0.809570 0.549805 0.109375 0.111328
0 0.804688 0.645996 0.097656 0.098633
0 0.811035 0.767090 0.110352 0.110352
0 0.805664 0.869629 0.109375 0.110352
0 0.712402 0.921387 0.110352 0.110352
0 0.717773 0.828125 0.109375 0.111328
0 0.705078 0.704590 0.109375 0.110352
0 0.705078 0.592285 0.109375 0.110352
0 0.708984 0.481934 0.109375 0.110352
0 0.712891 0.377930 0.109375 0.111328
0 0.718750 0.255371 0.097656 0.098633
0 0.624023 0.307617 0.085938 0.085938
0 0.620117 0.532715 0.097656 0.098633
0 0.616211 0.415527 0.085938 0.086914
0 0.522949 0.481445 0.084961 0.085938
0 0.520508 0.378906 0.085938 0.085938
0 0.141602 0.395508 0.085938 0.085938
0 0.048828 0.538086 0.085938 0.085938
0 0.613281 0.747070 0.085938 0.085938
0 0.618164 0.867188 0.085938 0.085938
0 0.615723 0.647461 0.084961 0.085938
0 0.517578 0.255371 0.097656 0.098633
0 0.433594 0.222656 0.097656 0.097656
0 0.427734 0.433594 0.097656 0.097656
0 0.428711 0.536621 0.097656 0.098633
0 0.435059 0.657227 0.084961 0.085938
0 0.520020 0.589844 0.084961 0.085938
0 0.340820 0.382812 0.109375 0.111328
0 0.334473 0.489746 0.110352 0.110352
0 0.335449 0.597168 0.110352 0.110352
0 0.336426 0.717285 0.110352 0.110352
0 0.246094 0.774414 0.085938 0.085938
0 0.247070 0.864258 0.085938 0.085938
0 0.251465 0.666016 0.084961 0.085938
0 0.247559 0.534668 0.110352 0.110352
0 0.243652 0.433105 0.110352 0.110352
0 0.248047 0.328125 0.085938 0.085938
0 0.250977 0.216309 0.097656 0.098633
0 0.145508 0.271973 0.097656 0.098633
0 0.144043 0.512695 0.110352 0.111328
0 0.140137 0.623535 0.110352 0.110352
0 0.142578 0.730957 0.097656 0.098633
0 0.147461 0.812012 0.097656 0.098633
0 0.048340 0.885742 0.084961 0.085938
0 0.146484 0.926270 0.097656 0.098633
0 0.051758 0.777832 0.097656 0.098633
0 0.048828 0.215820 0.085938 0.085938
1 0.060547 0.317383 0.097656 0.097656
0 0.053711 0.433594 0.085938 0.085938
0 0.053711 0.684570 0.085938 0.085938
0 0.056641 0.104980 0.097656 0.098633
0 0.145508 0.159668 0.097656 0.098633
0 0.249512 0.085938 0.084961 0.085938
0 0.337402 0.164062 0.084961 0.085938
0 0.331055 0.050781 0.085938 0.085938
0 0.435547 0.126465 0.097656 0.098633
0 0.525879 0.156250 0.084961 0.085938
0 0.613770 0.092773 0.084961 0.085938
0 0.718750 0.062988 0.097656 0.098633
0 0.713379 0.159180 0.110352 0.111328
0 0.807617 0.099609 0.097656 0.097656
0 0.898438 0.155762 0.097656 0.098633
0 0.896973 0.049805 0.084961 0.085938