0 0.143066 0.147461 0.073242 0.074219
0 0.707520 0.906250 0.073242 0.074219
0 0.885742 0.915527 0.109375 0.110352
0 0.894531 0.816895 0.097656 0.098633
0 0.895020 0.698730 0.110352 0.110352
0 0.900391 0.585449 0.097656 0.098633
0 0.800781 0.531738 0.109375 0.110352
0 0.794434 0.647461 0.110352 0.111328
0 0.801758 0.758301 0.109375 0.110352
0 0.800781 0.857910 0.109375 0.110352
0 0.715332 0.791992 0.084961 0.085938
0 0.709961 0.696777 0.097656 0.098633
0 0.708984 0.583496 0.109375 0.110352
0 0.606934 0.532715 0.110352 0.110352
0 0.612305 0.642090 0.109375 0.110352
0 0.615723 0.756348 0.110352 0.110352
0 0.610352 0.859375 0.109375 0.111328
0 0.512207 0.933105 0.110352 0.110352
0 0.519043 0.800781 0.110352 0.111328
0 0.519043 0.692871 0.110352 0.110352
0 0.418457 0.533691 0.110352 0.110352
0 0.517578 0.579590 0.109375 0.110352
0 0.416992 0.643066 0.097656 0.098633
0 0.424805 0.744629 0.097656 0.098633
0 0.420410 0.860840 0.110352 0.110352
0 0.328613 0.921387 0.110352 0.110352
0 0.330078 0.807129 0.097656 0.098633
0 0.326660 0.685059 0.110352 0.110352
0 0.327637 0.587402 0.110352 0.110352
0 0.229492 0.542969 0.085938 0.085938
0 0.233398 0.652344 0.085938 0.085938
0 0.234863 0.747070 0.084961 0.085938
0 0.235840 0.863281 0.084961 0.085938
0 0.133789 0.916992 0.085938 0.085938
0 0.134766 0.809570 0.097656 0.097656
0 0.141602 0.684570 0.109375 0.111328
0 0.146484 0.604004 0.097656 0.098633
0 0.056641 0.543945 0.085938 0.085938
0 0.894531 0.141602 0.109375 0.111328
0 0.894531 0.256836 0.097656 0.097656
0 0.890137 0.357910 0.110352 0.110352
0 0.889648 0.470215 0.097656 0.098633
0 0.800781 0.420410 0.097656 0.098633
0 0.799316 0.315918 0.110352 0.110352
0 0.799805 0.196777 0.097656 0.098633
0 0.800293 0.086914 0.110352 0.111328
0 0.701172 0.128418 0.097656 0.098633
0 0.705078 0.258301 0.097656 0.098633
0 0.707031 0.363770 0.109375 0.110352
0 0.700195 0.480957 0.097656 0.098633
0 0.611328 0.437012 0.097656 0.098633
0 0.613281 0.310059 0.109375 0.110352
0 0.607422 0.202637 0.109375 0.110352
0 0.614258 0.085449 0.109375 0.110352
0 0.520508 0.262207 0.097656 0.098633
0 0.517090 0.358887 0.110352 0.110352
0 0.513672 0.471191 0.097656 0.098633
0 0.427734 0.420410 0.109375 0.110352
0 0.427734 0.309082 0.097656 0.098633
0 0.424316 0.192383 0.084961 0.085938
0 0.430664 0.089355 0.097656 0.098633
0 0.329102 0.147949 0.097656 0.098633
0 0.324219 0.361328 0.097656 0.097656
0 0.327148 0.465820 0.085938 0.085938
0 0.235840 0.420898 0.084961 0.085938
0 0.232910 0.300781 0.084961 0.085938
0 0.239258 0.084961 0.085938 0.085938
0 0.142578 0.252930 0.097656 0.097656
0 0.142578 0.363281 0.097656 0.097656
0 0.141602 0.475586 0.097656 0.097656
0 0.052734 0.309570 0.097656 0.097656
0 0.047363 0.203125 0.084961 0.085938