0 0.585449 0.883789 0.073242 0.074219
0 0.306152 0.637207 0.073242 0.073242
0 0.118164 0.182617 0.097656 0.097656
0 0.122070 0.071777 0.097656 0.098633
0 0.208984 0.126465 0.097656 0.098633
0 0.299316 0.189453 0.084961 0.085938
0 0.304688 0.060547 0.085938 0.085938
0 0.397461 0.126953 0.085938 0.085938
0 0.486816 0.074707 0.110352 0.110352
0 0.485352 0.187988 0.097656 0.098633
0 0.585938 0.120605 0.097656 0.098633
0 0.677734 0.071289 0.097656 0.097656
0 0.681641 0.171387 0.109375 0.110352
0 0.780273 0.128418 0.097656 0.098633
0 0.877930 0.085449 0.097656 0.098633
0 0.874512 0.185547 0.084961 0.085938
1 0.491211 0.722168 0.085938 0.086914
0 0.491211 0.611328 0.085938 0.085938
0 0.397949 0.666016 0.073242 0.074219
0 0.401855 0.771484 0.073242 0.074219
0 0.205566 0.672852 0.084961 0.085938
0 0.112305 0.631836 0.097656 0.097656
0 0.103516 0.734863 0.109375 0.110352
0 0.116211 0.838867 0.109375 0.111328
0 0.209473 0.901367 0.084961 0.085938
0 0.204102 0.774902 0.109375 0.110352
0 0.302246 0.735352 0.084961 0.085938
0 0.300781 0.834961 0.097656 0.097656
0 0.392578 0.870605 0.097656 0.098633
0 0.489746 0.927734 0.084961 0.085938
0 0.863281 0.628418 0.097656 0.098633
0 0.870117 0.733887 0.097656 0.098633
0 0.864746 0.846191 0.110352 0.110352
0 0.770508 0.904297 0.109375 0.111328
0 0.779297 0.770508 0.097656 0.097656
0 0.774414 0.668945 0.109375 0.111328
0 0.678711 0.622070 0.109375 0.111328
0 0.684082 0.729980 0.110352 0.110352
0 0.681152 0.874512 0.110352 0.110352
0 0.584473 0.677734 0.084961 0.085938
0 0.875000 0.508789 0.097656 0.097656
0 0.867188 0.293945 0.097656 0.097656
0 0.872070 0.407227 0.097656 0.097656
0 0.780273 0.244141 0.097656 0.097656
0 0.780273 0.358398 0.097656 0.097656
0 0.772461 0.468750 0.097656 0.097656
0 0.771973 0.569824 0.110352 0.110352
0 0.683594 0.519043 0.097656 0.098633
0 0.681152 0.406738 0.110352 0.110352
0 0.681152 0.284180 0.110352 0.111328
1 0.589844 0.348633 0.085938 0.085938
0 0.586914 0.214844 0.097656 0.097656
0 0.494141 0.292480 0.109375 0.110352
0 0.493164 0.415527 0.097656 0.098633
0 0.492676 0.510254 0.084961 0.086914
0 0.403809 0.582031 0.084961 0.085938
0 0.397949 0.458496 0.110352 0.110352
0 0.398926 0.349121 0.110352 0.110352
0 0.399414 0.238770 0.097656 0.098633
0 0.299805 0.297363 0.097656 0.098633
0 0.301758 0.407715 0.097656 0.098633
0 0.300781 0.511719 0.085938 0.085938
0 0.203125 0.569824 0.109375 0.110352
0 0.206055 0.465332 0.097656 0.098633
0 0.206055 0.347656 0.085938 0.085938
0 0.205078 0.241211 0.085938 0.085938
0 0.114258 0.287598 0.097656 0.098633
0 0.111328 0.395020 0.097656 0.098633
0 0.117188 0.500977 0.097656 0.097656
0 0.589844 0.471191 0.109375 0.110352
0 0.584961 0.562012 0.109375 0.110352