0 0.560059 0.039062 0.073242 0.074219
0 0.075195 0.098145 0.109375 0.110352
0 0.081543 0.198730 0.110352 0.110352
0 0.078613 0.309082 0.110352 0.110352
0 0.084961 0.416992 0.109375 0.111328
0 0.077148 0.540527 0.097656 0.098633
0 0.169922 0.489746 0.097656 0.098633
0 0.173340 0.367676 0.084961 0.086914
0 0.175781 0.264648 0.085938 0.085938
0 0.179688 0.143555 0.085938 0.085938
0 0.266602 0.089844 0.085938 0.085938
0 0.274414 0.193359 0.097656 0.097656
0 0.272461 0.306641 0.097656 0.097656
0 0.273926 0.415039 0.084961 0.085938
0 0.260742 0.539551 0.097656 0.098633
0 0.169922 0.584961 0.097656 0.097656
0 0.368164 0.590332 0.109375 0.110352
0 0.374512 0.466797 0.110352 0.111328
0 0.368164 0.361328 0.097656 0.097656
0 0.375000 0.250977 0.097656 0.097656
0 0.374023 0.145508 0.097656 0.097656
0 0.464355 0.094727 0.110352 0.111328
0 0.466797 0.205566 0.097656 0.098633
0 0.468750 0.312012 0.097656 0.098633
0 0.469238 0.409668 0.110352 0.110352
0 0.466309 0.513672 0.110352 0.111328
0 0.564453 0.469727 0.097656 0.097656
0 0.554199 0.364258 0.084961 0.085938
0 0.564453 0.248535 0.097656 0.098633
0 0.563477 0.145508 0.097656 0.097656
0 0.662109 0.074219 0.097656 0.097656
0 0.655273 0.187500 0.097656 0.097656
0 0.651367 0.292480 0.097656 0.098633
0 0.655273 0.403320 0.097656 0.097656
0 0.652344 0.504883 0.085938 0.085938
0 0.556641 0.587891 0.097656 0.097656
0 0.749023 0.557129 0.097656 0.098633
0 0.744141 0.354980 0.097656 0.098633
0 0.747070 0.232910 0.097656 0.098633
0 0.754883 0.127441 0.097656 0.098633
0 0.840332 0.072754 0.110352 0.110352
0 0.837891 0.173340 0.097656 0.098633
0 0.841309 0.265625 0.110352 0.111328
0 0.845215 0.398438 0.110352 0.111328
0 0.838379 0.507324 0.110352 0.110352
0 0.936523 0.558594 0.097656 0.097656
0 0.940430 0.447754 0.097656 0.098633
0 0.940430 0.333496 0.097656 0.098633
0 0.935547 0.225098 0.109375 0.110352
0 0.936035 0.117676 0.110352 0.110352
0 0.932617 0.663574 0.097656 0.098633
0 0.929688 0.770996 0.097656 0.098633
0 0.935547 0.876953 0.097656 0.097656
0 0.842773 0.928711 0.109375 0.111328
0 0.841309 0.828125 0.110352 0.111328
0 0.835449 0.737793 0.110352 0.110352
0 0.841309 0.611816 0.110352 0.110352
0 0.750977 0.664062 0.097656 0.097656
0 0.750977 0.775391 0.097656 0.097656
0 0.744141 0.885742 0.085938 0.085938
0 0.648438 0.848633 0.085938 0.085938
0 0.656250 0.727539 0.097656 0.097656
0 0.648438 0.621094 0.097656 0.097656
0 0.559570 0.692383 0.097656 0.097656
0 0.553711 0.788574 0.097656 0.098633
0 0.551758 0.911621 0.097656 0.098633
0 0.458496 0.854980 0.110352 0.110352
0 0.471191 0.741699 0.110352 0.110352
0 0.462402 0.630371 0.110352 0.110352
0 0.375977 0.696777 0.097656 0.098633
0 0.361328 0.808105 0.109375 0.110352
0 0.363281 0.914062 0.085938 0.085938
0 0.270508 0.860840 0.097656 0.098633
0 0.276367 0.752441 0.097656 0.098633
0 0.272461 0.643555 0.085938 0.085938
0 0.178711 0.692871 0.097656 0.098633
0 0.175781 0.812012 0.097656 0.098633
0 0.176270 0.910156 0.084961 0.085938
0 0.082031 0.940430 0.097656 0.097656
0 0.082031 0.841309 0.109375 0.110352
0 0.085449 0.750488 0.110352 0.110352
0 0.080078 0.642090 0.097656 0.098633