0 0.865234 0.132324 0.097656 0.098633
0 0.769531 0.078613 0.097656 0.098633
0 0.583984 0.077637 0.109375 0.110352
0 0.397949 0.075195 0.110352 0.111328
0 0.216797 0.071777 0.109375 0.110352
0 0.115234 0.123047 0.085938 0.085938
0 0.117676 0.225098 0.110352 0.110352
0 0.115723 0.340332 0.110352 0.110352
0 0.110352 0.448730 0.097656 0.098633
0 0.112793 0.558594 0.084961 0.085938
0 0.113281 0.671875 0.097656 0.097656
0 0.211914 0.184082 0.109375 0.110352
0 0.213867 0.283691 0.109375 0.110352
0 0.204102 0.395996 0.097656 0.098633
0 0.209473 0.508301 0.110352 0.110352
0 0.201660 0.614746 0.110352 0.110352
0 0.292480 0.127441 0.110352 0.110352
0 0.300781 0.243652 0.109375 0.110352
0 0.301758 0.352051 0.109375 0.110352
0 0.301758 0.454590 0.097656 0.098633
0 0.306641 0.570801 0.109375 0.110352
0 0.393066 0.187988 0.110352 0.110352
0 0.396973 0.292480 0.110352 0.110352
0 0.394043 0.403809 0.110352 0.110352
0 0.392578 0.515137 0.109375 0.110352
0 0.393555 0.624512 0.109375 0.110352
0 0.485352 0.122070 0.109375 0.111328
0 0.489258 0.234375 0.109375 0.111328
0 0.487305 0.344238 0.097656 0.098633
0 0.494629 0.456543 0.110352 0.110352
0 0.486816 0.563965 0.110352 0.110352
0 0.582031 0.187500 0.109375 0.111328
0 0.579102 0.292969 0.109375 0.111328
0 0.581055 0.399414 0.097656 0.097656
0 0.580078 0.508301 0.109375 0.110352
0 0.580078 0.628418 0.097656 0.098633
0 0.677734 0.136230 0.097656 0.098633
0 0.672363 0.234375 0.110352 0.111328
0 0.676758 0.344727 0.109375 0.111328
0 0.673828 0.457031 0.109375 0.111328
0 0.675781 0.571777 0.109375 0.110352
0 0.773926 0.404297 0.110352 0.111328
0 0.775879 0.487305 0.073242 0.074219
0 0.765625 0.626953 0.097656 0.097656
0 0.865234 0.238770 0.109375 0.110352
0 0.865234 0.454102 0.097656 0.097656
0 0.862305 0.563477 0.097656 0.097656
0 0.861816 0.658203 0.110352 0.111328
0 0.872070 0.778809 0.097656 0.098633
0 0.862305 0.898926 0.060547 0.061523
0 0.772461 0.729004 0.097656 0.098633
0 0.776367 0.845215 0.097656 0.098633
0 0.674805 0.675293 0.097656 0.098633
0 0.675781 0.784668 0.097656 0.098633
0 0.676270 0.900879 0.073242 0.073242
0 0.585449 0.734863 0.110352 0.110352
0 0.578125 0.832520 0.097656 0.098633
0 0.488770 0.682129 0.110352 0.110352
0 0.490234 0.790527 0.109375 0.110352
0 0.490234 0.907715 0.097656 0.098633
0 0.395508 0.731934 0.109375 0.110352
0 0.391602 0.841309 0.109375 0.110352
0 0.304199 0.681152 0.110352 0.110352
0 0.295410 0.777832 0.110352 0.110352
0 0.298828 0.889648 0.097656 0.097656
0 0.206543 0.730957 0.110352 0.110352
0 0.208496 0.847656 0.110352 0.111328
0 0.110352 0.784180 0.109375 0.111328
0 0.109375 0.903809 0.060547 0.061523