0 0.104980 0.346191 0.073242 0.073242
0 0.108398 0.451172 0.085938 0.085938
0 0.853027 0.274902 0.073242 0.073242
0 0.854004 0.166992 0.084961 0.085938
0 0.479980 0.389648 0.073242 0.074219
0 0.464355 0.282227 0.073242 0.074219
0 0.772949 0.764648 0.084961 0.085938
0 0.294434 0.713379 0.073242 0.073242
0 0.282715 0.600098 0.073242 0.073242
0 0.778809 0.661133 0.084961 0.085938
0 0.479004 0.591309 0.073242 0.073242
0 0.689941 0.705078 0.084961 0.085938
0 0.581543 0.661621 0.073242 0.073242
0 0.583496 0.536621 0.073242 0.073242
0 0.201172 0.646484 0.085938 0.085938
0 0.479980 0.478027 0.073242 0.073242
0 0.575684 0.439453 0.073242 0.074219
0 0.194824 0.527832 0.073242 0.073242
0 0.093262 0.148926 0.061523 0.061523
0 0.094238 0.235840 0.061523 0.061523
0 0.112305 0.587891 0.085938 0.085938
0 0.111816 0.704102 0.084961 0.085938
0 0.199219 0.216309 0.048828 0.049805
0 0.198242 0.319824 0.048828 0.049805
0 0.201660 0.429199 0.073242 0.073242
0 0.273438 0.179199 0.060547 0.061523
0 0.277344 0.276855 0.060547 0.061523
0 0.277344 0.361816 0.060547 0.061523
0 0.286621 0.470215 0.061523 0.061523
0 0.361816 0.230957 0.061523 0.061523
0 0.369629 0.336426 0.073242 0.073242
0 0.383301 0.424316 0.073242 0.073242
0 0.381348 0.535645 0.073242 0.073242
0 0.384277 0.656738 0.073242 0.073242
0 0.451660 0.170410 0.061523 0.061523
0 0.495117 0.705566 0.085938 0.086914
0 0.570801 0.322266 0.073242 0.074219
0 0.681641 0.164551 0.097656 0.098633
0 0.687012 0.281250 0.110352 0.111328
0 0.692871 0.385742 0.110352 0.111328
0 0.687988 0.491211 0.073242 0.074219
0 0.686035 0.602539 0.073242 0.074219
0 0.777344 0.214355 0.097656 0.098633
0 0.777344 0.331055 0.097656 0.097656
0 0.777832 0.445312 0.073242 0.074219
0 0.772949 0.546875 0.073242 0.074219
0 0.877441 0.379883 0.073242 0.074219
0 0.872070 0.494141 0.097656 0.097656
0 0.875000 0.605469 0.097656 0.097656
0 0.871094 0.721680 0.109375 0.111328
0 0.869629 0.832031 0.110352 0.111328
0 0.868652 0.940918 0.110352 0.110352
0 0.776855 0.865234 0.084961 0.085938
0 0.681152 0.831543 0.073242 0.073242
0 0.680664 0.937012 0.109375 0.110352
0 0.588867 0.775391 0.085938 0.085938
0 0.583984 0.891113 0.109375 0.110352
0 0.488770 0.832520 0.110352 0.110352
0 0.488770 0.942871 0.110352 0.110352
0 0.388184 0.773926 0.084961 0.086914
0 0.399414 0.885254 0.097656 0.098633
0 0.295898 0.819336 0.085938 0.085938
0 0.299805 0.942383 0.085938 0.085938
0 0.202637 0.770020 0.073242 0.073242
0 0.210938 0.882324 0.097656 0.098633
0 0.113770 0.799805 0.084961 0.085938
0 0.107422 0.938477 0.097656 0.097656