0 0.118652 0.118164 0.036133 0.037109
0 0.119141 0.216797 0.097656 0.097656
0 0.118164 0.325684 0.109375 0.110352
0 0.115723 0.446289 0.122070 0.123047
0 0.121094 0.556152 0.109375 0.110352
0 0.115234 0.665527 0.097656 0.098633
0 0.214355 0.175781 0.084961 0.085938
0 0.211914 0.273438 0.097656 0.097656
0 0.210449 0.389648 0.110352 0.111328
0 0.206543 0.501953 0.122070 0.123047
0 0.208984 0.604004 0.109375 0.110352
0 0.314453 0.122559 0.060547 0.061523
0 0.306641 0.220703 0.085938 0.085938
0 0.308105 0.332031 0.110352 0.111328
0 0.300293 0.445312 0.122070 0.123047
0 0.300293 0.553223 0.110352 0.110352
0 0.403320 0.170898 0.085938 0.085938
0 0.395508 0.280762 0.097656 0.098633
0 0.405273 0.391113 0.109375 0.110352
0 0.402832 0.502930 0.122070 0.123047
0 0.401855 0.614746 0.061523 0.061523
0 0.305176 0.667480 0.110352 0.110352
0 0.500488 0.129395 0.061523 0.061523
0 0.497070 0.223145 0.097656 0.098633
0 0.501465 0.337891 0.122070 0.123047
0 0.494141 0.446777 0.109375 0.110352
0 0.497559 0.561523 0.122070 0.123047
0 0.500000 0.667969 0.109375 0.111328
0 0.594727 0.172363 0.097656 0.098633
0 0.590332 0.281738 0.110352 0.110352
0 0.582520 0.385742 0.122070 0.123047
0 0.591309 0.508301 0.110352 0.110352
0 0.592285 0.611328 0.122070 0.123047
0 0.684570 0.139648 0.048828 0.048828
0 0.681641 0.225098 0.097656 0.098633
0 0.681152 0.340332 0.122070 0.122070
0 0.685059 0.446289 0.122070 0.123047
0 0.684082 0.562988 0.110352 0.110352
0 0.680176 0.666016 0.122070 0.123047
0 0.770020 0.172363 0.073242 0.073242
0 0.774414 0.284668 0.109375 0.110352
0 0.775391 0.394043 0.109375 0.110352
0 0.775391 0.501953 0.085938 0.085938
0 0.780762 0.615723 0.110352 0.110352
0 0.880371 0.224609 0.122070 0.123047
0 0.868652 0.333008 0.122070 0.123047
0 0.875977 0.453613 0.097656 0.098633
0 0.876953 0.552246 0.097656 0.098633
0 0.873535 0.671875 0.122070 0.123047
0 0.870605 0.786621 0.110352 0.110352
0 0.873047 0.890137 0.097656 0.098633
0 0.769043 0.721191 0.110352 0.110352
0 0.777344 0.832520 0.097656 0.098633
0 0.775391 0.940918 0.097656 0.098633
0 0.680664 0.777832 0.097656 0.098633
0 0.682617 0.883789 0.097656 0.097656
0 0.588379 0.722656 0.122070 0.123047
0 0.587891 0.833984 0.097656 0.097656
0 0.587891 0.941406 0.097656 0.097656
0 0.490234 0.779297 0.097656 0.097656
0 0.497070 0.889648 0.097656 0.097656
0 0.404785 0.717773 0.110352 0.111328
0 0.400391 0.833008 0.097656 0.097656
0 0.398926 0.933594 0.073242 0.074219
0 0.303711 0.778809 0.109375 0.110352
0 0.303711 0.884277 0.097656 0.098633
0 0.210938 0.714355 0.109375 0.110352
0 0.215332 0.828613 0.110352 0.110352
0 0.212402 0.938965 0.110352 0.110352
0 0.119141 0.776855 0.097656 0.098633
0 0.113281 0.885254 0.097656 0.098633