0 0.255371 0.242188 0.073242 0.074219
1 0.907227 0.705078 0.097656 0.097656
0 0.901367 0.809082 0.097656 0.098633
0 0.903320 0.918457 0.097656 0.098633
0 0.812012 0.757324 0.110352 0.110352
0 0.811523 0.864746 0.097656 0.098633
0 0.716309 0.700684 0.110352 0.110352
0 0.718750 0.803711 0.109375 0.111328
0 0.714844 0.918457 0.097656 0.098633
0 0.622070 0.876465 0.109375 0.110352
0 0.543457 0.686523 0.110352 0.111328
0 0.535156 0.786621 0.109375 0.110352
0 0.535156 0.931152 0.109375 0.110352
0 0.425781 0.744629 0.109375 0.110352
0 0.336914 0.701660 0.097656 0.098633
0 0.271484 0.936035 0.048828 0.049805
0 0.336426 0.795410 0.110352 0.110352
0 0.062500 0.736328 0.085938 0.085938
0 0.064453 0.833008 0.097656 0.097656
0 0.908203 0.599121 0.109375 0.110352
0 0.800781 0.642090 0.109375 0.110352
0 0.814453 0.310547 0.097656 0.097656
0 0.909668 0.151855 0.110352 0.110352
0 0.911133 0.265137 0.109375 0.110352
0 0.811523 0.087891 0.097656 0.097656
0 0.819336 0.201172 0.109375 0.111328
1 0.723633 0.124512 0.097656 0.098633
0 0.719727 0.254395 0.109375 0.110352
0 0.719727 0.381836 0.097656 0.097656
0 0.716797 0.581055 0.109375 0.111328
0 0.632812 0.435059 0.097656 0.098633
0 0.629395 0.323242 0.110352 0.111328
0 0.630371 0.199707 0.110352 0.110352
0 0.626953 0.089355 0.109375 0.110352
0 0.544922 0.142090 0.097656 0.098633
0 0.548828 0.235840 0.097656 0.098633
0 0.544922 0.375488 0.109375 0.110352
0 0.548828 0.486816 0.109375 0.110352
0 0.534668 0.593750 0.110352 0.111328
0 0.433594 0.636719 0.109375 0.111328
0 0.435059 0.531250 0.110352 0.111328
0 0.435059 0.415039 0.084961 0.085938
0 0.440430 0.192871 0.097656 0.098633
0 0.443359 0.092773 0.109375 0.111328
0 0.073730 0.074219 0.084961 0.085938
0 0.143555 0.125000 0.085938 0.085938
0 0.066895 0.218750 0.084961 0.085938
0 0.153809 0.274414 0.084961 0.085938
0 0.258301 0.319336 0.084961 0.085938
0 0.157227 0.672852 0.085938 0.085938
0 0.060059 0.629395 0.110352 0.110352
0 0.064453 0.524414 0.097656 0.097656
0 0.068359 0.430664 0.097656 0.097656
0 0.257812 0.420410 0.097656 0.098633
0 0.152344 0.479980 0.097656 0.098633
0 0.154785 0.583008 0.084961 0.085938
0 0.068359 0.330078 0.085938 0.085938
0 0.149902 0.367188 0.084961 0.085938
0 0.355469 0.584473 0.097656 0.098633