0 0.864258 0.902344 0.097656 0.097656
0 0.677734 0.901855 0.097656 0.098633
0 0.582031 0.868164 0.097656 0.097656
0 0.488770 0.915039 0.110352 0.111328
0 0.393066 0.863770 0.110352 0.110352
0 0.298828 0.930176 0.109375 0.110352
0 0.208008 0.869141 0.085938 0.085938
0 0.109863 0.918457 0.084961 0.086914
0 0.871094 0.124023 0.085938 0.085938
0 0.860352 0.228516 0.085938 0.085938
0 0.864258 0.353516 0.085938 0.085938
0 0.857422 0.453125 0.085938 0.085938
0 0.863770 0.584961 0.084961 0.085938
0 0.862305 0.790039 0.097656 0.097656
0 0.771484 0.074707 0.097656 0.098633
0 0.775391 0.190430 0.085938 0.085938
0 0.773438 0.298340 0.097656 0.098633
0 0.770996 0.407227 0.084961 0.085938
0 0.769531 0.524902 0.097656 0.098633
0 0.770508 0.638184 0.097656 0.098633
0 0.680664 0.139648 0.097656 0.097656
0 0.681641 0.242188 0.097656 0.097656
0 0.682129 0.352539 0.084961 0.085938
0 0.681641 0.470215 0.097656 0.098633
0 0.677734 0.583008 0.085938 0.085938
0 0.674805 0.692383 0.097656 0.097656
0 0.669922 0.791016 0.085938 0.085938
0 0.594238 0.090332 0.110352 0.110352
0 0.587891 0.204590 0.097656 0.098633
0 0.583984 0.313965 0.097656 0.098633
0 0.583984 0.427246 0.097656 0.098633
0 0.585938 0.540039 0.097656 0.097656
0 0.585938 0.637695 0.109375 0.111328
0 0.580566 0.749512 0.110352 0.110352
0 0.489746 0.053711 0.084961 0.085938
0 0.486816 0.160156 0.084961 0.085938
0 0.489746 0.256836 0.084961 0.085938
0 0.486816 0.371094 0.084961 0.085938
0 0.489258 0.485352 0.097656 0.097656
0 0.486816 0.609375 0.084961 0.085938
0 0.491699 0.711914 0.084961 0.085938
0 0.397461 0.757324 0.097656 0.098633
0 0.392090 0.650391 0.110352 0.111328
0 0.398438 0.540039 0.097656 0.097656
0 0.404297 0.424316 0.109375 0.110352
0 0.403320 0.318848 0.097656 0.098633
1 0.398926 0.210938 0.084961 0.085938
0 0.397949 0.098633 0.084961 0.085938
0 0.304688 0.153320 0.085938 0.085938
0 0.299805 0.262695 0.097656 0.097656
0 0.309570 0.379883 0.109375 0.111328
0 0.304688 0.476074 0.097656 0.098633
0 0.311035 0.597168 0.110352 0.110352
0 0.305664 0.699707 0.109375 0.110352
0 0.212402 0.751465 0.110352 0.110352
0 0.305664 0.815430 0.085938 0.085938
0 0.217773 0.658203 0.109375 0.111328
0 0.205078 0.534668 0.109375 0.110352
0 0.205078 0.422363 0.109375 0.110352
0 0.208984 0.312012 0.109375 0.110352
0 0.212891 0.208008 0.109375 0.111328
0 0.218750 0.085449 0.097656 0.098633
0 0.124023 0.137695 0.085938 0.085938
0 0.120117 0.362793 0.097656 0.098633
0 0.116211 0.245605 0.085938 0.086914
0 0.113281 0.577148 0.085938 0.085938
0 0.118164 0.697266 0.085938 0.085938
0 0.115723 0.477539 0.084961 0.085938
0 0.116699 0.803711 0.084961 0.085938
0 0.495605 0.822754 0.110352 0.110352