0 0.895020 0.841797 0.073242 0.074219
0 0.615723 0.595215 0.073242 0.073242
0 0.055664 0.051758 0.097656 0.097656
0 0.143555 0.086914 0.085938 0.085938
0 0.240234 0.139160 0.097656 0.098633
0 0.329590 0.089355 0.110352 0.110352
0 0.427734 0.140625 0.097656 0.097656
0 0.518555 0.084473 0.097656 0.098633
0 0.608887 0.147461 0.084961 0.085938
0 0.707031 0.084961 0.085938 0.085938
0 0.794922 0.145996 0.097656 0.098633
0 0.895508 0.078613 0.097656 0.098633
1 0.800781 0.680176 0.085938 0.086914
0 0.800781 0.569336 0.085938 0.085938
0 0.707520 0.624023 0.073242 0.074219
0 0.711426 0.729492 0.073242 0.074219
0 0.515137 0.630859 0.084961 0.085938
0 0.049805 0.715820 0.097656 0.097656
0 0.043457 0.818359 0.084961 0.085938
0 0.140625 0.861816 0.097656 0.098633
0 0.148438 0.750977 0.097656 0.097656
0 0.141602 0.643066 0.097656 0.098633
0 0.230469 0.585938 0.097656 0.097656
0 0.236328 0.692871 0.097656 0.098633
0 0.234375 0.800293 0.097656 0.098633
0 0.233398 0.915039 0.097656 0.097656
0 0.327637 0.857910 0.110352 0.110352
0 0.325195 0.743652 0.109375 0.110352
0 0.323730 0.632812 0.110352 0.111328
0 0.421875 0.589844 0.097656 0.097656
0 0.413086 0.692871 0.109375 0.110352
0 0.425781 0.796875 0.109375 0.111328
0 0.417969 0.908691 0.109375 0.110352
0 0.519043 0.859375 0.084961 0.085938
0 0.513672 0.732910 0.109375 0.110352
0 0.611816 0.693359 0.084961 0.085938
0 0.610352 0.792969 0.097656 0.097656
0 0.613281 0.928223 0.097656 0.098633
0 0.702148 0.828613 0.097656 0.098633
0 0.799316 0.885742 0.084961 0.085938
0 0.894043 0.635742 0.084961 0.085938
1 0.899414 0.306641 0.085938 0.085938
0 0.896484 0.172852 0.097656 0.097656
0 0.803711 0.250488 0.109375 0.110352
0 0.802734 0.373535 0.097656 0.098633
0 0.802246 0.468262 0.084961 0.086914
0 0.713379 0.540039 0.084961 0.085938
0 0.707520 0.416504 0.110352 0.110352
0 0.708496 0.307129 0.110352 0.110352
0 0.708984 0.196777 0.097656 0.098633
0 0.609375 0.255371 0.097656 0.098633
0 0.611328 0.365723 0.097656 0.098633
0 0.610352 0.469727 0.085938 0.085938
0 0.512695 0.527832 0.109375 0.110352
0 0.515625 0.423340 0.097656 0.098633
0 0.515625 0.305664 0.085938 0.085938
0 0.514648 0.199219 0.085938 0.085938
0 0.423828 0.245605 0.097656 0.098633
0 0.420898 0.353027 0.097656 0.098633
0 0.426758 0.458984 0.097656 0.097656
0 0.333984 0.510742 0.109375 0.111328
0 0.332520 0.410156 0.110352 0.111328
0 0.326660 0.319824 0.110352 0.110352
0 0.332520 0.193848 0.110352 0.110352
0 0.242188 0.246094 0.097656 0.097656
0 0.242188 0.357422 0.097656 0.097656
0 0.235352 0.467773 0.085938 0.085938
0 0.143555 0.533691 0.097656 0.098633
0 0.139648 0.430664 0.085938 0.085938
0 0.147461 0.309570 0.097656 0.097656
0 0.139648 0.203125 0.097656 0.097656
0 0.050781 0.274414 0.097656 0.097656
0 0.899414 0.429199 0.109375 0.110352
0 0.894531 0.520020 0.109375 0.110352