0 0.483887 0.079590 0.073242 0.073242
0 0.100098 0.956543 0.073242 0.073242
1 0.765625 0.677246 0.085938 0.086914
0 0.104004 0.062500 0.073242 0.074219
0 0.100586 0.195312 0.097656 0.097656
0 0.100098 0.296875 0.110352 0.111328
0 0.096191 0.406738 0.110352 0.110352
0 0.199219 0.125977 0.085938 0.085938
0 0.200195 0.243164 0.097656 0.097656
0 0.202148 0.355469 0.097656 0.097656
0 0.284180 0.062012 0.060547 0.061523
0 0.291992 0.167969 0.085938 0.085938
0 0.291016 0.302734 0.097656 0.097656
0 0.290039 0.388672 0.097656 0.097656
0 0.389160 0.144043 0.073242 0.073242
0 0.389648 0.243652 0.109375 0.110352
0 0.391602 0.355957 0.109375 0.110352
0 0.483887 0.190430 0.084961 0.085938
0 0.481934 0.302246 0.110352 0.110352
0 0.479980 0.415039 0.122070 0.123047
0 0.584961 0.132324 0.109375 0.110352
0 0.572266 0.245605 0.109375 0.110352
0 0.575684 0.354980 0.110352 0.110352
0 0.675293 0.087891 0.122070 0.123047
0 0.681641 0.184082 0.109375 0.110352
0 0.686523 0.300293 0.109375 0.110352
0 0.679688 0.407715 0.109375 0.110352
0 0.782227 0.236328 0.085938 0.085938
0 0.765625 0.354004 0.109375 0.110352
0 0.870605 0.080078 0.122070 0.123047
0 0.870605 0.189453 0.110352 0.111328
0 0.868652 0.291504 0.110352 0.110352
0 0.861816 0.406738 0.110352 0.110352
0 0.961426 0.776855 0.073242 0.073242
0 0.962402 0.873535 0.073242 0.073242
0 0.867188 0.515137 0.109375 0.110352
0 0.866211 0.626465 0.109375 0.110352
0 0.769531 0.467285 0.109375 0.110352
0 0.772461 0.580078 0.085938 0.085938
0 0.675293 0.511230 0.110352 0.110352
0 0.671387 0.621582 0.110352 0.110352
0 0.675781 0.732910 0.097656 0.098633
0 0.571777 0.464355 0.110352 0.110352
0 0.583008 0.693848 0.097656 0.098633
0 0.574219 0.790039 0.097656 0.097656
0 0.478516 0.516113 0.109375 0.110352
0 0.478027 0.631836 0.122070 0.123047
0 0.482910 0.731445 0.122070 0.123047
0 0.389648 0.469238 0.109375 0.110352
0 0.384277 0.573242 0.122070 0.123047
0 0.381348 0.679688 0.122070 0.123047
0 0.378418 0.793945 0.122070 0.123047
0 0.284668 0.517578 0.122070 0.123047
0 0.289551 0.625000 0.122070 0.123047
0 0.289551 0.732422 0.122070 0.123047
0 0.291504 0.846191 0.110352 0.110352
0 0.198730 0.468750 0.122070 0.123047
0 0.195801 0.574219 0.122070 0.123047
0 0.193848 0.672852 0.122070 0.123047
0 0.193848 0.793945 0.122070 0.123047
0 0.198242 0.901855 0.109375 0.110352
0 0.104004 0.510742 0.122070 0.123047
0 0.102051 0.627930 0.122070 0.123047
0 0.101074 0.739258 0.122070 0.123047
0 0.097656 0.850098 0.097656 0.098633
1 0.392578 0.902344 0.097656 0.097656