0 0.527832 0.767578 0.073242 0.074219
0 0.519043 0.647949 0.073242 0.073242
0 0.146973 0.664551 0.073242 0.073242
0 0.238770 0.820801 0.061523 0.061523
0 0.707520 0.878418 0.073242 0.073242
0 0.593262 0.720703 0.073242 0.074219
0 0.882324 0.331055 0.084961 0.085938
0 0.885742 0.438965 0.109375 0.110352
0 0.875488 0.550781 0.110352 0.111328
0 0.786133 0.484375 0.097656 0.097656
0 0.785156 0.346191 0.097656 0.098633
0 0.785156 0.256348 0.109375 0.110352
0 0.693359 0.216309 0.097656 0.098633
0 0.697266 0.333496 0.109375 0.110352
0 0.699707 0.445312 0.084961 0.085938
0 0.591797 0.813477 0.048828 0.048828
0 0.419922 0.266602 0.048828 0.048828
0 0.595215 0.279785 0.084961 0.086914
0 0.595215 0.375977 0.084961 0.085938
0 0.607910 0.500977 0.110352 0.111328
0 0.515137 0.522949 0.110352 0.110352
0 0.415527 0.477539 0.084961 0.085938
0 0.507324 0.325195 0.084961 0.085938
0 0.508789 0.431641 0.048828 0.048828
0 0.712402 0.689453 0.084961 0.085938
0 0.518555 0.880371 0.109375 0.110352
0 0.420410 0.831543 0.110352 0.110352
0 0.417969 0.708984 0.109375 0.111328
0 0.419922 0.923340 0.097656 0.098633
0 0.325195 0.328125 0.048828 0.048828
0 0.235352 0.283203 0.048828 0.048828
0 0.230469 0.383789 0.048828 0.048828
0 0.140625 0.336914 0.037109 0.037109
0 0.130371 0.452637 0.036133 0.036133
0 0.039551 0.376953 0.024414 0.025391
0 0.328125 0.434570 0.097656 0.097656
0 0.318848 0.546387 0.110352 0.110352
0 0.329102 0.660645 0.109375 0.110352
0 0.331543 0.773926 0.110352 0.110352
0 0.326172 0.876953 0.085938 0.085938
0 0.229980 0.487793 0.110352 0.110352
0 0.234863 0.616699 0.110352 0.110352
0 0.234375 0.715332 0.097656 0.098633
0 0.145508 0.791992 0.097656 0.097656
0 0.147461 0.572266 0.097656 0.097656
0 0.055664 0.504395 0.097656 0.098633
0 0.056641 0.608398 0.097656 0.097656
0 0.049805 0.725586 0.097656 0.097656
0 0.052246 0.828125 0.084961 0.085938
0 0.147949 0.886719 0.084961 0.085938
0 0.413086 0.374512 0.048828 0.049805