1 0.950195 0.150879 0.060547 0.061523
0 0.944336 0.589355 0.109375 0.110352
0 0.941406 0.806641 0.109375 0.111328
0 0.855469 0.119629 0.097656 0.098633
0 0.858398 0.191406 0.085938 0.085938
0 0.853027 0.305664 0.110352 0.111328
0 0.846191 0.430176 0.110352 0.110352
0 0.848633 0.534668 0.109375 0.110352
0 0.852539 0.634766 0.097656 0.097656
0 0.853516 0.749512 0.097656 0.098633
0 0.848633 0.863281 0.085938 0.085938
0 0.758789 0.147949 0.097656 0.098633
0 0.755859 0.261230 0.085938 0.086914
0 0.758789 0.366699 0.097656 0.098633
0 0.760742 0.480957 0.097656 0.098633
0 0.756836 0.589355 0.097656 0.098633
0 0.762207 0.695801 0.084961 0.086914
0 0.760742 0.802246 0.109375 0.110352
0 0.666992 0.089355 0.097656 0.098633
0 0.663086 0.201172 0.097656 0.097656
0 0.663086 0.303711 0.085938 0.085938
0 0.664062 0.414551 0.097656 0.098633
0 0.663086 0.530762 0.097656 0.098633
0 0.660156 0.637207 0.097656 0.098633
0 0.665039 0.756836 0.097656 0.097656
0 0.659668 0.863281 0.084961 0.085938
0 0.567383 0.145020 0.109375 0.110352
0 0.574219 0.258301 0.097656 0.098633
0 0.565918 0.370117 0.084961 0.085938
0 0.565918 0.507812 0.084961 0.085938
0 0.562988 0.593750 0.084961 0.085938
0 0.564453 0.696777 0.109375 0.110352
0 0.570801 0.811523 0.122070 0.123047
0 0.477051 0.090332 0.110352 0.110352
0 0.475586 0.205078 0.109375 0.111328
0 0.476562 0.312012 0.097656 0.098633
0 0.472656 0.420898 0.097656 0.097656
0 0.480469 0.535645 0.097656 0.098633
0 0.471191 0.645996 0.110352 0.110352
0 0.471191 0.744629 0.110352 0.110352
0 0.467285 0.849121 0.110352 0.110352
0 0.389160 0.146484 0.084961 0.085938
0 0.383789 0.255371 0.097656 0.098633
0 0.375977 0.372559 0.097656 0.098633
0 0.380859 0.470215 0.097656 0.098633
0 0.378418 0.588867 0.084961 0.085938
0 0.376953 0.696777 0.097656 0.098633
0 0.377930 0.798340 0.109375 0.110352
0 0.293457 0.092773 0.084961 0.085938
0 0.287109 0.206055 0.097656 0.097656
0 0.284180 0.309082 0.097656 0.098633
0 0.281250 0.422363 0.097656 0.098633
0 0.277344 0.538086 0.085938 0.085938
0 0.280273 0.643066 0.097656 0.098633
0 0.281250 0.742188 0.097656 0.097656
0 0.274414 0.843262 0.109375 0.110352
0 0.181641 0.792480 0.109375 0.110352
0 0.179199 0.689941 0.110352 0.110352
0 0.181641 0.578125 0.109375 0.111328
0 0.182129 0.466309 0.110352 0.110352
1 0.195312 0.358398 0.097656 0.097656
0 0.186035 0.251465 0.110352 0.110352
0 0.189941 0.142090 0.110352 0.110352
1 0.092773 0.096680 0.097656 0.097656
0 0.086914 0.200684 0.097656 0.098633
0 0.088867 0.310059 0.097656 0.098633
0 0.091797 0.415527 0.109375 0.110352
0 0.086426 0.533691 0.110352 0.110352
0 0.087402 0.637695 0.110352 0.111328
0 0.092773 0.752441 0.097656 0.098633
0 0.089844 0.858887 0.097656 0.098633