0 0.210938 0.573730 0.097656 0.098633
0 0.304688 0.630371 0.109375 0.110352
0 0.309082 0.078613 0.061523 0.061523
0 0.305176 0.195312 0.084961 0.085938
0 0.209961 0.133301 0.097656 0.098633
0 0.209473 0.251465 0.110352 0.110352
0 0.117188 0.077148 0.085938 0.085938
0 0.111328 0.189941 0.085938 0.086914
0 0.113281 0.303223 0.097656 0.098633
0 0.113281 0.409668 0.109375 0.110352
0 0.113281 0.625000 0.097656 0.097656
0 0.110352 0.734375 0.097656 0.097656
0 0.202637 0.359863 0.110352 0.110352
0 0.207031 0.461426 0.109375 0.110352
0 0.211914 0.687012 0.109375 0.110352
0 0.209473 0.791016 0.110352 0.111328
0 0.298340 0.299805 0.084961 0.085938
0 0.332520 0.338867 0.084961 0.085938
0 0.302246 0.420410 0.110352 0.110352
0 0.302734 0.735840 0.097656 0.098633
0 0.304688 0.846680 0.097656 0.097656
0 0.208008 0.905273 0.097656 0.097656
0 0.109863 0.829102 0.110352 0.111328
0 0.120117 0.949707 0.097656 0.098633