0 0.523438 0.274414 0.085938 0.085938
0 0.717285 0.278809 0.073242 0.073242
0 0.710449 0.496094 0.084961 0.085938
0 0.715332 0.612793 0.073242 0.073242
0 0.805176 0.437988 0.073242 0.073242
0 0.811035 0.664062 0.084961 0.085938
0 0.804199 0.552246 0.061523 0.061523
0 0.807617 0.780273 0.085938 0.085938
0 0.812012 0.332520 0.073242 0.073242
0 0.059082 0.318359 0.110352 0.111328
0 0.150391 0.059082 0.109375 0.110352
0 0.147461 0.166016 0.097656 0.097656
0 0.149414 0.280273 0.097656 0.097656
0 0.241699 0.113770 0.110352 0.110352
0 0.241211 0.221191 0.097656 0.098633
0 0.333496 0.062500 0.084961 0.085938
0 0.336426 0.169922 0.084961 0.085938
0 0.336426 0.278320 0.073242 0.074219
0 0.428223 0.114746 0.073242 0.073242
1 0.430176 0.226074 0.073242 0.073242
0 0.525391 0.070312 0.085938 0.085938
0 0.522461 0.170410 0.085938 0.086914
0 0.617676 0.114258 0.084961 0.085938
0 0.618652 0.221680 0.084961 0.085938
0 0.716797 0.056641 0.097656 0.097656
0 0.713379 0.170410 0.061523 0.061523
0 0.622070 0.333496 0.085938 0.086914
0 0.434570 0.327637 0.097656 0.098633
0 0.806641 0.113281 0.085938 0.085938
0 0.807617 0.221680 0.085938 0.085938
0 0.709473 0.387207 0.073242 0.073242
0 0.712891 0.718750 0.085938 0.085938
0 0.713867 0.830078 0.097656 0.097656
0 0.617188 0.444336 0.085938 0.085938
0 0.613281 0.556152 0.097656 0.098633
0 0.616211 0.664062 0.085938 0.085938
0 0.616211 0.770508 0.097656 0.097656
0 0.520508 0.391113 0.097656 0.098633
0 0.520508 0.498535 0.097656 0.098633
0 0.522949 0.613281 0.084961 0.085938
0 0.525879 0.721680 0.084961 0.085938
0 0.524414 0.826172 0.097656 0.097656
0 0.428711 0.439941 0.097656 0.098633
0 0.431641 0.552734 0.097656 0.097656
0 0.428223 0.671875 0.084961 0.085938
0 0.426758 0.774414 0.097656 0.097656
0 0.338867 0.384766 0.097656 0.097656
0 0.335938 0.504883 0.085938 0.085938
0 0.338379 0.613281 0.073242 0.074219
0 0.336426 0.721680 0.073242 0.074219
0 0.328613 0.833496 0.073242 0.073242
0 0.241211 0.333984 0.109375 0.111328
0 0.240234 0.445312 0.097656 0.097656
0 0.244141 0.558594 0.097656 0.097656
0 0.244629 0.664062 0.084961 0.085938
0 0.246094 0.772949 0.097656 0.098633
0 0.146484 0.387695 0.097656 0.097656
0 0.146484 0.498535 0.097656 0.098633
0 0.148926 0.609375 0.084961 0.085938
0 0.147461 0.721191 0.097656 0.098633
0 0.147461 0.835449 0.097656 0.098633
0 0.051758 0.665039 0.085938 0.085938
0 0.053711 0.773926 0.097656 0.098633
0 0.148438 0.936523 0.097656 0.097656
0 0.241699 0.887695 0.073242 0.074219
0 0.333496 0.939453 0.073242 0.074219
0 0.431641 0.882324 0.097656 0.098633
0 0.524414 0.934082 0.097656 0.098633
0 0.618164 0.885254 0.085938 0.086914
0 0.717773 0.938965 0.097656 0.098633
0 0.807129 0.878906 0.084961 0.085938