0 0.396973 0.847168 0.073242 0.073242
0 0.298340 0.678223 0.061523 0.061523
0 0.393066 0.724121 0.061523 0.061523
0 0.486328 0.685547 0.060547 0.060547
0 0.119629 0.680176 0.061523 0.061523
0 0.115234 0.793457 0.097656 0.098633
0 0.118164 0.898926 0.097656 0.098633
0 0.209961 0.732910 0.097656 0.098633
0 0.211914 0.848145 0.085938 0.086914
0 0.303711 0.791992 0.085938 0.085938
0 0.300781 0.902344 0.085938 0.085938
0 0.495117 0.789062 0.097656 0.097656
0 0.493652 0.897461 0.084961 0.085938
1 0.586426 0.731445 0.073242 0.074219
1 0.679688 0.785156 0.085938 0.085938
1 0.685059 0.897461 0.073242 0.074219
0 0.591797 0.841797 0.097656 0.097656