0 0.550781 0.134277 0.085938 0.086914
0 0.064941 0.297852 0.073242 0.074219
0 0.926758 0.127930 0.085938 0.085938
0 0.827148 0.076172 0.097656 0.097656
0 0.731934 0.129883 0.084961 0.085938
0 0.650391 0.072754 0.097656 0.098633
0 0.453613 0.090332 0.024414 0.024414
0 0.357910 0.124512 0.024414 0.024414
0 0.354004 0.233887 0.024414 0.024414
0 0.356934 0.315918 0.024414 0.024414
0 0.454590 0.177246 0.024414 0.024414
0 0.447754 0.284668 0.024414 0.024414
0 0.547852 0.315430 0.037109 0.037109
0 0.544922 0.232910 0.109375 0.110352
0 0.654297 0.176758 0.085938 0.085938
0 0.654785 0.285645 0.073242 0.073242
0 0.735352 0.235840 0.097656 0.098633
0 0.726074 0.351074 0.061523 0.061523
0 0.827148 0.182129 0.097656 0.098633
0 0.832031 0.289551 0.097656 0.098633
0 0.935547 0.239258 0.097656 0.097656
0 0.066406 0.079102 0.097656 0.097656
0 0.071289 0.190430 0.097656 0.097656
0 0.073730 0.474609 0.036133 0.037109
0 0.074219 0.573242 0.097656 0.097656
0 0.073242 0.682129 0.109375 0.110352
0 0.070801 0.802734 0.122070 0.123047
0 0.076172 0.912598 0.109375 0.110352
0 0.169434 0.532227 0.084961 0.085938
0 0.166992 0.629883 0.097656 0.097656
0 0.165527 0.746094 0.110352 0.111328
0 0.161621 0.858398 0.122070 0.123047
0 0.269531 0.479004 0.060547 0.061523
0 0.261719 0.577148 0.085938 0.085938
0 0.263184 0.688477 0.110352 0.111328
0 0.255371 0.801758 0.122070 0.123047
0 0.255371 0.909668 0.110352 0.110352
0 0.358398 0.527344 0.085938 0.085938
0 0.350586 0.637207 0.097656 0.098633
0 0.360352 0.747559 0.109375 0.110352
0 0.357910 0.859375 0.122070 0.123047
0 0.455566 0.485840 0.061523 0.061523
0 0.452148 0.579590 0.097656 0.098633
0 0.456543 0.694336 0.122070 0.123047
0 0.449219 0.803223 0.109375 0.110352
0 0.452637 0.917969 0.122070 0.123047
0 0.549805 0.528809 0.097656 0.098633
0 0.545410 0.638184 0.110352 0.110352
0 0.537598 0.742188 0.122070 0.123047
0 0.546387 0.864746 0.110352 0.110352
0 0.639648 0.496094 0.048828 0.048828
0 0.636719 0.581543 0.097656 0.098633
0 0.636230 0.696777 0.122070 0.122070
0 0.640137 0.802734 0.122070 0.123047
0 0.639160 0.919434 0.110352 0.110352
0 0.725098 0.528809 0.073242 0.073242
0 0.729492 0.641113 0.109375 0.110352
0 0.730469 0.750488 0.109375 0.110352
0 0.730469 0.858398 0.085938 0.085938
0 0.835449 0.581055 0.122070 0.123047
0 0.823730 0.689453 0.122070 0.123047
0 0.831055 0.810059 0.097656 0.098633
0 0.832031 0.908691 0.097656 0.098633
0 0.929199 0.526367 0.073242 0.074219
0 0.934570 0.638672 0.097656 0.097656
0 0.936523 0.864746 0.097656 0.098633