0 0.536621 0.758789 0.073242 0.074219
0 0.913086 0.331543 0.109375 0.110352
0 0.914062 0.444336 0.109375 0.111328
0 0.917969 0.551270 0.109375 0.110352
0 0.916992 0.659180 0.097656 0.097656
0 0.907227 0.770996 0.097656 0.098633
0 0.908691 0.877930 0.084961 0.085938
0 0.810547 0.409180 0.097656 0.097656
0 0.813477 0.501465 0.109375 0.110352
0 0.812012 0.603027 0.110352 0.110352
0 0.815918 0.717285 0.110352 0.110352
0 0.809082 0.830566 0.110352 0.110352
0 0.815430 0.940918 0.109375 0.110352
0 0.718750 0.874512 0.109375 0.110352
0 0.714844 0.768066 0.109375 0.110352
0 0.723633 0.669434 0.097656 0.098633
0 0.724121 0.551270 0.110352 0.110352
0 0.729492 0.437988 0.097656 0.098633
0 0.629883 0.384277 0.109375 0.110352
0 0.623535 0.500000 0.110352 0.111328
0 0.630859 0.610840 0.109375 0.110352
0 0.629883 0.710449 0.109375 0.110352
0 0.630859 0.826660 0.109375 0.110352
0 0.533691 0.872070 0.084961 0.085938
0 0.544434 0.644531 0.084961 0.085938
0 0.539062 0.549316 0.097656 0.098633
0 0.538086 0.436035 0.109375 0.110352
0 0.436035 0.385254 0.110352 0.110352
0 0.441406 0.494629 0.109375 0.110352
0 0.444824 0.608887 0.110352 0.110352
0 0.439453 0.711914 0.109375 0.111328
0 0.430664 0.818848 0.109375 0.110352
0 0.435547 0.926270 0.109375 0.110352
0 0.338867 0.891113 0.109375 0.110352
0 0.341309 0.785645 0.110352 0.110352
0 0.348145 0.653320 0.110352 0.111328
0 0.348145 0.545410 0.110352 0.110352
0 0.247559 0.386230 0.110352 0.110352
0 0.346680 0.432129 0.109375 0.110352
0 0.246094 0.495605 0.097656 0.098633
0 0.253906 0.597168 0.097656 0.098633
0 0.249512 0.713379 0.110352 0.110352
0 0.250000 0.828613 0.097656 0.098633
0 0.248047 0.937012 0.109375 0.110352
0 0.148438 0.871582 0.097656 0.098633
0 0.157715 0.773926 0.110352 0.110352
0 0.159180 0.659668 0.097656 0.098633
0 0.155762 0.537598 0.110352 0.110352
0 0.156738 0.439941 0.110352 0.110352
0 0.058594 0.395508 0.085938 0.085938
0 0.062500 0.504883 0.085938 0.085938
0 0.063965 0.599609 0.084961 0.085938
0 0.064941 0.715820 0.084961 0.085938
0 0.067383 0.823242 0.085938 0.085938
0 0.072266 0.940430 0.085938 0.085938
0 0.915039 0.096680 0.109375 0.111328
0 0.912109 0.211914 0.109375 0.111328
0 0.817383 0.273926 0.097656 0.098633
0 0.830078 0.157227 0.097656 0.097656
0 0.835938 0.048828 0.085938 0.085938
0 0.723633 0.109375 0.097656 0.097656
0 0.719238 0.210449 0.110352 0.110352
0 0.718750 0.322754 0.097656 0.098633
0 0.629883 0.272949 0.097656 0.098633
0 0.628418 0.168457 0.110352 0.110352
0 0.534180 0.110840 0.097656 0.098633
0 0.536133 0.216309 0.109375 0.110352
0 0.529297 0.333496 0.097656 0.098633
0 0.440430 0.289551 0.097656 0.098633
0 0.442383 0.162598 0.109375 0.110352
0 0.349609 0.114746 0.097656 0.098633
0 0.346191 0.211426 0.110352 0.110352
0 0.342773 0.323730 0.097656 0.098633
0 0.256836 0.272949 0.109375 0.110352
0 0.256836 0.161621 0.097656 0.098633
0 0.253418 0.044922 0.084961 0.085938
0 0.153320 0.213867 0.097656 0.097656
0 0.156250 0.318359 0.085938 0.085938
0 0.064941 0.273438 0.084961 0.085938
0 0.062012 0.153320 0.084961 0.085938