0 0.341309 0.328613 0.073242 0.073242
0 0.045410 0.601562 0.073242 0.074219
0 0.049316 0.251465 0.073242 0.073242
0 0.238770 0.377930 0.073242 0.074219
0 0.326660 0.523926 0.073242 0.073242
0 0.145020 0.431152 0.073242 0.073242
0 0.412598 0.605957 0.073242 0.073242
0 0.409668 0.708984 0.073242 0.074219
0 0.516113 0.916992 0.073242 0.074219
0 0.891113 0.874512 0.110352 0.110352
0 0.887695 0.764160 0.109375 0.110352
0 0.891602 0.651855 0.109375 0.110352
0 0.881348 0.556152 0.110352 0.110352
0 0.802734 0.711914 0.097656 0.097656
0 0.805664 0.816895 0.097656 0.098633
0 0.809570 0.910645 0.097656 0.098633
0 0.701172 0.867676 0.097656 0.098633
0 0.704102 0.767578 0.109375 0.111328
0 0.697754 0.660645 0.110352 0.110352
0 0.701660 0.540039 0.110352 0.111328
0 0.520508 0.539551 0.097656 0.098633
0 0.236328 0.582031 0.085938 0.085938
0 0.224609 0.695312 0.085938 0.085938
0 0.335938 0.637207 0.085938 0.086914
0 0.334473 0.749023 0.084961 0.085938
0 0.404297 0.799805 0.085938 0.085938
0 0.327637 0.893555 0.084961 0.085938
0 0.414551 0.949219 0.084961 0.085938
0 0.230957 0.828613 0.110352 0.110352
0 0.228516 0.919434 0.109375 0.110352
0 0.044922 0.834961 0.085938 0.085938
0 0.044922 0.933594 0.085938 0.085938
0 0.134277 0.643555 0.084961 0.085938
0 0.132812 0.769531 0.085938 0.085938
0 0.131348 0.879883 0.084961 0.085938
0 0.047363 0.714844 0.084961 0.085938
0 0.341309 0.422363 0.073242 0.073242
0 0.236816 0.487305 0.073242 0.074219
0 0.342773 0.125977 0.085938 0.085938
0 0.043945 0.489258 0.085938 0.085938
0 0.050781 0.374023 0.085938 0.085938
0 0.048340 0.146484 0.084961 0.085938
0 0.140137 0.068359 0.084961 0.085938
0 0.139648 0.199707 0.097656 0.098633
0 0.140625 0.315430 0.097656 0.097656
0 0.238281 0.258301 0.109375 0.110352
0 0.234375 0.140137 0.097656 0.098633
0 0.521484 0.212891 0.048828 0.048828
0 0.520996 0.314453 0.084961 0.085938
0 0.523438 0.430176 0.085938 0.086914
0 0.890625 0.106934 0.097656 0.098633
0 0.887207 0.216309 0.110352 0.110352
0 0.893555 0.327637 0.109375 0.110352
0 0.889160 0.439941 0.110352 0.110352
0 0.805664 0.494141 0.097656 0.097656
0 0.801758 0.356445 0.097656 0.097656
0 0.798828 0.257324 0.097656 0.098633
0 0.798828 0.167480 0.097656 0.098633
0 0.703125 0.433105 0.097656 0.098633
0 0.703613 0.317383 0.084961 0.085938
0 0.512207 0.101074 0.110352 0.110352
0 0.425781 0.151855 0.109375 0.110352
0 0.425781 0.259766 0.085938 0.085938
0 0.419922 0.493164 0.085938 0.085938