0 0.047363 0.248535 0.073242 0.073242
0 0.050781 0.353516 0.085938 0.085938
0 0.795410 0.177246 0.073242 0.073242
0 0.796387 0.069336 0.084961 0.085938
0 0.422363 0.291992 0.073242 0.074219
0 0.406738 0.184570 0.073242 0.074219
0 0.715332 0.666992 0.084961 0.085938
0 0.236816 0.615723 0.073242 0.073242
0 0.225098 0.502441 0.073242 0.073242
0 0.721191 0.563477 0.084961 0.085938
0 0.421387 0.493652 0.073242 0.073242
0 0.632324 0.607422 0.084961 0.085938
0 0.523926 0.563965 0.073242 0.073242
0 0.525879 0.438965 0.073242 0.073242
0 0.143555 0.548828 0.085938 0.085938
0 0.422363 0.380371 0.073242 0.073242
0 0.518066 0.341797 0.073242 0.074219
0 0.137207 0.430176 0.073242 0.073242
0 0.035645 0.051270 0.061523 0.061523
0 0.036621 0.138184 0.061523 0.061523
0 0.054688 0.490234 0.085938 0.085938
0 0.054199 0.606445 0.084961 0.085938
0 0.141602 0.118652 0.048828 0.049805
0 0.140625 0.222168 0.048828 0.049805
0 0.144043 0.331543 0.073242 0.073242
0 0.215820 0.081543 0.060547 0.061523
0 0.219727 0.179199 0.060547 0.061523
0 0.219727 0.264160 0.060547 0.061523
0 0.229004 0.372559 0.061523 0.061523
0 0.304199 0.133301 0.061523 0.061523
0 0.312012 0.238770 0.073242 0.073242
0 0.325684 0.326660 0.073242 0.073242
0 0.323730 0.437988 0.073242 0.073242
0 0.326660 0.559082 0.073242 0.073242
0 0.394043 0.072754 0.061523 0.061523
0 0.437500 0.607910 0.085938 0.086914
0 0.513184 0.224609 0.073242 0.074219
0 0.624023 0.066895 0.097656 0.098633
0 0.629395 0.183594 0.110352 0.111328
0 0.635254 0.288086 0.110352 0.111328
0 0.630371 0.393555 0.073242 0.074219
0 0.628418 0.504883 0.073242 0.074219
0 0.719727 0.116699 0.097656 0.098633
0 0.719727 0.233398 0.097656 0.097656
0 0.720215 0.347656 0.073242 0.074219
0 0.715332 0.449219 0.073242 0.074219
0 0.819824 0.282227 0.073242 0.074219
0 0.814453 0.396484 0.097656 0.097656
0 0.817383 0.507812 0.097656 0.097656
0 0.905762 0.115723 0.084961 0.086914
0 0.909668 0.229004 0.110352 0.110352
0 0.914551 0.345215 0.110352 0.110352
0 0.908691 0.451660 0.110352 0.110352
0 0.908203 0.567383 0.109375 0.111328
0 0.905273 0.675781 0.097656 0.097656
0 0.911133 0.791016 0.109375 0.111328
0 0.909668 0.899414 0.110352 0.111328
0 0.813477 0.624023 0.109375 0.111328
0 0.812012 0.734375 0.110352 0.111328
0 0.811035 0.843262 0.110352 0.110352
0 0.719238 0.767578 0.084961 0.085938
0 0.714355 0.884766 0.084961 0.085938
0 0.623535 0.733887 0.073242 0.073242
0 0.623047 0.839355 0.109375 0.110352
0 0.531250 0.677734 0.085938 0.085938
0 0.526367 0.793457 0.109375 0.110352
0 0.527832 0.897949 0.110352 0.110352
0 0.431152 0.734863 0.110352 0.110352
0 0.431152 0.845215 0.110352 0.110352
0 0.330566 0.676270 0.084961 0.086914
0 0.341797 0.787598 0.097656 0.098633
0 0.340820 0.899414 0.085938 0.085938
0 0.238281 0.721680 0.085938 0.085938
0 0.242188 0.844727 0.085938 0.085938
0 0.145020 0.672363 0.073242 0.073242
0 0.153320 0.784668 0.097656 0.098633
0 0.149902 0.896484 0.084961 0.085938
0 0.056152 0.702148 0.084961 0.085938
0 0.049805 0.840820 0.097656 0.097656
0 0.056641 0.955078 0.085938 0.085938