0 0.201660 0.545898 0.073242 0.074219
0 0.778320 0.094727 0.109375 0.111328
0 0.871094 0.055176 0.097656 0.098633
0 0.872070 0.170898 0.097656 0.097656
0 0.876953 0.282227 0.097656 0.097656
0 0.873047 0.393066 0.109375 0.110352
0 0.876953 0.500488 0.109375 0.110352
0 0.777344 0.215820 0.109375 0.111328
0 0.782227 0.325195 0.097656 0.097656
0 0.780762 0.434082 0.110352 0.110352
0 0.777832 0.543457 0.110352 0.110352
0 0.687012 0.158203 0.110352 0.111328
0 0.684082 0.268066 0.110352 0.110352
0 0.688965 0.384277 0.110352 0.110352
0 0.682129 0.493652 0.110352 0.110352
0 0.586426 0.103027 0.110352 0.110352
0 0.588379 0.222168 0.110352 0.110352
0 0.588867 0.325684 0.109375 0.110352
0 0.586914 0.436035 0.109375 0.110352
0 0.583984 0.546387 0.097656 0.098633
0 0.496094 0.160645 0.109375 0.110352
0 0.493164 0.269043 0.109375 0.110352
0 0.494141 0.382324 0.097656 0.098633
0 0.499023 0.485840 0.097656 0.098633
0 0.398438 0.105957 0.109375 0.110352
0 0.401367 0.218262 0.109375 0.110352
0 0.397949 0.321777 0.110352 0.110352
0 0.397949 0.435059 0.110352 0.110352
0 0.395996 0.544434 0.110352 0.110352
0 0.301758 0.157715 0.097656 0.098633
0 0.298828 0.268066 0.097656 0.098633
0 0.300781 0.378418 0.097656 0.098633
0 0.301758 0.491211 0.097656 0.097656
0 0.301758 0.592773 0.097656 0.097656
0 0.210938 0.098145 0.097656 0.098633
0 0.208008 0.218262 0.109375 0.110352
0 0.204102 0.326660 0.097656 0.098633
0 0.202148 0.428711 0.097656 0.097656
0 0.108398 0.160645 0.097656 0.098633
0 0.103516 0.263184 0.097656 0.098633
0 0.109375 0.374512 0.097656 0.098633
0 0.110840 0.487305 0.084961 0.085938
0 0.112305 0.608887 0.109375 0.110352
0 0.109375 0.712891 0.085938 0.085938
0 0.108887 0.815430 0.084961 0.085938
0 0.108887 0.923828 0.110352 0.111328
0 0.208008 0.654297 0.085938 0.085938
0 0.206055 0.765137 0.097656 0.098633
0 0.201172 0.887207 0.097656 0.098633
0 0.304688 0.716309 0.097656 0.098633
0 0.295898 0.826172 0.085938 0.085938
0 0.297852 0.934082 0.097656 0.098633
0 0.396973 0.654785 0.110352 0.110352
0 0.402832 0.765137 0.110352 0.110352
0 0.402832 0.876465 0.110352 0.110352
0 0.486328 0.602051 0.109375 0.110352
0 0.489258 0.715332 0.109375 0.110352
0 0.490723 0.818848 0.110352 0.110352
0 0.492676 0.941895 0.110352 0.110352
0 0.585938 0.660645 0.109375 0.110352
0 0.591797 0.770020 0.109375 0.110352
0 0.585938 0.879395 0.109375 0.110352
0 0.676270 0.603516 0.110352 0.111328
0 0.680664 0.720703 0.097656 0.097656
0 0.682617 0.823730 0.109375 0.110352
0 0.685547 0.937988 0.097656 0.098633
0 0.778809 0.660156 0.110352 0.111328
0 0.778809 0.775391 0.110352 0.111328
0 0.774902 0.885254 0.110352 0.110352
0 0.871094 0.606934 0.109375 0.110352
0 0.876953 0.722656 0.109375 0.111328
0 0.875488 0.830078 0.110352 0.111328
0 0.876465 0.942383 0.110352 0.111328