0 0.226074 0.251953 0.073242 0.074219
0 0.331543 0.556152 0.073242 0.073242
0 0.039551 0.479004 0.073242 0.073242
0 0.229004 0.605469 0.073242 0.074219
0 0.316895 0.751465 0.073242 0.073242
0 0.135254 0.658691 0.073242 0.073242
0 0.402832 0.833496 0.073242 0.073242
0 0.399902 0.936523 0.073242 0.074219
0 0.881836 0.879395 0.109375 0.110352
0 0.871582 0.783691 0.110352 0.110352
0 0.792969 0.939453 0.097656 0.097656
0 0.687988 0.888184 0.110352 0.110352
0 0.691895 0.767578 0.110352 0.111328
0 0.510742 0.767090 0.097656 0.098633
0 0.226562 0.809570 0.085938 0.085938
0 0.214844 0.922852 0.085938 0.085938
0 0.326172 0.864746 0.085938 0.086914
0 0.124512 0.871094 0.084961 0.085938
0 0.331543 0.649902 0.073242 0.073242
0 0.227051 0.714844 0.073242 0.074219
0 0.333008 0.353516 0.085938 0.085938
1 0.131836 0.090332 0.085938 0.086914
0 0.042480 0.139648 0.073242 0.074219
0 0.130371 0.295898 0.084961 0.085938
0 0.129883 0.427246 0.097656 0.098633
0 0.130859 0.542969 0.097656 0.097656
0 0.228516 0.485840 0.109375 0.110352
0 0.224609 0.367676 0.097656 0.098633
0 0.511719 0.440430 0.048828 0.048828
0 0.511230 0.541992 0.084961 0.085938
0 0.513672 0.657715 0.085938 0.086914
0 0.890625 0.097656 0.085938 0.085938
0 0.875000 0.225098 0.097656 0.098633
0 0.880859 0.334473 0.097656 0.098633
0 0.877441 0.443848 0.110352 0.110352
0 0.883789 0.555176 0.109375 0.110352
0 0.879395 0.667480 0.110352 0.110352
0 0.795898 0.721680 0.097656 0.097656
0 0.791992 0.583984 0.097656 0.097656
0 0.789062 0.484863 0.097656 0.098633
0 0.789062 0.395020 0.097656 0.098633
0 0.794922 0.271973 0.097656 0.098633
0 0.693359 0.660645 0.097656 0.098633
0 0.693848 0.544922 0.084961 0.085938
0 0.603516 0.050293 0.097656 0.098633
0 0.598633 0.167480 0.109375 0.110352
0 0.595703 0.272949 0.109375 0.110352
0 0.510742 0.102051 0.097656 0.098633
0 0.505371 0.214355 0.110352 0.110352
0 0.502441 0.328613 0.110352 0.110352
0 0.411133 0.272461 0.109375 0.111328
0 0.419922 0.138672 0.097656 0.097656
0 0.324707 0.098145 0.110352 0.110352
0 0.321777 0.242676 0.110352 0.110352
0 0.416016 0.379395 0.109375 0.110352
0 0.416016 0.487305 0.085938 0.085938
0 0.225098 0.045898 0.084961 0.085938
0 0.410156 0.720703 0.085938 0.085938