0 0.229492 0.892090 0.109375 0.110352
1 0.511230 0.068848 0.110352 0.110352
0 0.318359 0.068848 0.109375 0.110352
0 0.131836 0.070801 0.097656 0.098633
0 0.134277 0.179199 0.110352 0.110352
0 0.133301 0.284180 0.110352 0.111328
0 0.133789 0.406250 0.109375 0.111328
0 0.129883 0.512207 0.109375 0.110352
0 0.228516 0.121582 0.109375 0.110352
0 0.226074 0.238770 0.110352 0.110352
0 0.228027 0.345215 0.110352 0.110352
0 0.229004 0.456055 0.110352 0.111328
0 0.316406 0.173340 0.109375 0.110352
0 0.315430 0.286621 0.109375 0.110352
0 0.323242 0.397949 0.109375 0.110352
0 0.416016 0.123535 0.097656 0.098633
0 0.416016 0.234863 0.109375 0.110352
0 0.418945 0.341309 0.097656 0.098633
0 0.419922 0.453613 0.109375 0.110352
0 0.515137 0.170410 0.110352 0.110352
0 0.510254 0.284668 0.110352 0.110352
0 0.514160 0.403809 0.110352 0.110352
0 0.516602 0.509277 0.109375 0.110352
0 0.615234 0.125977 0.085938 0.085938
0 0.618652 0.227539 0.084961 0.085938
0 0.613770 0.338867 0.084961 0.085938
0 0.614746 0.452148 0.084961 0.085938
0 0.713867 0.068359 0.097656 0.097656
0 0.709961 0.180176 0.109375 0.110352
0 0.708008 0.285645 0.109375 0.110352
0 0.709961 0.400879 0.097656 0.098633
0 0.707520 0.509277 0.110352 0.110352
0 0.810059 0.124023 0.110352 0.111328
0 0.809570 0.235840 0.109375 0.110352
0 0.805664 0.338379 0.097656 0.098633
0 0.808594 0.454590 0.109375 0.110352
0 0.900391 0.067383 0.097656 0.097656
0 0.903320 0.175781 0.097656 0.097656
0 0.904785 0.284180 0.110352 0.111328
0 0.905273 0.394043 0.097656 0.098633
0 0.898438 0.506348 0.097656 0.098633
0 0.895508 0.615723 0.097656 0.098633
0 0.904297 0.729004 0.097656 0.098633
0 0.905273 0.836426 0.097656 0.098633
0 0.902344 0.947754 0.097656 0.098633
0 0.799805 0.567871 0.109375 0.110352
0 0.798828 0.680176 0.109375 0.110352
0 0.802246 0.782715 0.110352 0.110352
0 0.798340 0.890137 0.110352 0.110352
0 0.709473 0.620605 0.110352 0.110352
0 0.700684 0.730957 0.110352 0.110352
0 0.706543 0.845215 0.110352 0.110352
0 0.617188 0.562988 0.097656 0.098633
0 0.620117 0.670898 0.085938 0.085938
0 0.609375 0.784180 0.097656 0.097656
0 0.613281 0.900391 0.097656 0.097656
0 0.515625 0.621582 0.109375 0.110352
0 0.517578 0.725586 0.109375 0.111328
0 0.519531 0.839844 0.109375 0.111328
0 0.514160 0.939453 0.110352 0.111328
0 0.417969 0.565918 0.109375 0.110352
0 0.419434 0.676758 0.110352 0.111328
0 0.416504 0.784180 0.110352 0.111328
0 0.421387 0.891113 0.110352 0.110352
0 0.319824 0.509766 0.110352 0.111328
0 0.321777 0.617188 0.110352 0.111328
0 0.325684 0.734863 0.110352 0.110352
0 0.330078 0.839355 0.109375 0.110352
0 0.231934 0.573242 0.110352 0.111328
0 0.230469 0.678223 0.097656 0.098633
0 0.227539 0.784668 0.109375 0.110352
0 0.134766 0.620605 0.097656 0.098633
0 0.129883 0.731934 0.109375 0.110352
0 0.133789 0.836426 0.109375 0.110352
0 0.136719 0.949707 0.048828 0.049805
0 0.323242 0.942383 0.048828 0.048828