0 0.312012 0.774902 0.073242 0.073242
0 0.312988 0.666992 0.084961 0.085938
0 0.888672 0.876465 0.060547 0.061523
0 0.520508 0.678223 0.060547 0.061523
0 0.786621 0.720703 0.073242 0.074219
0 0.140625 0.664551 0.097656 0.098633
0 0.145996 0.781250 0.110352 0.111328
0 0.151855 0.885742 0.110352 0.111328
0 0.236328 0.714355 0.097656 0.098633
0 0.236328 0.831055 0.097656 0.097656
0 0.236816 0.945312 0.073242 0.074219
0 0.336426 0.879883 0.073242 0.074219
0 0.422363 0.713379 0.084961 0.086914
0 0.426270 0.826660 0.110352 0.110352
0 0.431152 0.942871 0.110352 0.110352
0 0.527832 0.770020 0.122070 0.122070
0 0.530273 0.885254 0.097656 0.098633
0 0.611328 0.726562 0.085938 0.085938
0 0.616211 0.832520 0.097656 0.098633
0 0.608398 0.945801 0.097656 0.098633
0 0.699707 0.779297 0.084961 0.085938
0 0.701660 0.901367 0.084961 0.085938
0 0.787598 0.844727 0.084961 0.085938
0 0.785645 0.955078 0.084961 0.085938
0 0.892578 0.782227 0.048828 0.048828