0 0.498535 0.750000 0.073242 0.074219
0 0.877441 0.081055 0.073242 0.074219
0 0.785645 0.161621 0.073242 0.073242
0 0.597168 0.242188 0.084961 0.085938
0 0.592285 0.137695 0.084961 0.085938
0 0.407227 0.119629 0.085938 0.086914
0 0.504395 0.078125 0.084961 0.085938
0 0.500488 0.175781 0.084961 0.085938
0 0.780762 0.047363 0.061523 0.061523
0 0.123047 0.195801 0.097656 0.098633
0 0.120605 0.080566 0.110352 0.110352
0 0.217773 0.146973 0.097656 0.098633
0 0.218750 0.252441 0.097656 0.098633
0 0.324219 0.192383 0.097656 0.097656
0 0.324707 0.089844 0.084961 0.085938
0 0.408203 0.254883 0.097656 0.097656
0 0.687988 0.085938 0.084961 0.085938
0 0.690430 0.215820 0.085938 0.085938
0 0.891602 0.764648 0.085938 0.085938
0 0.875977 0.871582 0.097656 0.098633
0 0.784180 0.702148 0.097656 0.097656
0 0.787109 0.815430 0.097656 0.097656
0 0.785156 0.916504 0.097656 0.098633
0 0.684570 0.654297 0.085938 0.085938
0 0.686035 0.752930 0.084961 0.085938
0 0.688477 0.867188 0.085938 0.085938
0 0.590332 0.695312 0.084961 0.085938
0 0.586426 0.797852 0.084961 0.085938
0 0.586426 0.913086 0.084961 0.085938
0 0.493164 0.852539 0.097656 0.097656
0 0.404297 0.789062 0.085938 0.085938
0 0.388672 0.916504 0.097656 0.098633
0 0.208008 0.693848 0.097656 0.098633
0 0.115234 0.645508 0.097656 0.097656
0 0.117188 0.741699 0.097656 0.098633
0 0.112305 0.858887 0.109375 0.110352
0 0.883789 0.643066 0.097656 0.098633
0 0.887695 0.530273 0.097656 0.097656
0 0.882324 0.423828 0.084961 0.085938
0 0.885254 0.315430 0.110352 0.111328
0 0.793945 0.364258 0.097656 0.097656
0 0.785156 0.467773 0.097656 0.097656
0 0.778320 0.585449 0.097656 0.098633
0 0.686035 0.557617 0.084961 0.085938
0 0.505371 0.309570 0.084961 0.085938
0 0.492676 0.417480 0.110352 0.110352
0 0.397461 0.355957 0.109375 0.110352
0 0.397461 0.471191 0.097656 0.098633
0 0.323242 0.291504 0.085938 0.086914
0 0.324219 0.390137 0.097656 0.098633
0 0.318848 0.511719 0.084961 0.085938
0 0.216797 0.564453 0.097656 0.097656
0 0.210938 0.457520 0.097656 0.098633
0 0.210938 0.371582 0.097656 0.098633
0 0.117188 0.305176 0.097656 0.098633
0 0.116211 0.412598 0.109375 0.110352
0 0.115234 0.524414 0.097656 0.097656