0 0.842773 0.933105 0.097656 0.098633
0 0.658691 0.921875 0.110352 0.111328
0 0.464844 0.937012 0.109375 0.110352
0 0.278809 0.917480 0.110352 0.110352
0 0.092773 0.914551 0.109375 0.110352
0 0.948242 0.652832 0.097656 0.098633
0 0.940918 0.553711 0.110352 0.111328
0 0.943359 0.448730 0.109375 0.110352
0 0.943359 0.340332 0.097656 0.098633
0 0.952637 0.243164 0.084961 0.085938
0 0.946289 0.130859 0.085938 0.085938
0 0.852051 0.060547 0.110352 0.111328
0 0.851562 0.171387 0.097656 0.098633
0 0.852051 0.273926 0.110352 0.110352
0 0.850586 0.392090 0.109375 0.110352
0 0.847656 0.500488 0.109375 0.110352
0 0.854004 0.611816 0.061523 0.061523
0 0.850098 0.704590 0.084961 0.086914
0 0.766602 0.112793 0.097656 0.098633
0 0.756348 0.230957 0.084961 0.086914
0 0.760254 0.342773 0.084961 0.085938
0 0.755859 0.444336 0.085938 0.085938
0 0.753418 0.557617 0.084961 0.085938
0 0.760742 0.670410 0.097656 0.098633
0 0.669922 0.055176 0.097656 0.098633
0 0.661621 0.295898 0.084961 0.085938
0 0.666992 0.396484 0.085938 0.085938
0 0.663086 0.488281 0.085938 0.085938
0 0.662598 0.602539 0.084961 0.085938
0 0.657227 0.713379 0.097656 0.098633
0 0.583008 0.131836 0.085938 0.085938
0 0.575195 0.212402 0.109375 0.110352
0 0.572754 0.331055 0.110352 0.111328
0 0.563477 0.446777 0.109375 0.110352
0 0.571289 0.556152 0.109375 0.110352
0 0.560547 0.664062 0.109375 0.111328
0 0.477539 0.048828 0.085938 0.085938
0 0.472168 0.163086 0.110352 0.111328
0 0.465332 0.287598 0.110352 0.110352
0 0.467773 0.392090 0.109375 0.110352
0 0.471680 0.492188 0.097656 0.097656
0 0.472656 0.606934 0.097656 0.098633
0 0.467773 0.720703 0.085938 0.085938
0 0.375000 0.118652 0.085938 0.086914
0 0.377930 0.224121 0.097656 0.098633
0 0.379883 0.338379 0.097656 0.098633
0 0.375977 0.446777 0.097656 0.098633
0 0.381348 0.553223 0.084961 0.086914
0 0.379883 0.659668 0.109375 0.110352
0 0.282227 0.058594 0.097656 0.097656
0 0.282227 0.161133 0.085938 0.085938
0 0.283203 0.271973 0.097656 0.098633
0 0.282227 0.388184 0.097656 0.098633
0 0.279297 0.494629 0.097656 0.098633
0 0.284180 0.614258 0.097656 0.097656
0 0.278809 0.720703 0.084961 0.085938
0 0.193359 0.115723 0.097656 0.098633
0 0.185059 0.227539 0.084961 0.085938
0 0.185059 0.365234 0.084961 0.085938
0 0.182129 0.451172 0.084961 0.085938
0 0.183594 0.554199 0.109375 0.110352
0 0.189941 0.668945 0.122070 0.123047
0 0.094727 0.062500 0.109375 0.111328
0 0.095703 0.169434 0.097656 0.098633
0 0.091797 0.278320 0.097656 0.097656
0 0.099609 0.393066 0.097656 0.098633
0 0.090332 0.503418 0.110352 0.110352
0 0.090332 0.602051 0.110352 0.110352
0 0.086426 0.706543 0.110352 0.110352