0 0.926758 0.938965 0.097656 0.098633
0 0.925781 0.795898 0.097656 0.097656
0 0.921875 0.707520 0.097656 0.098633
0 0.927246 0.591309 0.110352 0.110352
0 0.933594 0.490234 0.109375 0.111328
1 0.931152 0.382324 0.110352 0.110352
0 0.935059 0.271484 0.110352 0.111328
0 0.835449 0.333984 0.110352 0.111328
0 0.831543 0.444824 0.110352 0.110352
0 0.835449 0.538086 0.110352 0.111328
0 0.828613 0.653809 0.110352 0.110352
0 0.743164 0.713379 0.109375 0.110352
0 0.736816 0.596680 0.110352 0.111328
0 0.737305 0.493652 0.109375 0.110352
0 0.743652 0.383301 0.110352 0.110352
0 0.741211 0.286621 0.109375 0.110352
0 0.649414 0.323242 0.109375 0.111328
0 0.645508 0.430176 0.097656 0.098633
0 0.644531 0.538086 0.097656 0.097656
0 0.644043 0.650879 0.110352 0.110352
0 0.645508 0.768066 0.097656 0.098633
0 0.641602 0.876465 0.097656 0.098633
0 0.733887 0.939941 0.110352 0.110352
0 0.731445 0.813965 0.109375 0.110352
0 0.543945 0.922852 0.097656 0.097656
0 0.550781 0.802246 0.097656 0.098633
0 0.549805 0.703125 0.097656 0.097656
0 0.544922 0.599121 0.097656 0.098633
0 0.545898 0.489746 0.109375 0.110352
0 0.549805 0.372559 0.097656 0.098633
0 0.555176 0.267090 0.110352 0.110352
0 0.455566 0.326660 0.110352 0.110352
0 0.458008 0.438965 0.109375 0.110352
0 0.460449 0.539062 0.110352 0.111328
0 0.454102 0.653809 0.109375 0.110352
0 0.455078 0.762695 0.109375 0.111328
0 0.451172 0.865723 0.109375 0.110352
0 0.350098 0.920410 0.110352 0.110352
0 0.356934 0.807129 0.110352 0.110352
0 0.349121 0.698730 0.110352 0.110352
0 0.358398 0.594727 0.097656 0.097656
0 0.359863 0.484375 0.110352 0.111328
0 0.369141 0.264160 0.109375 0.110352
0 0.362305 0.372559 0.109375 0.110352
0 0.263184 0.322754 0.110352 0.110352
0 0.264160 0.424316 0.110352 0.110352
0 0.257812 0.546387 0.109375 0.110352
0 0.257324 0.650879 0.110352 0.110352
0 0.252441 0.756348 0.110352 0.110352
0 0.249512 0.887207 0.110352 0.110352
0 0.160156 0.913574 0.097656 0.098633
0 0.152832 0.812988 0.110352 0.110352
0 0.163086 0.703613 0.109375 0.110352
0 0.169922 0.594727 0.109375 0.111328
0 0.172363 0.489258 0.110352 0.111328
0 0.163574 0.380371 0.110352 0.110352
0 0.166992 0.270996 0.097656 0.098633
0 0.073242 0.315918 0.109375 0.110352
0 0.079590 0.425293 0.110352 0.110352
0 0.060059 0.526855 0.110352 0.110352
0 0.066406 0.647949 0.109375 0.110352
1 0.067383 0.758301 0.109375 0.110352
0 0.062012 0.873047 0.110352 0.111328
0 0.933594 0.062988 0.097656 0.098633
0 0.744141 0.070312 0.085938 0.085938
0 0.555176 0.070312 0.084961 0.085938
0 0.362793 0.056152 0.110352 0.110352