0 0.448242 0.101074 0.109375 0.110352
0 0.800781 0.118652 0.097656 0.098633
0 0.899414 0.064941 0.097656 0.098633
0 0.905273 0.166992 0.085938 0.085938
0 0.899414 0.279785 0.085938 0.086914
0 0.901367 0.393066 0.097656 0.098633
0 0.803711 0.224121 0.097656 0.098633
0 0.805664 0.339355 0.097656 0.098633
0 0.709961 0.053223 0.097656 0.098633
0 0.714844 0.174316 0.097656 0.098633
0 0.723145 0.275879 0.061523 0.061523
0 0.620117 0.338379 0.109375 0.110352
0 0.618652 0.140625 0.036133 0.037109
0 0.614746 0.229492 0.036133 0.037109
0 0.434082 0.335938 0.110352 0.111328
0 0.333008 0.058594 0.109375 0.111328
0 0.348145 0.171875 0.110352 0.111328
0 0.348145 0.276367 0.110352 0.111328
0 0.243652 0.108398 0.084961 0.085938
0 0.246094 0.221191 0.109375 0.110352
0 0.252930 0.332520 0.109375 0.110352
0 0.147461 0.051758 0.097656 0.097656
0 0.150391 0.157715 0.097656 0.098633
0 0.146484 0.269531 0.085938 0.085938
0 0.151367 0.383789 0.085938 0.085938
0 0.053711 0.104004 0.097656 0.098633
0 0.050781 0.212891 0.085938 0.085938
0 0.057129 0.327637 0.084961 0.086914
0 0.061523 0.654785 0.109375 0.110352
0 0.055664 0.765137 0.109375 0.110352
0 0.153809 0.485840 0.110352 0.110352
0 0.151855 0.601074 0.110352 0.110352
0 0.146484 0.709473 0.097656 0.098633
0 0.148926 0.819336 0.084961 0.085938
0 0.149414 0.932617 0.097656 0.097656
0 0.248047 0.444824 0.109375 0.110352
0 0.250000 0.544434 0.109375 0.110352
0 0.240234 0.656738 0.097656 0.098633
0 0.245605 0.769043 0.110352 0.110352
0 0.237793 0.875488 0.110352 0.110352
0 0.328613 0.388184 0.110352 0.110352
0 0.336914 0.504395 0.109375 0.110352
0 0.337891 0.612793 0.109375 0.110352
0 0.337891 0.715332 0.097656 0.098633
0 0.342773 0.831543 0.109375 0.110352
0 0.429199 0.448730 0.110352 0.110352
0 0.433105 0.553223 0.110352 0.110352
0 0.430176 0.664551 0.110352 0.110352
0 0.428711 0.775879 0.109375 0.110352
0 0.429688 0.885254 0.109375 0.110352
0 0.521484 0.382812 0.109375 0.111328
0 0.525391 0.495117 0.109375 0.111328
0 0.523438 0.604980 0.097656 0.098633
0 0.530762 0.717285 0.110352 0.110352
0 0.522949 0.824707 0.110352 0.110352
0 0.618164 0.448242 0.109375 0.111328
0 0.615234 0.553711 0.109375 0.111328
0 0.617188 0.660156 0.097656 0.097656
0 0.616211 0.769043 0.109375 0.110352
0 0.616211 0.889160 0.097656 0.098633
0 0.713867 0.396973 0.097656 0.098633
0 0.708496 0.495117 0.110352 0.111328
0 0.712891 0.605469 0.109375 0.111328
0 0.709961 0.717773 0.109375 0.111328
0 0.711914 0.832520 0.109375 0.110352
0 0.810059 0.665039 0.110352 0.111328
0 0.812012 0.748047 0.073242 0.074219
0 0.801758 0.887695 0.097656 0.097656
0 0.901367 0.499512 0.109375 0.110352
0 0.901367 0.714844 0.097656 0.097656
0 0.898438 0.824219 0.097656 0.097656
0 0.897949 0.918945 0.110352 0.111328
0 0.710938 0.936035 0.097656 0.098633
0 0.524902 0.942871 0.110352 0.110352
0 0.340332 0.941895 0.110352 0.110352