0 0.116211 0.110352 0.097656 0.097656
0 0.114746 0.217773 0.084961 0.085938
0 0.115234 0.331055 0.085938 0.085938
0 0.207520 0.166016 0.110352 0.111328
0 0.213379 0.271973 0.110352 0.110352
0 0.310547 0.099609 0.109375 0.111328
0 0.307617 0.208984 0.109375 0.111328
0 0.303223 0.332520 0.110352 0.110352
0 0.403320 0.160645 0.109375 0.110352
0 0.402344 0.275391 0.109375 0.111328
0 0.494141 0.104980 0.097656 0.098633
0 0.496582 0.214844 0.084961 0.085938
0 0.497070 0.328125 0.097656 0.097656
0 0.587891 0.052246 0.097656 0.098633
0 0.593262 0.164551 0.110352 0.110352
0 0.585449 0.270996 0.110352 0.110352
0 0.685547 0.110840 0.097656 0.098633
0 0.690430 0.227051 0.109375 0.110352
0 0.777832 0.060059 0.110352 0.110352
0 0.776367 0.171387 0.109375 0.110352
0 0.777344 0.280762 0.109375 0.110352
0 0.878418 0.112793 0.110352 0.110352
0 0.870605 0.220215 0.110352 0.110352
0 0.872559 0.338379 0.110352 0.110352
0 0.874023 0.446777 0.109375 0.110352
0 0.874023 0.563965 0.097656 0.098633
0 0.874023 0.664551 0.097656 0.098633
0 0.868164 0.778320 0.109375 0.111328
0 0.779297 0.388184 0.109375 0.110352
0 0.775391 0.497559 0.109375 0.110352
0 0.777344 0.606934 0.109375 0.110352
0 0.775879 0.718750 0.110352 0.111328
0 0.687988 0.337402 0.110352 0.110352
0 0.679199 0.434082 0.110352 0.110352
0 0.682617 0.545898 0.097656 0.097656
0 0.684082 0.656250 0.110352 0.111328
0 0.684082 0.774902 0.110352 0.110352
0 0.590332 0.387207 0.110352 0.110352
0 0.592285 0.503906 0.110352 0.111328
0 0.583008 0.613281 0.097656 0.097656
0 0.592773 0.730957 0.109375 0.110352
0 0.494141 0.440430 0.109375 0.111328
0 0.493164 0.560059 0.060547 0.061523
0 0.489258 0.666504 0.109375 0.110352
0 0.491211 0.776855 0.109375 0.110352
0 0.399414 0.384766 0.109375 0.111328
0 0.402344 0.494629 0.109375 0.110352
0 0.394043 0.603027 0.110352 0.110352
0 0.397949 0.723145 0.110352 0.110352
0 0.305176 0.440918 0.110352 0.110352
0 0.301270 0.540527 0.061523 0.061523
0 0.302246 0.661621 0.110352 0.110352
0 0.301758 0.777832 0.109375 0.110352
0 0.211426 0.390137 0.061523 0.061523
0 0.206543 0.498535 0.061523 0.061523
0 0.208008 0.608887 0.109375 0.110352
0 0.207031 0.728027 0.109375 0.110352
0 0.118164 0.439941 0.109375 0.110352
0 0.112305 0.565430 0.085938 0.085938
0 0.112305 0.665527 0.109375 0.110352
0 0.114258 0.773926 0.097656 0.098633
0 0.117188 0.875977 0.097656 0.097656
0 0.211914 0.827637 0.097656 0.098633
0 0.212891 0.935059 0.097656 0.098633
0 0.302246 0.886230 0.110352 0.110352
0 0.393066 0.832520 0.110352 0.110352
0 0.395996 0.943848 0.110352 0.110352
0 0.485352 0.892090 0.109375 0.110352
0 0.591797 0.827637 0.097656 0.098633
0 0.587891 0.936035 0.097656 0.098633
0 0.685059 0.885254 0.110352 0.110352
0 0.782715 0.826172 0.110352 0.111328
0 0.777832 0.942871 0.110352 0.110352
0 0.875977 0.883789 0.109375 0.111328