0 0.484863 0.375488 0.073242 0.073242
0 0.104980 0.358398 0.073242 0.074219
0 0.101562 0.491211 0.097656 0.097656
0 0.101074 0.592773 0.110352 0.111328
0 0.097168 0.702637 0.110352 0.110352
0 0.199707 0.212402 0.073242 0.073242
0 0.199707 0.302246 0.073242 0.073242
0 0.200195 0.421875 0.085938 0.085938
0 0.201172 0.539062 0.097656 0.097656
0 0.203125 0.651367 0.097656 0.097656
0 0.281738 0.171387 0.073242 0.073242
0 0.285645 0.247559 0.073242 0.073242
0 0.285156 0.357910 0.060547 0.061523
0 0.292969 0.463867 0.085938 0.085938
0 0.291992 0.598633 0.097656 0.097656
0 0.291016 0.684570 0.097656 0.097656
0 0.381348 0.186035 0.073242 0.073242
0 0.384277 0.312988 0.073242 0.073242
0 0.390137 0.439941 0.073242 0.073242
0 0.390625 0.539551 0.109375 0.110352
0 0.392578 0.651855 0.109375 0.110352
0 0.479004 0.255859 0.122070 0.123047
0 0.484863 0.486328 0.084961 0.085938
0 0.482910 0.598145 0.110352 0.110352
0 0.480957 0.710938 0.122070 0.123047
0 0.581055 0.208496 0.097656 0.098633
0 0.583496 0.315430 0.122070 0.123047
0 0.585938 0.428223 0.109375 0.110352
0 0.573242 0.541504 0.109375 0.110352
0 0.576660 0.650879 0.110352 0.110352
0 0.677246 0.180664 0.084961 0.085938
0 0.677734 0.263672 0.097656 0.097656
0 0.676270 0.383789 0.122070 0.123047
0 0.682617 0.479980 0.109375 0.110352
0 0.687500 0.596191 0.109375 0.110352
0 0.680664 0.703613 0.109375 0.110352
0 0.769043 0.206055 0.084961 0.085938
0 0.770996 0.318359 0.122070 0.123047
0 0.783203 0.532227 0.085938 0.085938
0 0.766602 0.649902 0.109375 0.110352
0 0.863281 0.269531 0.097656 0.097656
0 0.871582 0.375977 0.122070 0.123047
0 0.871582 0.485352 0.110352 0.111328
0 0.869629 0.587402 0.110352 0.110352
0 0.862793 0.702637 0.110352 0.110352
0 0.868164 0.811035 0.109375 0.110352
0 0.867188 0.922363 0.109375 0.110352
0 0.770508 0.763184 0.109375 0.110352
0 0.773438 0.875977 0.085938 0.085938
0 0.676270 0.807129 0.110352 0.110352
0 0.672363 0.917480 0.110352 0.110352
0 0.572754 0.760254 0.110352 0.110352
0 0.479492 0.812012 0.109375 0.110352
0 0.479004 0.927734 0.122070 0.123047
0 0.390625 0.765137 0.109375 0.110352
0 0.385254 0.869141 0.122070 0.123047
0 0.285645 0.813477 0.122070 0.123047
0 0.290527 0.920898 0.122070 0.123047
0 0.199707 0.764648 0.122070 0.123047
0 0.196777 0.870117 0.122070 0.123047
0 0.104980 0.806641 0.122070 0.123047
0 0.103027 0.923828 0.122070 0.123047