0 0.120605 0.453125 0.073242 0.074219
1 0.772461 0.916016 0.097656 0.097656
0 0.581543 0.911621 0.110352 0.110352
0 0.408691 0.897461 0.110352 0.111328
0 0.202148 0.912598 0.097656 0.098633
0 0.868652 0.852051 0.110352 0.110352
0 0.773438 0.810059 0.109375 0.110352
0 0.666016 0.853027 0.109375 0.110352
0 0.679688 0.521484 0.097656 0.097656
0 0.879883 0.083496 0.109375 0.110352
0 0.873535 0.197754 0.110352 0.110352
0 0.875977 0.308105 0.097656 0.098633
0 0.873535 0.421387 0.073242 0.073242
0 0.780273 0.125000 0.085938 0.085938
0 0.775391 0.241699 0.097656 0.098633
0 0.774902 0.362793 0.110352 0.110352
0 0.776367 0.476074 0.109375 0.110352
0 0.679688 0.080078 0.085938 0.085938
0 0.683594 0.200195 0.097656 0.097656
0 0.676758 0.298828 0.097656 0.097656
0 0.684570 0.412109 0.109375 0.111328
0 0.587891 0.129883 0.109375 0.111328
0 0.588867 0.240234 0.109375 0.111328
1 0.588867 0.335449 0.097656 0.098633
0 0.584961 0.465332 0.109375 0.110352
0 0.584961 0.592773 0.097656 0.097656
0 0.582031 0.791992 0.109375 0.111328
0 0.498047 0.645996 0.097656 0.098633
0 0.494629 0.534180 0.110352 0.111328
0 0.495605 0.410645 0.110352 0.110352
0 0.492188 0.300293 0.109375 0.110352
0 0.496094 0.187988 0.109375 0.110352
0 0.485840 0.092285 0.110352 0.110352
0 0.407227 0.248047 0.097656 0.097656
0 0.410156 0.353027 0.097656 0.098633
0 0.414062 0.446777 0.097656 0.098633
0 0.410156 0.586426 0.109375 0.110352
0 0.414062 0.697754 0.109375 0.110352
0 0.399902 0.804688 0.110352 0.111328
0 0.298828 0.847656 0.109375 0.111328
0 0.300293 0.742188 0.110352 0.111328
0 0.300293 0.625977 0.084961 0.085938
0 0.305664 0.403809 0.097656 0.098633
0 0.308594 0.303711 0.109375 0.111328
0 0.302246 0.196777 0.110352 0.110352
0 0.306152 0.076172 0.110352 0.111328
0 0.125000 0.075684 0.097656 0.098633
0 0.123535 0.530273 0.084961 0.085938
0 0.123047 0.631348 0.097656 0.098633
0 0.220703 0.795410 0.097656 0.098633