0 0.440430 0.095215 0.097656 0.098633
0 0.534180 0.151855 0.109375 0.110352
0 0.058594 0.091797 0.097656 0.097656
0 0.057617 0.200684 0.109375 0.110352
0 0.057617 0.320801 0.097656 0.098633
0 0.151367 0.149414 0.109375 0.111328
0 0.153320 0.264160 0.109375 0.110352
0 0.251465 0.096680 0.110352 0.111328
0 0.253418 0.179688 0.073242 0.074219
0 0.243164 0.319336 0.097656 0.097656
0 0.342773 0.146484 0.097656 0.097656
0 0.339844 0.255859 0.097656 0.097656
0 0.441406 0.208496 0.109375 0.110352
0 0.438965 0.312500 0.110352 0.111328
0 0.532227 0.257324 0.097656 0.098633
0 0.534180 0.368164 0.097656 0.097656
0 0.533203 0.483398 0.085938 0.085938
0 0.533691 0.588379 0.061523 0.061523
0 0.534180 0.702637 0.097656 0.098633
1 0.532715 0.809082 0.110352 0.110352
0 0.625977 0.641602 0.085938 0.085938
0 0.641113 0.758789 0.084961 0.085938
0 0.437500 0.426758 0.097656 0.097656
0 0.437012 0.534180 0.084961 0.085938
0 0.437988 0.653809 0.110352 0.110352
0 0.438477 0.759277 0.109375 0.110352
0 0.339355 0.350586 0.110352 0.111328
0 0.349609 0.471191 0.097656 0.098633
0 0.339844 0.591309 0.060547 0.061523
0 0.341797 0.689941 0.109375 0.110352
0 0.339844 0.809082 0.109375 0.110352
0 0.250000 0.421387 0.097656 0.098633
0 0.253906 0.537598 0.097656 0.098633
0 0.246094 0.643066 0.097656 0.098633
0 0.246094 0.751465 0.097656 0.098633
0 0.152344 0.367676 0.097656 0.098633
0 0.153320 0.477051 0.097656 0.098633
0 0.153809 0.593262 0.073242 0.073242
0 0.155273 0.697754 0.097656 0.098633
0 0.153320 0.811035 0.097656 0.098633
0 0.062988 0.427246 0.110352 0.110352
0 0.055664 0.524902 0.097656 0.098633
0 0.052734 0.654785 0.097656 0.098633
0 0.058594 0.760254 0.109375 0.110352
0 0.061035 0.860840 0.110352 0.110352
0 0.155762 0.919434 0.110352 0.110352
0 0.250000 0.861816 0.109375 0.110352
0 0.337891 0.913574 0.109375 0.110352
0 0.437500 0.863770 0.097656 0.098633
0 0.536621 0.910645 0.110352 0.110352
0 0.636719 0.866211 0.085938 0.085938
0 0.722656 0.701172 0.097656 0.097656
0 0.735352 0.808594 0.097656 0.097656
0 0.731445 0.920410 0.109375 0.110352
0 0.827637 0.754883 0.110352 0.111328
0 0.831543 0.864258 0.110352 0.111328
0 0.821777 0.644531 0.084961 0.085938
0 0.921875 0.701660 0.097656 0.098633
0 0.921875 0.807617 0.097656 0.097656
0 0.924805 0.916016 0.097656 0.097656