0 0.062012 0.803711 0.073242 0.074219
0 0.440918 0.134766 0.073242 0.074219
0 0.349121 0.215332 0.073242 0.073242
0 0.541504 0.421875 0.073242 0.074219
0 0.160645 0.295898 0.084961 0.085938
0 0.155762 0.191406 0.084961 0.085938
0 0.155762 0.073242 0.084961 0.085938
0 0.067871 0.131836 0.084961 0.085938
0 0.063965 0.229492 0.084961 0.085938
0 0.344238 0.101074 0.061523 0.061523
0 0.251465 0.139648 0.084961 0.085938
0 0.253906 0.269531 0.085938 0.085938
0 0.545898 0.077637 0.109375 0.110352
0 0.544922 0.312012 0.097656 0.098633
0 0.725586 0.079102 0.085938 0.085938
0 0.640137 0.132812 0.084961 0.085938
0 0.917969 0.305664 0.097656 0.097656
0 0.914062 0.192871 0.097656 0.098633
0 0.824219 0.256348 0.097656 0.098633
0 0.726562 0.304199 0.097656 0.098633
0 0.816895 0.808105 0.110352 0.110352
0 0.916016 0.854004 0.109375 0.110352
0 0.815430 0.917480 0.097656 0.098633
0 0.726074 0.861816 0.110352 0.110352
0 0.627930 0.817383 0.085938 0.085938
0 0.631836 0.926758 0.085938 0.085938
0 0.544922 0.878418 0.097656 0.098633
0 0.455078 0.818359 0.085938 0.085938
0 0.439453 0.925293 0.097656 0.098633
0 0.347656 0.755859 0.097656 0.097656
0 0.350586 0.869141 0.097656 0.097656
0 0.248047 0.708008 0.085938 0.085938
0 0.249512 0.806641 0.084961 0.085938
0 0.251953 0.920898 0.085938 0.085938
0 0.153809 0.749023 0.084961 0.085938
0 0.149902 0.851562 0.084961 0.085938
0 0.056641 0.906250 0.097656 0.097656
0 0.918945 0.536621 0.097656 0.098633
0 0.915527 0.633301 0.110352 0.110352
0 0.912109 0.745605 0.097656 0.098633
0 0.826172 0.694824 0.109375 0.110352
0 0.826172 0.583496 0.097656 0.098633
0 0.822754 0.466797 0.084961 0.085938
0 0.829102 0.363770 0.097656 0.098633
0 0.727539 0.422363 0.097656 0.098633
0 0.722656 0.635742 0.097656 0.097656
0 0.725586 0.740234 0.085938 0.085938
0 0.634277 0.695312 0.084961 0.085938
0 0.631348 0.575195 0.084961 0.085938
0 0.637695 0.359375 0.085938 0.085938
0 0.541016 0.527344 0.097656 0.097656
0 0.541016 0.637695 0.097656 0.097656
0 0.540039 0.750000 0.097656 0.097656
0 0.447266 0.696777 0.097656 0.098633
0 0.451172 0.583984 0.097656 0.097656
0 0.445801 0.477539 0.084961 0.085938
0 0.448730 0.369141 0.110352 0.111328
0 0.357422 0.417969 0.097656 0.097656
0 0.348633 0.521484 0.097656 0.097656
0 0.341797 0.639160 0.097656 0.098633
0 0.249512 0.611328 0.084961 0.085938
0 0.068848 0.363281 0.084961 0.085938
0 0.056152 0.471191 0.110352 0.110352