0 0.196289 0.153809 0.085938 0.086914
0 0.951660 0.645020 0.073242 0.073242
0 0.857910 0.708008 0.084961 0.085938
0 0.953613 0.740234 0.073242 0.074219
0 0.958496 0.856445 0.073242 0.074219
0 0.859375 0.090820 0.085938 0.085938
0 0.767090 0.148438 0.084961 0.085938
0 0.667969 0.082031 0.097656 0.097656
0 0.572266 0.147461 0.085938 0.085938
0 0.472656 0.095703 0.097656 0.097656
0 0.377441 0.149414 0.084961 0.085938
0 0.295898 0.092285 0.097656 0.098633
0 0.193359 0.047852 0.085938 0.085938
0 0.099121 0.109863 0.024414 0.024414
0 0.100098 0.196777 0.024414 0.024414
0 0.093262 0.304199 0.024414 0.024414
0 0.193359 0.334961 0.037109 0.037109
0 0.190430 0.252441 0.109375 0.110352
0 0.299805 0.196289 0.085938 0.085938
0 0.300293 0.305176 0.073242 0.073242
0 0.380859 0.255371 0.097656 0.098633
0 0.371582 0.370605 0.061523 0.061523
0 0.472656 0.201660 0.097656 0.098633
0 0.477539 0.309082 0.097656 0.098633
0 0.581055 0.258789 0.097656 0.097656
0 0.672363 0.197266 0.084961 0.085938
0 0.670898 0.308594 0.097656 0.097656
0 0.770508 0.255859 0.097656 0.097656
0 0.764160 0.350586 0.084961 0.085938
0 0.859375 0.201172 0.085938 0.085938
0 0.861328 0.304688 0.085938 0.085938
0 0.955078 0.246094 0.085938 0.085938
0 0.952148 0.353516 0.085938 0.085938
0 0.101074 0.505371 0.061523 0.061523
0 0.097656 0.599121 0.097656 0.098633
0 0.102051 0.713867 0.122070 0.123047
0 0.094727 0.822754 0.109375 0.110352
0 0.098145 0.937500 0.122070 0.123047
0 0.195312 0.548340 0.097656 0.098633
0 0.190918 0.657715 0.110352 0.110352
0 0.183105 0.761719 0.122070 0.123047
0 0.191895 0.884277 0.110352 0.110352
0 0.285156 0.515625 0.048828 0.048828
0 0.282227 0.601074 0.097656 0.098633
0 0.281738 0.716309 0.122070 0.122070
0 0.285645 0.822266 0.122070 0.123047
0 0.284668 0.938965 0.110352 0.110352
0 0.370605 0.548340 0.073242 0.073242
0 0.375000 0.660645 0.109375 0.110352
0 0.375977 0.770020 0.109375 0.110352
0 0.375977 0.877930 0.085938 0.085938
0 0.480957 0.600586 0.122070 0.123047
0 0.469238 0.708984 0.122070 0.123047
0 0.476562 0.829590 0.097656 0.098633
0 0.477539 0.928223 0.097656 0.098633
0 0.574707 0.545898 0.073242 0.074219
0 0.580078 0.658203 0.097656 0.097656
0 0.586426 0.771484 0.122070 0.123047
0 0.582031 0.884277 0.097656 0.098633
0 0.675293 0.601562 0.122070 0.123047
0 0.671387 0.721680 0.122070 0.123047
0 0.673340 0.830078 0.084961 0.085938
0 0.765625 0.552734 0.097656 0.097656
0 0.769531 0.666016 0.097656 0.097656
0 0.769531 0.770508 0.097656 0.097656
0 0.771484 0.884766 0.097656 0.097656
0 0.855957 0.604492 0.073242 0.074219
0 0.863281 0.826172 0.085938 0.085938
0 0.860352 0.939453 0.097656 0.097656
0 0.950195 0.547363 0.060547 0.061523