0 0.917969 0.909668 0.097656 0.098633
0 0.924805 0.805664 0.097656 0.097656
0 0.921875 0.692383 0.097656 0.097656
0 0.924805 0.589844 0.097656 0.097656
0 0.923828 0.479004 0.097656 0.098633
0 0.829102 0.535645 0.097656 0.098633
0 0.822266 0.643555 0.109375 0.111328
0 0.827148 0.750488 0.097656 0.098633
0 0.820801 0.849121 0.110352 0.110352
0 0.726562 0.903809 0.097656 0.098633
0 0.731934 0.787598 0.110352 0.110352
0 0.738281 0.686523 0.109375 0.111328
1 0.735840 0.578613 0.110352 0.110352
0 0.739746 0.467773 0.110352 0.111328
0 0.640137 0.530273 0.110352 0.111328
0 0.636230 0.641113 0.110352 0.110352
0 0.640137 0.734375 0.110352 0.111328
0 0.633301 0.850098 0.110352 0.110352
0 0.547852 0.909668 0.109375 0.110352
0 0.541504 0.792969 0.110352 0.111328
0 0.541992 0.689941 0.109375 0.110352
0 0.548340 0.579590 0.110352 0.110352
0 0.545898 0.482910 0.109375 0.110352
0 0.454102 0.519531 0.109375 0.111328
0 0.450195 0.626465 0.097656 0.098633
0 0.449219 0.734375 0.097656 0.097656
0 0.448730 0.847168 0.110352 0.110352
0 0.354492 0.899414 0.097656 0.097656
0 0.349609 0.795410 0.097656 0.098633
0 0.350586 0.686035 0.109375 0.110352
0 0.354492 0.568848 0.097656 0.098633
0 0.359863 0.463379 0.110352 0.110352
0 0.260254 0.522949 0.110352 0.110352
0 0.262695 0.635254 0.109375 0.110352
0 0.265137 0.735352 0.110352 0.111328
0 0.258789 0.850098 0.109375 0.110352
0 0.153809 0.895020 0.110352 0.110352
0 0.163086 0.791016 0.097656 0.097656
0 0.164551 0.680664 0.110352 0.111328
0 0.173828 0.460449 0.109375 0.110352
0 0.166992 0.568848 0.109375 0.110352
0 0.067871 0.519043 0.110352 0.110352
0 0.068848 0.620605 0.110352 0.110352
0 0.062500 0.742676 0.109375 0.110352
0 0.062012 0.847168 0.110352 0.110352
0 0.935059 0.157715 0.061523 0.061523
0 0.931152 0.250488 0.084961 0.086914
0 0.834473 0.103516 0.084961 0.085938
0 0.841797 0.216309 0.097656 0.098633
0 0.743652 0.148438 0.084961 0.085938
0 0.738281 0.259277 0.097656 0.098633
0 0.652344 0.102051 0.109375 0.110352
0 0.641602 0.209961 0.109375 0.111328
0 0.553711 0.152832 0.097656 0.098633
0 0.548828 0.266602 0.085938 0.085938
0 0.462402 0.099121 0.084961 0.086914
0 0.460938 0.205566 0.109375 0.110352
0 0.365234 0.160156 0.097656 0.097656
0 0.359863 0.266602 0.084961 0.085938
0 0.264648 0.100098 0.109375 0.110352
0 0.270996 0.214844 0.122070 0.123047
0 0.171387 0.147949 0.110352 0.110352
0 0.167480 0.252441 0.110352 0.110352
0 0.077148 0.100098 0.097656 0.098633
0 0.078125 0.201660 0.109375 0.110352