0 0.311035 0.907715 0.073242 0.073242
0 0.403809 0.499023 0.073242 0.074219
0 0.883789 0.795898 0.085938 0.085938
0 0.885742 0.892578 0.097656 0.097656
0 0.784180 0.750488 0.109375 0.110352
0 0.687500 0.815430 0.097656 0.097656
0 0.599609 0.750488 0.109375 0.110352
0 0.502441 0.807617 0.110352 0.111328
0 0.412109 0.782715 0.109375 0.110352
0 0.404297 0.878906 0.097656 0.097656
0 0.308594 0.806152 0.097656 0.098633
0 0.221680 0.750000 0.097656 0.097656
0 0.212891 0.858398 0.085938 0.085938
0 0.785156 0.080078 0.085938 0.085938
0 0.895020 0.133789 0.084961 0.085938
0 0.888184 0.278320 0.084961 0.085938
0 0.881348 0.688965 0.110352 0.110352
0 0.885742 0.583984 0.097656 0.097656
0 0.889648 0.490234 0.097656 0.097656
0 0.889648 0.389648 0.085938 0.085938
0 0.791504 0.213379 0.110352 0.110352
0 0.789062 0.304199 0.109375 0.110352
0 0.784668 0.431641 0.110352 0.111328
0 0.788574 0.526855 0.110352 0.110352
0 0.794922 0.651367 0.109375 0.111328
0 0.698242 0.591309 0.109375 0.110352
0 0.698242 0.484863 0.109375 0.110352
0 0.694336 0.375488 0.109375 0.110352
0 0.605469 0.219727 0.085938 0.085938
0 0.605469 0.318359 0.085938 0.085938
0 0.599609 0.435059 0.097656 0.098633
0 0.598633 0.538086 0.097656 0.097656
0 0.405273 0.089355 0.097656 0.098633
0 0.217773 0.076172 0.085938 0.085938
0 0.221680 0.201172 0.085938 0.085938
0 0.214844 0.300781 0.085938 0.085938
0 0.221191 0.432617 0.084961 0.085938
0 0.328613 0.449219 0.084961 0.085938
0 0.324707 0.366211 0.084961 0.085938
0 0.314453 0.250000 0.085938 0.085938
0 0.315918 0.135742 0.084961 0.085938
0 0.410156 0.206055 0.085938 0.085938
0 0.407715 0.328125 0.084961 0.085938
0 0.408691 0.410156 0.084961 0.085938
0 0.506836 0.560547 0.085938 0.085938
0 0.504395 0.453125 0.084961 0.085938
0 0.512207 0.358398 0.084961 0.085938
0 0.504395 0.263672 0.084961 0.085938
0 0.508789 0.153320 0.085938 0.085938
0 0.693359 0.154297 0.085938 0.085938
0 0.691895 0.264648 0.084961 0.085938
0 0.607910 0.099609 0.084961 0.085938
0 0.502930 0.709473 0.097656 0.098633
0 0.411133 0.688965 0.109375 0.110352
0 0.313965 0.705566 0.110352 0.110352
0 0.219727 0.637695 0.097656 0.097656
0 0.130859 0.145996 0.097656 0.098633
0 0.128418 0.254883 0.084961 0.085938
0 0.126953 0.372559 0.097656 0.098633
0 0.127930 0.485840 0.097656 0.098633