0 0.088867 0.056641 0.085938 0.085938
0 0.094727 0.158203 0.109375 0.111328
0 0.091797 0.267578 0.109375 0.111328
0 0.087402 0.391113 0.110352 0.110352
0 0.193359 0.108887 0.109375 0.110352
0 0.187500 0.219238 0.109375 0.110352
0 0.186523 0.333984 0.109375 0.111328
0 0.278320 0.163574 0.097656 0.098633
0 0.280762 0.273438 0.084961 0.085938
0 0.281250 0.386719 0.097656 0.097656
0 0.372070 0.110840 0.097656 0.098633
0 0.377441 0.223145 0.110352 0.110352
0 0.369629 0.329590 0.110352 0.110352
0 0.469727 0.066895 0.109375 0.110352
0 0.469727 0.169434 0.097656 0.098633
0 0.474609 0.285645 0.109375 0.110352
0 0.562012 0.118652 0.110352 0.110352
0 0.560547 0.229980 0.109375 0.110352
0 0.561523 0.339355 0.109375 0.110352
0 0.655273 0.059082 0.097656 0.098633
0 0.662598 0.171387 0.110352 0.110352
0 0.654785 0.278809 0.110352 0.110352
0 0.749023 0.114258 0.097656 0.097656
0 0.748047 0.223145 0.109375 0.110352
0 0.748047 0.343262 0.097656 0.098633
0 0.844727 0.059570 0.109375 0.111328
0 0.841797 0.171875 0.109375 0.111328
0 0.843750 0.286621 0.109375 0.110352
0 0.941895 0.119141 0.110352 0.111328
0 0.943848 0.202148 0.073242 0.074219
0 0.933594 0.341797 0.097656 0.097656
0 0.940430 0.443848 0.097656 0.098633
0 0.944336 0.560059 0.097656 0.098633
0 0.936523 0.665527 0.097656 0.098633
0 0.936523 0.773926 0.097656 0.098633
0 0.842773 0.390137 0.097656 0.098633
0 0.843750 0.499512 0.097656 0.098633
0 0.844238 0.615723 0.073242 0.073242
0 0.845703 0.720215 0.097656 0.098633
0 0.843750 0.833496 0.097656 0.098633
0 0.753418 0.449707 0.110352 0.110352
0 0.746094 0.547363 0.097656 0.098633
0 0.743164 0.677246 0.097656 0.098633
0 0.749023 0.782715 0.109375 0.110352
0 0.656738 0.396973 0.110352 0.110352
0 0.658203 0.505371 0.109375 0.110352
0 0.658203 0.622559 0.097656 0.098633
0 0.658203 0.723145 0.097656 0.098633
0 0.652344 0.836914 0.109375 0.111328
0 0.563477 0.446777 0.109375 0.110352
0 0.559570 0.556152 0.109375 0.110352
0 0.561523 0.665527 0.109375 0.110352
0 0.560059 0.777344 0.110352 0.111328
0 0.472168 0.395996 0.110352 0.110352
0 0.463379 0.492676 0.110352 0.110352
0 0.466797 0.604492 0.097656 0.097656
0 0.468262 0.714844 0.110352 0.111328
0 0.468262 0.833496 0.110352 0.110352
0 0.374512 0.445801 0.110352 0.110352
0 0.376465 0.562500 0.110352 0.111328
0 0.367188 0.671875 0.097656 0.097656
0 0.376953 0.789551 0.109375 0.110352
0 0.278320 0.499023 0.109375 0.111328
0 0.277344 0.618652 0.060547 0.061523
0 0.273438 0.725098 0.109375 0.110352
0 0.275391 0.835449 0.109375 0.110352
0 0.183594 0.443359 0.109375 0.111328
0 0.186523 0.553223 0.109375 0.110352
0 0.178223 0.661621 0.110352 0.110352
0 0.182129 0.781738 0.110352 0.110352
0 0.089355 0.499512 0.110352 0.110352
0 0.085449 0.599121 0.061523 0.061523
0 0.086426 0.720215 0.110352 0.110352
0 0.085938 0.836426 0.109375 0.110352
0 0.177246 0.891113 0.110352 0.110352
0 0.375977 0.886230 0.097656 0.098633
0 0.469238 0.943848 0.110352 0.110352
0 0.566895 0.884766 0.110352 0.111328
0 0.660156 0.942383 0.109375 0.111328
0 0.751465 0.883301 0.110352 0.110352
0 0.846191 0.941895 0.110352 0.110352
0 0.940430 0.884277 0.109375 0.110352