0 0.389160 0.798828 0.084961 0.085938
0 0.385254 0.921387 0.110352 0.110352
0 0.285645 0.863770 0.110352 0.110352
0 0.199219 0.802246 0.097656 0.098633
0 0.199219 0.911621 0.109375 0.110352
0 0.100586 0.850586 0.097656 0.097656
0 0.852539 0.875977 0.097656 0.097656
0 0.863281 0.761719 0.097656 0.097656
0 0.763672 0.817383 0.109375 0.111328
0 0.762695 0.929199 0.109375 0.110352
0 0.670898 0.751953 0.085938 0.085938
0 0.661621 0.870605 0.110352 0.110352
0 0.568359 0.927734 0.097656 0.097656
0 0.575195 0.806641 0.097656 0.097656
0 0.482422 0.767578 0.109375 0.111328
0 0.478516 0.870605 0.097656 0.098633
0 0.870117 0.574707 0.109375 0.110352
0 0.858887 0.466797 0.110352 0.111328
0 0.865234 0.353516 0.109375 0.111328
0 0.871094 0.254395 0.097656 0.098633
0 0.872070 0.127441 0.097656 0.098633
0 0.775391 0.079102 0.097656 0.097656
0 0.776367 0.185547 0.097656 0.097656
0 0.776367 0.298828 0.097656 0.097656
0 0.772461 0.412109 0.097656 0.097656
0 0.612305 0.042480 0.048828 0.049805
0 0.680664 0.259766 0.097656 0.097656
0 0.678223 0.349121 0.110352 0.110352
0 0.677734 0.470215 0.097656 0.098633
0 0.679199 0.565430 0.110352 0.111328
0 0.764160 0.518555 0.110352 0.111328
0 0.581055 0.513184 0.097656 0.098633
0 0.584961 0.393555 0.085938 0.085938
0 0.584961 0.294434 0.109375 0.110352
0 0.497070 0.230957 0.097656 0.098633
0 0.509766 0.375488 0.109375 0.110352
0 0.497070 0.471191 0.109375 0.110352
0 0.482422 0.574219 0.097656 0.097656
0 0.401367 0.524902 0.109375 0.110352
0 0.397461 0.406738 0.109375 0.110352
1 0.398926 0.308594 0.084961 0.085938
0 0.396484 0.186523 0.097656 0.097656
0 0.303223 0.142578 0.084961 0.085938
0 0.297852 0.250488 0.097656 0.098633
0 0.297852 0.351562 0.097656 0.097656
0 0.297852 0.467285 0.109375 0.110352
0 0.299316 0.564941 0.110352 0.110352
0 0.201172 0.522949 0.109375 0.110352
0 0.202148 0.408691 0.097656 0.098633
0 0.212891 0.292969 0.109375 0.111328
0 0.204102 0.191895 0.109375 0.110352
0 0.214355 0.066895 0.110352 0.110352
0 0.110840 0.138184 0.110352 0.110352
0 0.121094 0.250977 0.085938 0.085938
0 0.113281 0.504883 0.109375 0.111328
0 0.104492 0.360840 0.097656 0.098633