0 0.344727 0.661621 0.109375 0.110352
0 0.060547 0.061035 0.109375 0.110352
0 0.058594 0.169434 0.097656 0.098633
0 0.060547 0.285645 0.097656 0.098633
0 0.153320 0.118164 0.097656 0.097656
0 0.158203 0.229004 0.097656 0.098633
0 0.249023 0.175781 0.109375 0.111328
0 0.245117 0.281738 0.109375 0.110352
0 0.343262 0.114746 0.110352 0.110352
0 0.344238 0.225586 0.110352 0.111328
0 0.430664 0.056152 0.109375 0.110352
0 0.438477 0.167480 0.109375 0.110352
0 0.534180 0.110840 0.097656 0.098633
0 0.535156 0.223145 0.109375 0.110352
0 0.629395 0.173340 0.110352 0.110352
0 0.631836 0.278809 0.109375 0.110352
0 0.729004 0.108398 0.084961 0.085938
0 0.729980 0.221680 0.084961 0.085938
0 0.825195 0.170410 0.097656 0.098633
0 0.822754 0.278809 0.110352 0.110352
0 0.920898 0.107910 0.097656 0.098633
0 0.923828 0.224121 0.109375 0.110352
0 0.915039 0.337402 0.109375 0.110352
0 0.914062 0.449707 0.109375 0.110352
0 0.917480 0.552246 0.110352 0.110352
0 0.913574 0.659668 0.110352 0.110352
0 0.824707 0.390137 0.110352 0.110352
0 0.815918 0.500488 0.110352 0.110352
0 0.821777 0.614746 0.110352 0.110352
0 0.821289 0.723633 0.109375 0.111328
0 0.732422 0.332520 0.097656 0.098633
0 0.735352 0.440430 0.085938 0.085938
0 0.724609 0.553711 0.097656 0.097656
0 0.728516 0.669922 0.097656 0.097656
0 0.630859 0.391113 0.109375 0.110352
0 0.632812 0.495117 0.109375 0.111328
0 0.634766 0.609375 0.109375 0.111328
0 0.629395 0.708984 0.110352 0.111328
0 0.533203 0.335449 0.109375 0.110352
0 0.534668 0.446289 0.110352 0.111328
0 0.531738 0.553711 0.110352 0.111328
0 0.536621 0.660645 0.110352 0.110352
0 0.435059 0.279297 0.110352 0.111328
0 0.437012 0.386719 0.110352 0.111328
0 0.440918 0.504395 0.110352 0.110352
0 0.445312 0.608887 0.109375 0.110352
0 0.347168 0.342773 0.110352 0.111328
0 0.345703 0.447754 0.097656 0.098633
0 0.342773 0.554199 0.109375 0.110352
0 0.250000 0.390137 0.097656 0.098633
0 0.245117 0.501465 0.109375 0.110352
0 0.249023 0.605957 0.109375 0.110352
0 0.251953 0.719238 0.048828 0.049805
0 0.343750 0.773926 0.048828 0.049805
0 0.438477 0.711914 0.048828 0.048828
0 0.150391 0.334473 0.109375 0.110352
0 0.155762 0.449707 0.110352 0.110352
0 0.155762 0.560059 0.110352 0.110352
0 0.158691 0.672363 0.110352 0.110352
0 0.157715 0.778320 0.084961 0.085938
0 0.060547 0.387207 0.097656 0.098633
0 0.056152 0.497559 0.110352 0.110352
0 0.061523 0.608887 0.097656 0.098633
0 0.053223 0.831543 0.073242 0.073242
0 0.158691 0.880371 0.110352 0.110352
0 0.249023 0.831543 0.109375 0.110352
0 0.345703 0.880859 0.109375 0.111328
0 0.448242 0.939453 0.085938 0.085938
0 0.441895 0.827148 0.084961 0.085938
0 0.538574 0.778320 0.084961 0.085938
0 0.535645 0.884766 0.084961 0.085938
0 0.632324 0.826660 0.073242 0.073242
0 0.635254 0.938477 0.084961 0.085938
0 0.720703 0.772949 0.097656 0.098633
0 0.726562 0.882324 0.097656 0.098633
0 0.823730 0.827637 0.110352 0.110352
0 0.824707 0.941895 0.110352 0.110352
0 0.918457 0.776855 0.110352 0.110352
0 0.915527 0.888184 0.110352 0.110352