0 0.069336 0.114746 0.109375 0.110352
0 0.165527 0.060547 0.084961 0.085938
0 0.166016 0.173828 0.085938 0.085938
0 0.264160 0.114746 0.110352 0.110352
0 0.354004 0.175293 0.110352 0.110352
0 0.453125 0.118164 0.109375 0.111328
0 0.547363 0.057617 0.084961 0.085938
0 0.547852 0.170898 0.097656 0.097656
0 0.636230 0.113770 0.110352 0.110352
0 0.741211 0.069824 0.109375 0.110352
0 0.828125 0.123535 0.109375 0.110352
0 0.921387 0.062988 0.110352 0.110352
0 0.923340 0.181152 0.110352 0.110352
0 0.924805 0.289551 0.109375 0.110352
0 0.924805 0.406738 0.097656 0.098633
0 0.924805 0.507324 0.097656 0.098633
0 0.918945 0.621094 0.109375 0.111328
0 0.830078 0.230957 0.109375 0.110352
0 0.826172 0.340332 0.109375 0.110352
0 0.828125 0.449707 0.109375 0.110352
0 0.826660 0.561523 0.110352 0.111328
0 0.738770 0.180176 0.110352 0.110352
0 0.729980 0.276855 0.110352 0.110352
0 0.733398 0.388672 0.097656 0.097656
0 0.734863 0.499023 0.110352 0.111328
0 0.734863 0.617676 0.110352 0.110352
0 0.641113 0.229980 0.110352 0.110352
0 0.643066 0.346680 0.110352 0.111328
0 0.633789 0.456055 0.097656 0.097656
0 0.643555 0.573730 0.109375 0.110352
0 0.544922 0.283203 0.109375 0.111328
0 0.543945 0.402832 0.060547 0.061523
0 0.540039 0.509277 0.109375 0.110352
0 0.541992 0.619629 0.109375 0.110352
0 0.450195 0.227539 0.109375 0.111328
0 0.453125 0.337402 0.109375 0.110352
0 0.444824 0.445801 0.110352 0.110352
0 0.448730 0.565918 0.110352 0.110352
0 0.355957 0.283691 0.110352 0.110352
0 0.352051 0.383301 0.061523 0.061523
0 0.353027 0.504395 0.110352 0.110352
0 0.352539 0.620605 0.109375 0.110352
0 0.262207 0.232910 0.061523 0.061523
0 0.257324 0.341309 0.061523 0.061523
0 0.258789 0.451660 0.109375 0.110352
0 0.257812 0.570801 0.109375 0.110352
0 0.168945 0.282715 0.109375 0.110352
0 0.163086 0.408203 0.085938 0.085938
0 0.163086 0.508301 0.109375 0.110352
0 0.165039 0.616699 0.097656 0.098633
0 0.071289 0.225098 0.109375 0.110352
0 0.067871 0.337402 0.110352 0.110352
0 0.071777 0.447754 0.110352 0.110352
0 0.072754 0.560059 0.110352 0.110352
0 0.075684 0.666992 0.110352 0.111328
0 0.067871 0.782227 0.110352 0.111328
0 0.063965 0.892090 0.110352 0.110352
0 0.167969 0.718750 0.097656 0.097656
0 0.163574 0.833984 0.110352 0.111328
0 0.160645 0.942383 0.110352 0.111328
0 0.262695 0.670410 0.097656 0.098633
0 0.263672 0.777832 0.097656 0.098633
0 0.261719 0.889648 0.097656 0.097656
0 0.353027 0.729004 0.110352 0.110352
0 0.350586 0.839355 0.109375 0.110352
0 0.443848 0.675293 0.110352 0.110352
0 0.446777 0.786621 0.110352 0.110352
0 0.447754 0.889160 0.110352 0.110352
0 0.536133 0.734863 0.109375 0.110352
0 0.541016 0.844238 0.097656 0.098633
0 0.642578 0.670410 0.097656 0.098633
0 0.638672 0.778809 0.097656 0.098633
0 0.645508 0.894043 0.109375 0.110352
0 0.735840 0.728027 0.110352 0.110352
0 0.737305 0.837402 0.109375 0.110352
0 0.735352 0.940918 0.109375 0.110352
0 0.833496 0.668945 0.110352 0.111328
0 0.828613 0.785645 0.110352 0.110352
0 0.830566 0.889160 0.110352 0.110352
0 0.926758 0.726562 0.109375 0.111328
0 0.923828 0.838379 0.109375 0.110352
0 0.921875 0.946777 0.097656 0.098633