0 0.649902 0.141113 0.073242 0.073242
0 0.900391 0.923828 0.109375 0.111328
0 0.901855 0.819824 0.110352 0.110352
0 0.815430 0.758301 0.097656 0.098633
0 0.815430 0.867676 0.109375 0.110352
0 0.712891 0.927246 0.097656 0.098633
0 0.716797 0.806641 0.097656 0.097656
0 0.621582 0.873047 0.084961 0.085938
0 0.524414 0.888184 0.097656 0.098633
0 0.524414 0.798340 0.109375 0.110352
0 0.432617 0.758301 0.097656 0.098633
0 0.436523 0.875488 0.109375 0.110352
0 0.159180 0.808594 0.048828 0.048828
0 0.334473 0.821777 0.084961 0.086914
0 0.334473 0.917969 0.084961 0.085938
0 0.246582 0.867188 0.084961 0.085938
0 0.248047 0.973633 0.048828 0.048828
0 0.064453 0.870117 0.048828 0.048828
0 0.152344 0.916504 0.048828 0.049805
0 0.531738 0.185059 0.061523 0.061523
0 0.919434 0.098633 0.084961 0.085938
0 0.914062 0.206543 0.097656 0.098633
0 0.914062 0.307617 0.097656 0.097656
0 0.914062 0.423340 0.109375 0.110352
0 0.915527 0.520996 0.110352 0.110352
0 0.817383 0.479004 0.109375 0.110352
0 0.818359 0.364746 0.097656 0.098633
0 0.829102 0.249023 0.109375 0.111328
0 0.820312 0.147949 0.109375 0.110352
0 0.727051 0.094238 0.110352 0.110352
0 0.737305 0.207031 0.085938 0.085938
0 0.645508 0.265625 0.097656 0.097656
0 0.627441 0.365723 0.110352 0.110352
0 0.624512 0.451660 0.110352 0.110352
0 0.729492 0.460938 0.109375 0.111328
0 0.720703 0.316895 0.097656 0.098633
1 0.528809 0.275879 0.073242 0.073242
0 0.533203 0.381348 0.097656 0.098633
0 0.528809 0.489746 0.110352 0.110352
0 0.445312 0.450195 0.097656 0.097656
0 0.450195 0.372559 0.097656 0.098633
0 0.360352 0.089844 0.097656 0.097656
0 0.261719 0.051758 0.085938 0.085938
0 0.264160 0.144043 0.110352 0.110352
0 0.256836 0.256348 0.097656 0.098633
0 0.348145 0.396973 0.073242 0.073242
0 0.354492 0.495605 0.097656 0.098633
0 0.167480 0.089355 0.110352 0.110352
0 0.171387 0.197754 0.110352 0.110352
0 0.169922 0.307129 0.109375 0.110352
0 0.166992 0.425293 0.097656 0.098633
0 0.061523 0.150879 0.097656 0.098633
0 0.057617 0.256348 0.097656 0.098633
0 0.068848 0.365234 0.084961 0.085938