0 0.377930 0.133301 0.097656 0.098633
1 0.376465 0.239746 0.110352 0.110352
0 0.469727 0.072266 0.085938 0.085938
0 0.484863 0.189453 0.084961 0.085938
0 0.281738 0.084473 0.110352 0.110352
0 0.282227 0.189941 0.109375 0.110352
0 0.185547 0.120605 0.109375 0.110352
0 0.183594 0.239746 0.109375 0.110352
0 0.089844 0.073730 0.097656 0.098633
0 0.089844 0.182129 0.097656 0.098633
0 0.093750 0.292480 0.109375 0.110352
0 0.091309 0.409668 0.110352 0.110352
0 0.093262 0.516113 0.110352 0.110352
0 0.094238 0.626953 0.110352 0.111328
0 0.181641 0.344238 0.109375 0.110352
0 0.180664 0.457520 0.109375 0.110352
0 0.188477 0.568848 0.109375 0.110352
0 0.281250 0.294434 0.097656 0.098633
0 0.281250 0.405762 0.109375 0.110352
0 0.284180 0.512207 0.097656 0.098633
0 0.285156 0.624512 0.109375 0.110352
0 0.380371 0.341309 0.110352 0.110352
0 0.375488 0.455566 0.110352 0.110352
0 0.379395 0.574707 0.110352 0.110352
0 0.381836 0.680176 0.109375 0.110352
0 0.480469 0.296875 0.085938 0.085938
0 0.483887 0.398438 0.084961 0.085938
0 0.479004 0.509766 0.084961 0.085938
0 0.479980 0.623047 0.084961 0.085938
0 0.566406 0.131836 0.097656 0.097656
0 0.579102 0.239258 0.097656 0.097656
0 0.575195 0.351074 0.109375 0.110352
0 0.573242 0.456543 0.109375 0.110352
0 0.575195 0.571777 0.097656 0.098633
0 0.572754 0.680176 0.110352 0.110352
0 0.671387 0.185547 0.110352 0.111328
0 0.675293 0.294922 0.110352 0.111328
0 0.674805 0.406738 0.109375 0.110352
0 0.670898 0.509277 0.097656 0.098633
0 0.673828 0.625488 0.109375 0.110352
0 0.665527 0.075195 0.084961 0.085938
0 0.765625 0.132324 0.097656 0.098633
0 0.765625 0.238281 0.097656 0.097656
0 0.768555 0.346680 0.097656 0.097656
0 0.770020 0.455078 0.110352 0.111328
0 0.770508 0.564941 0.097656 0.098633
0 0.861328 0.084473 0.109375 0.110352
0 0.864258 0.189941 0.097656 0.098633
0 0.866211 0.293457 0.097656 0.098633
0 0.857422 0.406250 0.109375 0.111328
0 0.859863 0.510742 0.110352 0.111328
0 0.867676 0.607422 0.110352 0.111328
0 0.861816 0.735840 0.110352 0.110352
0 0.863770 0.843262 0.110352 0.110352
0 0.860352 0.954102 0.085938 0.085938
0 0.763672 0.677246 0.097656 0.098633
0 0.760742 0.786621 0.097656 0.098633
0 0.769531 0.899902 0.097656 0.098633
0 0.665039 0.738770 0.109375 0.110352
0 0.664062 0.851074 0.109375 0.110352
0 0.574707 0.791504 0.110352 0.110352
0 0.565918 0.901855 0.110352 0.110352
0 0.482422 0.733887 0.097656 0.098633
0 0.485352 0.841797 0.085938 0.085938
0 0.380859 0.792480 0.109375 0.110352
0 0.382812 0.896484 0.109375 0.111328
0 0.283203 0.736816 0.109375 0.110352
0 0.284668 0.847656 0.110352 0.111328
0 0.185059 0.680664 0.110352 0.111328
0 0.187012 0.788086 0.110352 0.111328
0 0.190918 0.905762 0.110352 0.110352
0 0.097168 0.744141 0.110352 0.111328
0 0.095703 0.849121 0.097656 0.098633