0 0.102539 0.073730 0.097656 0.098633
0 0.104980 0.183594 0.084961 0.085938
0 0.105469 0.296875 0.097656 0.097656
0 0.201660 0.133301 0.110352 0.110352
0 0.193848 0.239746 0.110352 0.110352
0 0.293945 0.079590 0.097656 0.098633
0 0.298828 0.195801 0.109375 0.110352
0 0.384766 0.140137 0.109375 0.110352
0 0.385742 0.249512 0.109375 0.110352
0 0.486816 0.081543 0.110352 0.110352
0 0.479004 0.188965 0.110352 0.110352
0 0.572266 0.133301 0.109375 0.110352
0 0.572266 0.253418 0.097656 0.098633
0 0.666016 0.082031 0.109375 0.111328
0 0.667969 0.196777 0.109375 0.110352
0 0.768066 0.112305 0.073242 0.074219
0 0.757812 0.251953 0.097656 0.097656
0 0.857422 0.079102 0.097656 0.097656
0 0.854492 0.188477 0.097656 0.097656
0 0.951660 0.466797 0.084961 0.085938
0 0.854004 0.283203 0.110352 0.111328
0 0.864258 0.403809 0.097656 0.098633
0 0.854492 0.523926 0.060547 0.061523
0 0.856445 0.622559 0.109375 0.110352
0 0.854492 0.741699 0.109375 0.110352
0 0.764648 0.354004 0.097656 0.098633
0 0.768555 0.470215 0.097656 0.098633
0 0.760742 0.575684 0.097656 0.098633
0 0.760742 0.684082 0.097656 0.098633
0 0.666992 0.300293 0.097656 0.098633
0 0.667969 0.409668 0.097656 0.098633
0 0.668457 0.525879 0.073242 0.073242
0 0.669922 0.630371 0.097656 0.098633
0 0.667969 0.743652 0.097656 0.098633
0 0.577637 0.359863 0.110352 0.110352
0 0.570312 0.457520 0.097656 0.098633
0 0.567383 0.587402 0.097656 0.098633
0 0.573242 0.692871 0.109375 0.110352
0 0.480957 0.307129 0.110352 0.110352
0 0.482422 0.415527 0.109375 0.110352
0 0.482422 0.532715 0.097656 0.098633
0 0.482422 0.633301 0.097656 0.098633
0 0.476562 0.747070 0.109375 0.111328
0 0.387695 0.356934 0.109375 0.110352
0 0.383789 0.466309 0.109375 0.110352
0 0.385742 0.575684 0.109375 0.110352
0 0.384277 0.687500 0.110352 0.111328
0 0.296387 0.306152 0.110352 0.110352
0 0.287598 0.402832 0.110352 0.110352
0 0.291016 0.514648 0.097656 0.097656
0 0.292480 0.625000 0.110352 0.111328
0 0.292480 0.743652 0.110352 0.110352
0 0.198730 0.355957 0.110352 0.110352
0 0.200684 0.472656 0.110352 0.111328
0 0.191406 0.582031 0.097656 0.097656
0 0.201172 0.699707 0.109375 0.110352
0 0.102539 0.409180 0.109375 0.111328
0 0.101562 0.528809 0.060547 0.061523
0 0.097656 0.635254 0.109375 0.110352
0 0.099609 0.745605 0.109375 0.110352
0 0.093750 0.860840 0.109375 0.110352
0 0.200195 0.796387 0.097656 0.098633
0 0.196289 0.904785 0.097656 0.098633
0 0.293457 0.854004 0.110352 0.110352
0 0.391113 0.794922 0.110352 0.111328
0 0.386230 0.911621 0.110352 0.110352
0 0.484375 0.852539 0.109375 0.111328
0 0.575684 0.793457 0.110352 0.110352
0 0.574219 0.915039 0.085938 0.085938
0 0.670410 0.852051 0.110352 0.110352
0 0.764648 0.794434 0.109375 0.110352
0 0.762207 0.911621 0.110352 0.110352
0 0.852539 0.846191 0.109375 0.110352