0 0.196777 0.601562 0.073242 0.074219
0 0.198730 0.687500 0.073242 0.074219
0 0.399902 0.669434 0.073242 0.073242
0 0.393066 0.453125 0.073242 0.074219
0 0.118652 0.654785 0.073242 0.073242
0 0.311523 0.782715 0.060547 0.061523
0 0.116699 0.752441 0.073242 0.073242
0 0.870605 0.296875 0.073242 0.074219
0 0.874023 0.066406 0.097656 0.097656
0 0.865234 0.174805 0.085938 0.085938
0 0.876953 0.403320 0.097656 0.097656
0 0.778320 0.365234 0.085938 0.085938
0 0.780762 0.457520 0.110352 0.110352
0 0.773438 0.569824 0.097656 0.098633
0 0.864746 0.710449 0.073242 0.073242
0 0.871094 0.809082 0.097656 0.098633
0 0.687500 0.065918 0.097656 0.098633
1 0.680664 0.180664 0.085938 0.085938
0 0.683105 0.286133 0.084961 0.085938
0 0.684082 0.402832 0.110352 0.110352
0 0.687988 0.511230 0.110352 0.110352
0 0.686523 0.620605 0.109375 0.110352
0 0.683594 0.738770 0.097656 0.098633
0 0.596680 0.123535 0.097656 0.098633
0 0.582031 0.227539 0.097656 0.097656
0 0.583008 0.354980 0.097656 0.098633
0 0.578125 0.464355 0.097656 0.098633
0 0.574219 0.569824 0.097656 0.098633
0 0.585449 0.678711 0.084961 0.085938
0 0.489746 0.726562 0.084961 0.085938
0 0.498535 0.079102 0.110352 0.111328
0 0.502441 0.204102 0.122070 0.123047
0 0.495605 0.309570 0.084961 0.085938
0 0.478516 0.426758 0.085938 0.085938
0 0.480957 0.512207 0.084961 0.086914
0 0.487305 0.620117 0.097656 0.097656
0 0.406738 0.137207 0.110352 0.110352
0 0.404297 0.249512 0.097656 0.098633
0 0.406250 0.348145 0.097656 0.098633
0 0.314453 0.435059 0.060547 0.061523
0 0.313965 0.538086 0.073242 0.074219
0 0.316895 0.624023 0.084961 0.085938
0 0.307617 0.703125 0.085938 0.085938
0 0.182129 0.786621 0.061523 0.061523
0 0.308594 0.094238 0.109375 0.110352
0 0.315918 0.190918 0.110352 0.110352
0 0.313477 0.306152 0.109375 0.110352
0 0.212891 0.144043 0.109375 0.110352
0 0.215332 0.250488 0.110352 0.110352
0 0.214844 0.350586 0.109375 0.111328
0 0.203125 0.492676 0.097656 0.098633
0 0.119141 0.540527 0.097656 0.098633
0 0.133789 0.425781 0.085938 0.085938
0 0.119629 0.082520 0.084961 0.086914
0 0.125977 0.186523 0.097656 0.097656
0 0.119141 0.317871 0.097656 0.098633
0 0.397461 0.557129 0.097656 0.098633