0 0.728027 0.216309 0.073242 0.073242
0 0.801270 0.367188 0.073242 0.074219
0 0.916992 0.883789 0.085938 0.085938
0 0.902832 0.540527 0.084961 0.086914
0 0.909180 0.644531 0.097656 0.097656
0 0.902344 0.775879 0.097656 0.098633
0 0.800781 0.484375 0.085938 0.085938
0 0.802246 0.597656 0.084961 0.085938
0 0.809570 0.710938 0.097656 0.097656
0 0.813477 0.813965 0.109375 0.110352
0 0.823730 0.951172 0.084961 0.085938
0 0.719238 0.872070 0.110352 0.111328
0 0.721680 0.770508 0.109375 0.111328
0 0.719727 0.654785 0.097656 0.098633
1 0.720215 0.542969 0.073242 0.074219
0 0.622559 0.480469 0.084961 0.085938
0 0.619629 0.601562 0.084961 0.085938
0 0.622070 0.710449 0.109375 0.110352
0 0.625000 0.818848 0.097656 0.098633
0 0.630859 0.942383 0.085938 0.085938
0 0.544434 0.877930 0.084961 0.085938
0 0.547363 0.765625 0.084961 0.085938
0 0.547852 0.659668 0.097656 0.098633
0 0.533203 0.554688 0.085938 0.085938
0 0.439453 0.483887 0.097656 0.098633
0 0.435059 0.607910 0.110352 0.110352
0 0.436035 0.714355 0.110352 0.110352
0 0.439941 0.823730 0.096680 0.098633
0 0.440918 0.927734 0.084961 0.085938
0 0.348633 0.553223 0.109375 0.110352
0 0.348633 0.659668 0.097656 0.098633
0 0.348145 0.770020 0.110352 0.110352
0 0.345703 0.883301 0.109375 0.110352
0 0.162598 0.532227 0.084961 0.085938
0 0.173828 0.662109 0.097656 0.097656
0 0.169922 0.767090 0.097656 0.098633
0 0.157227 0.883301 0.097656 0.098633
0 0.060547 0.490234 0.097656 0.097656
0 0.057617 0.713867 0.097656 0.097656
0 0.055664 0.829590 0.097656 0.098633
0 0.057617 0.940430 0.097656 0.097656
1 0.725098 0.418945 0.073242 0.074219
1 0.720215 0.311035 0.073242 0.073242
0 0.626953 0.269531 0.085938 0.085938
0 0.626953 0.384766 0.085938 0.085938
1 0.815918 0.273438 0.073242 0.074219
1 0.815918 0.153809 0.073242 0.073242
0 0.906250 0.199219 0.085938 0.085938
0 0.911133 0.319336 0.085938 0.085938
0 0.908691 0.099609 0.084961 0.085938
0 0.909668 0.425781 0.084961 0.085938
0 0.728027 0.109375 0.084961 0.085938
0 0.629395 0.169434 0.110352 0.110352
0 0.539062 0.226562 0.085938 0.085938
0 0.540039 0.316406 0.085938 0.085938
0 0.544434 0.118164 0.084961 0.085938
0 0.433105 0.075684 0.110352 0.110352
0 0.435547 0.183105 0.097656 0.098633
0 0.440430 0.264160 0.097656 0.098633
0 0.341309 0.337891 0.084961 0.085938
0 0.342773 0.433105 0.097656 0.098633
0 0.439453 0.378418 0.097656 0.098633
0 0.543945 0.429199 0.097656 0.098633
0 0.344727 0.229980 0.097656 0.098633
0 0.249512 0.067383 0.084961 0.085938
0 0.346680 0.136719 0.085938 0.085938
0 0.251953 0.380859 0.097656 0.097656
0 0.250977 0.266113 0.097656 0.098633
0 0.252441 0.166016 0.084961 0.085938
0 0.169922 0.115234 0.097656 0.097656
0 0.159180 0.219727 0.085938 0.085938
0 0.163086 0.321289 0.085938 0.085938
0 0.156250 0.430176 0.085938 0.086914
0 0.060547 0.159668 0.097656 0.098633
0 0.061035 0.272461 0.084961 0.085938
0 0.067383 0.382812 0.085938 0.085938
0 0.249512 0.600098 0.110352 0.110352
0 0.250977 0.722168 0.109375 0.110352
0 0.250977 0.837402 0.109375 0.110352
0 0.246094 0.933105 0.109375 0.110352
0 0.251465 0.494141 0.084961 0.085938