0 0.266113 0.957031 0.073242 0.074219
0 0.078125 0.200195 0.085938 0.085938
0 0.094727 0.089355 0.097656 0.098633
0 0.933594 0.133301 0.085938 0.086914
0 0.167480 0.147949 0.110352 0.110352
0 0.166016 0.261230 0.097656 0.098633
0 0.266602 0.193848 0.097656 0.098633
0 0.276367 0.096191 0.097656 0.098633
0 0.358398 0.144531 0.097656 0.097656
0 0.362305 0.244629 0.109375 0.110352
0 0.460938 0.201660 0.097656 0.098633
0 0.460938 0.091309 0.109375 0.110352
0 0.558594 0.158691 0.097656 0.098633
0 0.555176 0.258789 0.084961 0.085938
0 0.649414 0.209473 0.097656 0.098633
0 0.646973 0.094238 0.110352 0.110352
0 0.744141 0.160645 0.097656 0.098633
0 0.745117 0.266113 0.097656 0.098633
0 0.850586 0.206055 0.097656 0.097656
0 0.851074 0.103516 0.084961 0.085938
0 0.934570 0.268555 0.097656 0.097656
1 0.171875 0.795410 0.085938 0.086914
0 0.171875 0.684570 0.085938 0.085938
0 0.078613 0.739258 0.073242 0.074219
0 0.082520 0.844727 0.073242 0.074219
0 0.073242 0.943848 0.097656 0.098633
0 0.930664 0.802734 0.085938 0.085938
0 0.915039 0.930176 0.097656 0.098633
0 0.734375 0.707520 0.097656 0.098633
0 0.641602 0.659180 0.097656 0.097656
0 0.643555 0.755371 0.097656 0.098633
0 0.638672 0.872559 0.109375 0.110352
0 0.543945 0.701660 0.097656 0.098633
0 0.550781 0.807129 0.097656 0.098633
0 0.545410 0.919434 0.110352 0.110352
0 0.459961 0.843750 0.097656 0.097656
0 0.455078 0.742188 0.109375 0.111328
0 0.359375 0.695312 0.109375 0.111328
0 0.364746 0.803223 0.110352 0.110352
0 0.265137 0.750977 0.084961 0.085938
0 0.923828 0.369629 0.109375 0.110352
0 0.923828 0.484863 0.097656 0.098633
0 0.849609 0.305176 0.085938 0.086914
0 0.850586 0.403809 0.097656 0.098633
0 0.845215 0.525391 0.084961 0.085938
0 0.743164 0.578125 0.097656 0.097656
0 0.737305 0.471191 0.097656 0.098633
0 0.737305 0.385254 0.097656 0.098633
0 0.643555 0.318848 0.097656 0.098633
0 0.642578 0.426270 0.109375 0.110352
0 0.641602 0.538086 0.097656 0.097656
0 0.555664 0.582031 0.097656 0.097656
0 0.547852 0.367188 0.097656 0.097656
0 0.552734 0.480469 0.097656 0.097656
0 0.460938 0.317383 0.097656 0.097656
0 0.460938 0.431641 0.097656 0.097656
0 0.453125 0.541992 0.097656 0.097656
0 0.452637 0.643066 0.110352 0.110352
0 0.364258 0.592285 0.097656 0.098633
0 0.361816 0.479980 0.110352 0.110352
0 0.361816 0.357422 0.110352 0.111328
1 0.270508 0.421875 0.085938 0.085938
0 0.267578 0.288086 0.097656 0.097656
0 0.174805 0.365723 0.109375 0.110352
0 0.173828 0.488770 0.097656 0.098633
0 0.173340 0.583496 0.084961 0.086914
0 0.084473 0.655273 0.084961 0.085938
0 0.078613 0.531738 0.110352 0.110352
0 0.079590 0.422363 0.110352 0.110352
0 0.080078 0.312012 0.097656 0.098633
0 0.270508 0.544434 0.109375 0.110352
0 0.265625 0.635254 0.109375 0.110352