0 0.409180 0.583496 0.109375 0.110352
0 0.589355 0.683594 0.073242 0.074219
0 0.983887 0.362793 0.024414 0.024414
0 0.978027 0.476074 0.024414 0.024414
0 0.886230 0.284668 0.024414 0.024414
0 0.886230 0.395020 0.024414 0.024414
0 0.882324 0.510254 0.024414 0.024414
0 0.888672 0.060059 0.097656 0.098633
0 0.886719 0.165527 0.097656 0.098633
0 0.878418 0.619629 0.024414 0.024414
0 0.881348 0.701660 0.024414 0.024414
0 0.979004 0.562988 0.024414 0.024414
0 0.972168 0.670410 0.024414 0.024414
0 0.595703 0.250488 0.097656 0.098633
0 0.599609 0.354004 0.109375 0.110352
0 0.590820 0.464844 0.097656 0.097656
0 0.595703 0.576172 0.097656 0.097656
1 0.498047 0.305664 0.085938 0.085938
0 0.499023 0.418945 0.097656 0.097656
0 0.494629 0.523926 0.110352 0.110352
0 0.495117 0.633301 0.097656 0.098633
0 0.409668 0.242188 0.110352 0.111328
0 0.407715 0.355469 0.110352 0.111328
0 0.407227 0.467773 0.097656 0.097656
0 0.411621 0.688965 0.073242 0.073242
0 0.310059 0.194336 0.110352 0.111328
0 0.309570 0.297852 0.109375 0.111328
0 0.306641 0.419434 0.109375 0.110352
0 0.308594 0.526855 0.097656 0.098633
0 0.312500 0.631348 0.097656 0.098633
0 0.211914 0.245605 0.109375 0.110352
0 0.216797 0.354004 0.097656 0.098633
0 0.217773 0.464355 0.097656 0.098633
0 0.217773 0.570801 0.097656 0.098633
0 0.220215 0.683105 0.073242 0.073242
0 0.214844 0.134766 0.109375 0.111328
0 0.118164 0.191895 0.109375 0.110352
0 0.114746 0.295898 0.084961 0.085938
0 0.119141 0.397949 0.097656 0.098633
0 0.121094 0.520996 0.097656 0.098633
0 0.121094 0.630371 0.097656 0.098633
0 0.120117 0.079590 0.109375 0.110352
0 0.031738 0.854004 0.061523 0.061523
0 0.129883 0.902832 0.097656 0.098633
0 0.226562 0.852051 0.060547 0.061523
0 0.315918 0.906250 0.084961 0.085938
0 0.408203 0.853027 0.060547 0.061523
0 0.500000 0.909180 0.085938 0.085938
0 0.598145 0.860352 0.036133 0.037109
0 0.693848 0.917969 0.084961 0.085938
0 0.793945 0.864746 0.060547 0.061523
0 0.882812 0.913086 0.085938 0.085938