0 0.572754 0.494141 0.073242 0.074219
0 0.574707 0.580078 0.073242 0.074219
0 0.775879 0.562012 0.073242 0.073242
0 0.769043 0.345703 0.073242 0.074219
0 0.494629 0.547363 0.073242 0.073242
0 0.687500 0.675293 0.060547 0.061523
0 0.492676 0.645020 0.073242 0.073242
0 0.950195 0.462402 0.097656 0.098633
0 0.865723 0.619141 0.084961 0.085938
0 0.878418 0.096680 0.122070 0.123047
0 0.871582 0.202148 0.084961 0.085938
0 0.854492 0.319336 0.085938 0.085938
0 0.856934 0.404785 0.084961 0.086914
0 0.863281 0.512695 0.097656 0.097656
0 0.780273 0.142090 0.097656 0.098633
0 0.782227 0.240723 0.097656 0.098633
0 0.690430 0.327637 0.060547 0.061523
0 0.689941 0.430664 0.073242 0.074219
0 0.692871 0.516602 0.084961 0.085938
0 0.683594 0.595703 0.085938 0.085938
0 0.558105 0.679199 0.061523 0.061523
0 0.311523 0.632812 0.085938 0.085938
0 0.691895 0.083496 0.110352 0.110352
0 0.689453 0.198730 0.109375 0.110352
0 0.591309 0.143066 0.110352 0.110352
0 0.590820 0.243164 0.109375 0.111328
0 0.579102 0.385254 0.097656 0.098633
0 0.495117 0.433105 0.097656 0.098633
0 0.509766 0.318359 0.085938 0.085938
0 0.501953 0.079102 0.097656 0.097656
0 0.495117 0.210449 0.097656 0.098633
0 0.402344 0.145508 0.097656 0.097656
0 0.406250 0.248535 0.109375 0.110352
0 0.416504 0.385742 0.084961 0.085938
0 0.407227 0.479980 0.097656 0.098633
0 0.394043 0.600586 0.084961 0.085938
0 0.316895 0.527832 0.110352 0.110352
0 0.309082 0.434082 0.110352 0.110352
0 0.312012 0.306641 0.110352 0.111328
0 0.314453 0.205078 0.109375 0.111328
0 0.312500 0.089355 0.097656 0.098633
0 0.214844 0.145020 0.109375 0.110352
0 0.217773 0.253418 0.097656 0.098633
0 0.223633 0.376953 0.085938 0.085938
0 0.218750 0.475586 0.109375 0.111328
0 0.219727 0.582520 0.097656 0.098633
0 0.214355 0.690430 0.084961 0.085938
0 0.138184 0.645996 0.084961 0.086914
0 0.127930 0.541016 0.085938 0.085938
0 0.128418 0.421875 0.084961 0.085938
0 0.137207 0.312500 0.084961 0.085938
0 0.140137 0.200195 0.084961 0.085938
0 0.140625 0.094238 0.097656 0.098633
0 0.773438 0.449707 0.097656 0.098633