0 0.091309 0.789062 0.073242 0.074219
0 0.864258 0.915527 0.109375 0.110352
0 0.097656 0.124512 0.109375 0.110352
0 0.092773 0.234863 0.109375 0.110352
0 0.194336 0.068848 0.109375 0.110352
0 0.197266 0.183105 0.097656 0.098633
0 0.191406 0.293457 0.109375 0.110352
0 0.286621 0.130371 0.110352 0.110352
0 0.293457 0.245605 0.110352 0.110352
0 0.387207 0.075195 0.110352 0.111328
0 0.388184 0.187500 0.110352 0.111328
0 0.384277 0.303223 0.110352 0.110352
0 0.478516 0.128906 0.109375 0.111328
0 0.477539 0.243164 0.109375 0.111328
0 0.572754 0.074707 0.110352 0.110352
0 0.575195 0.185547 0.097656 0.097656
0 0.578125 0.302734 0.109375 0.111328
0 0.673340 0.135254 0.110352 0.110352
0 0.668457 0.244629 0.110352 0.110352
0 0.671875 0.354492 0.097656 0.097656
0 0.472656 0.349121 0.109375 0.110352
1 0.953125 0.637695 0.085938 0.085938
0 0.864746 0.574219 0.110352 0.111328
0 0.862793 0.687500 0.110352 0.111328
0 0.862305 0.799805 0.097656 0.097656
0 0.765137 0.526367 0.110352 0.111328
0 0.764648 0.629883 0.109375 0.111328
0 0.761719 0.751465 0.109375 0.110352
0 0.763672 0.858887 0.097656 0.098633
0 0.666992 0.577637 0.109375 0.110352
0 0.671875 0.686035 0.097656 0.098633
0 0.672852 0.796387 0.097656 0.098633
0 0.672852 0.902832 0.097656 0.098633
0 0.669922 0.466797 0.109375 0.111328
0 0.573242 0.523926 0.109375 0.110352
0 0.569824 0.627930 0.084961 0.085938
0 0.574219 0.729980 0.097656 0.098633
0 0.576172 0.853027 0.097656 0.098633
0 0.477051 0.466309 0.110352 0.110352
0 0.476074 0.568848 0.110352 0.110352
0 0.484375 0.681152 0.097656 0.098633
0 0.478516 0.786621 0.097656 0.098633
0 0.479492 0.905762 0.097656 0.098633
0 0.381348 0.519043 0.110352 0.110352
0 0.386719 0.623535 0.109375 0.110352
0 0.387695 0.736816 0.097656 0.098633
0 0.386719 0.851074 0.097656 0.098633
0 0.386719 0.956055 0.085938 0.085938
0 0.285156 0.465332 0.085938 0.086914
0 0.287109 0.573730 0.109375 0.110352
0 0.288086 0.680176 0.097656 0.098633
0 0.287109 0.793457 0.097656 0.098633
0 0.293457 0.897461 0.084961 0.085938
0 0.188477 0.514160 0.109375 0.110352
0 0.193359 0.625488 0.097656 0.098633
0 0.189941 0.732422 0.084961 0.085938
0 0.191895 0.841797 0.084961 0.085938
0 0.092773 0.451660 0.097656 0.098633
0 0.091309 0.566406 0.084961 0.085938
0 0.097168 0.682617 0.084961 0.085938
0 0.098145 0.895508 0.073242 0.074219
0 0.575195 0.411621 0.109375 0.110352
0 0.383301 0.409180 0.084961 0.085938
0 0.286133 0.346191 0.109375 0.110352
0 0.192383 0.403809 0.109375 0.110352
0 0.097168 0.346191 0.110352 0.110352