0 0.917969 0.885254 0.097656 0.098633
0 0.824219 0.930176 0.109375 0.110352
0 0.728516 0.880859 0.109375 0.111328
0 0.626465 0.925293 0.110352 0.110352
0 0.542480 0.875488 0.110352 0.110352
0 0.447266 0.920410 0.097656 0.098633
0 0.354492 0.868164 0.097656 0.097656
0 0.254883 0.923828 0.109375 0.111328
0 0.162109 0.858398 0.085938 0.085938
0 0.066406 0.913086 0.097656 0.097656
0 0.930664 0.130371 0.097656 0.098633
0 0.927734 0.243652 0.097656 0.098633
0 0.923828 0.359375 0.085938 0.085938
0 0.926758 0.464355 0.097656 0.098633
0 0.927734 0.563477 0.097656 0.097656
0 0.920898 0.664551 0.109375 0.110352
0 0.828125 0.613770 0.109375 0.110352
0 0.825684 0.511230 0.110352 0.110352
0 0.828125 0.399414 0.109375 0.111328
0 0.828613 0.287598 0.110352 0.110352
1 0.841797 0.179688 0.097656 0.097656
0 0.832520 0.072754 0.110352 0.110352
0 0.735352 0.131348 0.097656 0.098633
0 0.738281 0.236816 0.109375 0.110352
0 0.732910 0.354980 0.110352 0.110352
0 0.733887 0.458984 0.110352 0.111328
0 0.739258 0.573730 0.097656 0.098633
0 0.736328 0.680176 0.097656 0.098633
0 0.643555 0.077637 0.097656 0.098633
0 0.635742 0.188477 0.097656 0.097656
0 0.642578 0.300293 0.085938 0.086914
0 0.638672 0.409668 0.097656 0.098633
0 0.638184 0.515137 0.110352 0.110352
0 0.639648 0.648926 0.109375 0.110352
0 0.546875 0.131348 0.097656 0.098633
0 0.545410 0.248047 0.110352 0.111328
0 0.548828 0.357422 0.097656 0.097656
0 0.550293 0.477051 0.110352 0.110352
0 0.551758 0.571777 0.109375 0.110352
0 0.547363 0.697266 0.084961 0.085938
0 0.454102 0.089355 0.109375 0.110352
0 0.451172 0.177734 0.097656 0.097656
0 0.456543 0.263672 0.110352 0.111328
0 0.461426 0.378418 0.110352 0.110352
0 0.443359 0.508301 0.109375 0.110352
0 0.450684 0.631836 0.110352 0.111328
0 0.361328 0.681152 0.109375 0.110352
0 0.350098 0.573242 0.110352 0.111328
0 0.356445 0.459961 0.109375 0.111328
0 0.362305 0.360840 0.097656 0.098633
0 0.367188 0.144043 0.109375 0.110352
0 0.363281 0.233887 0.097656 0.098633
0 0.266602 0.185547 0.097656 0.097656
0 0.267578 0.291992 0.097656 0.097656
0 0.267578 0.405273 0.097656 0.097656
0 0.263672 0.518555 0.097656 0.097656
0 0.103516 0.148926 0.048828 0.049805
0 0.171875 0.366211 0.097656 0.097656
0 0.169434 0.455566 0.110352 0.110352
0 0.168945 0.576660 0.097656 0.098633
0 0.170410 0.671875 0.110352 0.111328
0 0.255371 0.625000 0.110352 0.111328
0 0.072266 0.619629 0.097656 0.098633
0 0.076172 0.500000 0.085938 0.085938
0 0.076172 0.400879 0.109375 0.110352