0 0.808105 0.955566 0.073242 0.073242
0 0.807129 0.854004 0.073242 0.073242
0 0.133301 0.027832 0.024414 0.024414
0 0.324219 0.027344 0.037109 0.037109
0 0.502441 0.062988 0.061523 0.061523
0 0.045898 0.190918 0.060547 0.061523
0 0.134766 0.239258 0.085938 0.085938
0 0.126953 0.349121 0.097656 0.098633
0 0.136719 0.459473 0.109375 0.110352
0 0.134277 0.571289 0.122070 0.123047
0 0.133301 0.683105 0.061523 0.061523
0 0.231934 0.197754 0.061523 0.061523
0 0.228516 0.291504 0.097656 0.098633
0 0.232910 0.406250 0.122070 0.123047
0 0.225586 0.515137 0.109375 0.110352
0 0.229004 0.629883 0.122070 0.123047
0 0.231445 0.736328 0.109375 0.111328
0 0.326172 0.240723 0.097656 0.098633
0 0.321777 0.350098 0.110352 0.110352
0 0.313965 0.454102 0.122070 0.123047
0 0.322754 0.576660 0.110352 0.110352
0 0.323730 0.679688 0.122070 0.123047
0 0.416016 0.208008 0.048828 0.048828
0 0.413086 0.293457 0.097656 0.098633
0 0.412598 0.408691 0.122070 0.122070
0 0.416504 0.514648 0.122070 0.123047
0 0.415527 0.631348 0.110352 0.110352
0 0.411621 0.734375 0.122070 0.123047
0 0.501465 0.240723 0.073242 0.073242
0 0.505859 0.353027 0.109375 0.110352
0 0.506836 0.462402 0.109375 0.110352
0 0.506836 0.570312 0.085938 0.085938
0 0.512207 0.684082 0.110352 0.110352
0 0.611816 0.292969 0.122070 0.123047
0 0.600098 0.401367 0.122070 0.123047
0 0.607422 0.521973 0.097656 0.098633
0 0.608398 0.620605 0.097656 0.098633
0 0.604980 0.740234 0.122070 0.123047
0 0.705566 0.238281 0.073242 0.074219
0 0.710938 0.350586 0.097656 0.097656
0 0.717285 0.463867 0.122070 0.123047
0 0.712891 0.576660 0.097656 0.098633
0 0.701172 0.679199 0.097656 0.098633
0 0.806152 0.293945 0.122070 0.123047
0 0.802246 0.414062 0.122070 0.123047
0 0.804199 0.522461 0.084961 0.085938
0 0.801758 0.643066 0.097656 0.098633
0 0.896484 0.245117 0.097656 0.097656
0 0.900391 0.358398 0.097656 0.097656
0 0.900391 0.462891 0.097656 0.097656
0 0.902344 0.577148 0.097656 0.097656
0 0.901855 0.683594 0.122070 0.123047
0 0.800293 0.753418 0.073242 0.073242
0 0.901855 0.793945 0.122070 0.123047
0 0.897949 0.901855 0.110352 0.110352
0 0.697266 0.793457 0.097656 0.098633
0 0.699219 0.902832 0.097656 0.098633
0 0.602051 0.854980 0.110352 0.110352
0 0.500488 0.789551 0.110352 0.110352
0 0.508789 0.900879 0.097656 0.098633
0 0.412109 0.846191 0.097656 0.098633
0 0.319824 0.791016 0.122070 0.123047
0 0.319336 0.902344 0.097656 0.097656
0 0.221680 0.847656 0.097656 0.097656
0 0.136230 0.786133 0.110352 0.111328
0 0.131836 0.901367 0.097656 0.097656