0 0.049805 0.253906 0.097656 0.097656
0 0.049805 0.365234 0.097656 0.097656
0 0.048340 0.472656 0.084961 0.085938
0 0.048828 0.585938 0.085938 0.085938
0 0.145508 0.088867 0.085938 0.085938
0 0.144531 0.201172 0.097656 0.097656
0 0.148926 0.310547 0.110352 0.111328
0 0.141113 0.420898 0.110352 0.111328
0 0.146973 0.526855 0.110352 0.110352
0 0.241211 0.141602 0.085938 0.085938
0 0.238281 0.252930 0.085938 0.085938
0 0.244141 0.354492 0.109375 0.111328
0 0.241211 0.463867 0.109375 0.111328
0 0.236816 0.587402 0.110352 0.110352
0 0.333496 0.088379 0.110352 0.110352
0 0.334473 0.201660 0.110352 0.110352
0 0.342773 0.305176 0.109375 0.110352
0 0.336914 0.415527 0.109375 0.110352
0 0.335938 0.530273 0.109375 0.111328
0 0.435059 0.136230 0.110352 0.110352
0 0.433105 0.251465 0.110352 0.110352
0 0.427734 0.359863 0.097656 0.098633
0 0.430176 0.469727 0.084961 0.085938
0 0.430664 0.583008 0.097656 0.097656
0 0.529297 0.095215 0.109375 0.110352
0 0.531250 0.194824 0.109375 0.110352
0 0.521484 0.307129 0.097656 0.098633
0 0.526855 0.419434 0.110352 0.110352
0 0.519043 0.525879 0.110352 0.110352
0 0.618164 0.154785 0.109375 0.110352
0 0.619141 0.263184 0.109375 0.110352
0 0.619141 0.365723 0.097656 0.098633
0 0.624023 0.481934 0.109375 0.110352
0 0.710449 0.099121 0.110352 0.110352
0 0.714355 0.203613 0.110352 0.110352
0 0.711426 0.314941 0.110352 0.110352
0 0.709961 0.426270 0.109375 0.110352
0 0.710938 0.535645 0.109375 0.110352
0 0.806641 0.145508 0.109375 0.111328
0 0.804688 0.255371 0.097656 0.098633
0 0.812012 0.367676 0.110352 0.110352
0 0.804199 0.475098 0.110352 0.110352
0 0.899414 0.098633 0.109375 0.111328
0 0.896484 0.204102 0.109375 0.111328
0 0.898438 0.310547 0.097656 0.097656
0 0.897461 0.419434 0.109375 0.110352
0 0.897461 0.539551 0.097656 0.098633
0 0.902832 0.645996 0.110352 0.110352
0 0.895508 0.743652 0.097656 0.098633
0 0.892578 0.873535 0.097656 0.098633
0 0.806152 0.593262 0.110352 0.110352
0 0.807617 0.701660 0.109375 0.110352
0 0.807617 0.818848 0.097656 0.098633
0 0.807617 0.919434 0.097656 0.098633
0 0.712891 0.643066 0.109375 0.110352
0 0.708984 0.752441 0.109375 0.110352
0 0.710938 0.861816 0.109375 0.110352
0 0.621582 0.592285 0.110352 0.110352
0 0.612793 0.688965 0.110352 0.110352
0 0.616211 0.800781 0.097656 0.097656
0 0.617676 0.911133 0.110352 0.111328
0 0.523926 0.642090 0.110352 0.110352
0 0.525879 0.758789 0.110352 0.111328
0 0.516602 0.868164 0.097656 0.097656
0 0.427734 0.695312 0.109375 0.111328
0 0.426758 0.814941 0.060547 0.061523
0 0.422852 0.921387 0.109375 0.110352
0 0.333008 0.639648 0.109375 0.111328
0 0.335938 0.749512 0.109375 0.110352
0 0.327637 0.857910 0.110352 0.110352
0 0.238770 0.695801 0.110352 0.110352
0 0.234863 0.795410 0.061523 0.061523
0 0.235840 0.916504 0.110352 0.110352
0 0.145020 0.645020 0.061523 0.061523
0 0.140137 0.753418 0.061523 0.061523
0 0.141602 0.863770 0.109375 0.110352
0 0.045898 0.820312 0.085938 0.085938