0 0.198730 0.363770 0.073242 0.073242
0 0.288574 0.509766 0.073242 0.074219
0 0.289551 0.404785 0.073242 0.073242
0 0.385254 0.447754 0.073242 0.073242
0 0.104980 0.426758 0.084961 0.085938
0 0.200684 0.458984 0.073242 0.074219
0 0.205566 0.575195 0.073242 0.074219
0 0.388672 0.552734 0.085938 0.085938
0 0.292480 0.629883 0.073242 0.074219
0 0.760254 0.491211 0.073242 0.074219
0 0.744629 0.383789 0.073242 0.074219
0 0.574707 0.814941 0.073242 0.073242
0 0.562988 0.701660 0.073242 0.073242
0 0.759277 0.692871 0.073242 0.073242
0 0.861816 0.763184 0.073242 0.073242
0 0.863770 0.638184 0.073242 0.073242
0 0.481445 0.748047 0.085938 0.085938
0 0.760254 0.579590 0.073242 0.073242
0 0.855957 0.541016 0.073242 0.074219
0 0.475098 0.629395 0.073242 0.073242
0 0.199219 0.072266 0.085938 0.085938
0 0.103027 0.323242 0.073242 0.074219
0 0.110352 0.544922 0.085938 0.085938
0 0.107422 0.658203 0.097656 0.097656
0 0.107910 0.768555 0.122070 0.123047
0 0.197266 0.266113 0.060547 0.061523
0 0.199219 0.708008 0.097656 0.097656
0 0.285156 0.298340 0.060547 0.061523
0 0.299316 0.768555 0.084961 0.085938
0 0.373535 0.250488 0.061523 0.061523
0 0.374512 0.337402 0.061523 0.061523
0 0.392578 0.689453 0.085938 0.085938
0 0.392090 0.805664 0.084961 0.085938
0 0.479492 0.317871 0.048828 0.049805
0 0.478516 0.421387 0.048828 0.049805
0 0.481934 0.530762 0.073242 0.073242
0 0.553711 0.280762 0.060547 0.061523
0 0.557617 0.378418 0.060547 0.061523
0 0.557617 0.463379 0.060547 0.061523
0 0.566895 0.571777 0.061523 0.061523
0 0.642090 0.332520 0.061523 0.061523
0 0.649902 0.437988 0.073242 0.073242
0 0.663574 0.525879 0.073242 0.073242
0 0.661621 0.637207 0.073242 0.073242
0 0.664551 0.758301 0.073242 0.073242
0 0.731934 0.271973 0.061523 0.061523
0 0.775391 0.807129 0.085938 0.086914
0 0.851074 0.423828 0.073242 0.074219
0 0.961426 0.933105 0.073242 0.073242
0 0.869141 0.876953 0.085938 0.085938
0 0.769043 0.934082 0.110352 0.110352
0 0.668457 0.875488 0.084961 0.086914
0 0.576172 0.920898 0.085938 0.085938
0 0.482910 0.871582 0.073242 0.073242
0 0.394043 0.901367 0.084961 0.085938
0 0.299805 0.879883 0.097656 0.097656
0 0.206055 0.823242 0.085938 0.085938
0 0.200195 0.931641 0.109375 0.111328
0 0.109375 0.872070 0.097656 0.097656