0 0.912598 0.089355 0.073242 0.073242
0 0.901367 0.853027 0.097656 0.098633
0 0.810059 0.907715 0.110352 0.110352
0 0.624023 0.898438 0.085938 0.085938
0 0.524414 0.849121 0.097656 0.098633
0 0.433594 0.914062 0.097656 0.097656
0 0.347168 0.864746 0.110352 0.110352
0 0.242676 0.828125 0.084961 0.085938
0 0.239746 0.934570 0.084961 0.085938
0 0.150879 0.873047 0.084961 0.085938
0 0.056641 0.814453 0.085938 0.085938
0 0.057617 0.927734 0.085938 0.085938
0 0.812012 0.125000 0.084961 0.085938
0 0.058594 0.161133 0.085938 0.085938
0 0.058594 0.265625 0.085938 0.085938
0 0.059570 0.386230 0.097656 0.098633
0 0.055664 0.493164 0.085938 0.085938
0 0.054199 0.597656 0.084961 0.085938
0 0.060547 0.704102 0.097656 0.097656
0 0.151367 0.760254 0.097656 0.098633
0 0.149902 0.654297 0.084961 0.085938
0 0.155273 0.536133 0.085938 0.085938
0 0.148926 0.432129 0.084961 0.086914
0 0.152344 0.321777 0.097656 0.098633
0 0.154297 0.205566 0.097656 0.098633
0 0.150391 0.099121 0.097656 0.098633
0 0.247070 0.152832 0.109375 0.110352
0 0.247070 0.256348 0.097656 0.098633
0 0.250000 0.364746 0.097656 0.098633
0 0.248047 0.487305 0.085938 0.085938
0 0.249023 0.597168 0.097656 0.098633
0 0.247070 0.698730 0.097656 0.098633
0 0.341797 0.094238 0.097656 0.098633
0 0.346680 0.209961 0.097656 0.097656
0 0.340332 0.312500 0.084961 0.085938
0 0.337891 0.421875 0.097656 0.097656
0 0.347656 0.537598 0.097656 0.098633
0 0.340820 0.649902 0.097656 0.098633
0 0.344727 0.756348 0.097656 0.098633
0 0.436523 0.798340 0.097656 0.098633
0 0.443359 0.687500 0.097656 0.097656
0 0.435547 0.579590 0.097656 0.098633
0 0.438477 0.468750 0.097656 0.097656
0 0.437500 0.355957 0.097656 0.098633
0 0.445312 0.245117 0.097656 0.097656
0 0.438477 0.137207 0.097656 0.098633
0 0.527344 0.080078 0.097656 0.097656
0 0.533203 0.187012 0.097656 0.098633
0 0.531250 0.294434 0.097656 0.098633
0 0.530273 0.409180 0.097656 0.097656
0 0.526367 0.524902 0.097656 0.098633
0 0.529785 0.629883 0.084961 0.085938
0 0.529297 0.731934 0.097656 0.098633
0 0.625488 0.782715 0.110352 0.110352
0 0.624023 0.674316 0.109375 0.110352
0 0.619141 0.566895 0.109375 0.110352
0 0.625488 0.465332 0.110352 0.110352
0 0.624512 0.352051 0.110352 0.110352
0 0.622070 0.237793 0.109375 0.110352
0 0.620605 0.126953 0.110352 0.111328
0 0.718750 0.083984 0.097656 0.097656
0 0.709961 0.187012 0.109375 0.110352
0 0.722656 0.291016 0.109375 0.111328
0 0.714844 0.402832 0.109375 0.110352
0 0.717285 0.507812 0.084961 0.085938
0 0.719727 0.597656 0.085938 0.085938
0 0.714844 0.730957 0.097656 0.098633
0 0.815430 0.795898 0.109375 0.111328
0 0.715820 0.842773 0.085938 0.085938
0 0.811523 0.670898 0.085938 0.085938
0 0.811523 0.578613 0.097656 0.098633
0 0.810547 0.457520 0.097656 0.098633
0 0.815918 0.353516 0.084961 0.085938
0 0.810547 0.227051 0.109375 0.110352
0 0.908691 0.187500 0.084961 0.085938
0 0.907227 0.287109 0.097656 0.097656
0 0.910156 0.422363 0.097656 0.098633
0 0.908203 0.511230 0.097656 0.098633
0 0.899414 0.628418 0.109375 0.110352
0 0.900391 0.739746 0.109375 0.110352
0 0.051270 0.052734 0.084961 0.085938