0 0.631348 0.169434 0.073242 0.073242
0 0.883301 0.848145 0.110352 0.110352
0 0.796875 0.786621 0.097656 0.098633
0 0.796875 0.895996 0.109375 0.110352
0 0.698242 0.834961 0.097656 0.097656
0 0.603027 0.901367 0.084961 0.085938
0 0.505859 0.916504 0.097656 0.098633
0 0.505859 0.826660 0.109375 0.110352
0 0.414062 0.786621 0.097656 0.098633
0 0.417969 0.903809 0.109375 0.110352
0 0.140625 0.836914 0.048828 0.048828
0 0.315918 0.850098 0.084961 0.086914
0 0.315918 0.946289 0.084961 0.085938
0 0.228027 0.895508 0.084961 0.085938
0 0.045898 0.898438 0.048828 0.048828
0 0.133789 0.944824 0.048828 0.049805
0 0.513184 0.213379 0.061523 0.061523
0 0.900879 0.126953 0.084961 0.085938
0 0.895508 0.234863 0.097656 0.098633
0 0.895508 0.335938 0.097656 0.097656
0 0.895508 0.451660 0.109375 0.110352
0 0.896973 0.549316 0.110352 0.110352
0 0.798828 0.507324 0.109375 0.110352
0 0.799805 0.393066 0.097656 0.098633
0 0.810547 0.277344 0.109375 0.111328
0 0.801758 0.176270 0.109375 0.110352
0 0.708496 0.122559 0.110352 0.110352
0 0.718750 0.235352 0.085938 0.085938
0 0.433594 0.066406 0.097656 0.097656
0 0.625977 0.047852 0.085938 0.085938
0 0.626953 0.293945 0.097656 0.097656
0 0.608887 0.394043 0.110352 0.110352
0 0.605957 0.479980 0.110352 0.110352
0 0.710938 0.489258 0.109375 0.111328
0 0.702148 0.345215 0.097656 0.098633
1 0.510254 0.304199 0.073242 0.073242
0 0.514648 0.409668 0.097656 0.098633
0 0.510254 0.518066 0.110352 0.110352
0 0.426758 0.478516 0.097656 0.097656
0 0.431641 0.400879 0.097656 0.098633
0 0.341797 0.118164 0.097656 0.097656
0 0.243164 0.080078 0.085938 0.085938
0 0.245605 0.172363 0.110352 0.110352
0 0.238281 0.284668 0.097656 0.098633
0 0.329590 0.425293 0.073242 0.073242
0 0.335938 0.523926 0.097656 0.098633
0 0.148926 0.117676 0.110352 0.110352
0 0.152832 0.226074 0.110352 0.110352
0 0.151367 0.335449 0.109375 0.110352
0 0.148438 0.453613 0.097656 0.098633
0 0.050293 0.393555 0.084961 0.085938