1 0.407715 0.407227 0.073242 0.074219
1 0.406250 0.526855 0.060547 0.061523
0 0.880371 0.475098 0.096680 0.098633
0 0.885742 0.574219 0.097656 0.097656
0 0.875000 0.691406 0.085938 0.085938
0 0.875977 0.801758 0.085938 0.085938
0 0.879883 0.916504 0.097656 0.098633
0 0.780273 0.858887 0.097656 0.098633
0 0.789551 0.761719 0.084961 0.085938
0 0.783203 0.649414 0.085938 0.085938
0 0.782227 0.522461 0.085938 0.085938
0 0.782227 0.417969 0.097656 0.097656
0 0.691895 0.463379 0.110352 0.110352
0 0.688965 0.579102 0.110352 0.111328
0 0.688477 0.689941 0.097656 0.098633
0 0.688965 0.792480 0.110352 0.110352
0 0.687500 0.910645 0.109375 0.110352
0 0.590820 0.413574 0.097656 0.098633
0 0.596191 0.529785 0.110352 0.110352
0 0.603516 0.631348 0.097656 0.098633
0 0.593262 0.749512 0.084961 0.086914
0 0.597168 0.861328 0.084961 0.085938
0 0.500488 0.465820 0.110352 0.111328
0 0.506836 0.573730 0.097656 0.098633
0 0.498535 0.814453 0.084961 0.085938
0 0.503906 0.915039 0.085938 0.085938
0 0.419922 0.650391 0.085938 0.085938
0 0.412109 0.730957 0.109375 0.110352
0 0.409668 0.849609 0.110352 0.111328
0 0.311523 0.495605 0.097656 0.098633
0 0.314453 0.567383 0.085938 0.085938
0 0.309082 0.681641 0.110352 0.111328
0 0.302246 0.806152 0.110352 0.110352
0 0.304688 0.910645 0.109375 0.110352
0 0.208008 0.410645 0.097656 0.098633
0 0.214844 0.523926 0.097656 0.098633
0 0.211914 0.637207 0.085938 0.086914
0 0.214844 0.742676 0.097656 0.098633
0 0.216797 0.856934 0.097656 0.098633
0 0.123047 0.465332 0.097656 0.098633
0 0.119141 0.577148 0.097656 0.097656
0 0.119141 0.679688 0.085938 0.085938
0 0.120117 0.790527 0.097656 0.098633
0 0.119141 0.906738 0.097656 0.098633
0 0.879883 0.136719 0.097656 0.097656
0 0.882324 0.251465 0.110352 0.110352
0 0.880859 0.371094 0.109375 0.111328
1 0.123535 0.233887 0.061523 0.061523
0 0.216309 0.303711 0.084961 0.085938
0 0.313477 0.262695 0.085938 0.085938
0 0.313477 0.352539 0.085938 0.085938
0 0.409180 0.293945 0.085938 0.085938
0 0.416992 0.207031 0.085938 0.085938
0 0.689941 0.135254 0.110352 0.110352
0 0.690918 0.255371 0.110352 0.110352
0 0.692383 0.356445 0.097656 0.097656
0 0.788086 0.314941 0.097656 0.098633
0 0.791992 0.203125 0.097656 0.097656
0 0.791016 0.082031 0.097656 0.097656
0 0.596680 0.079590 0.097656 0.098633
0 0.596680 0.187012 0.097656 0.098633
0 0.589844 0.307129 0.097656 0.098633
0 0.499512 0.352539 0.084961 0.085938
0 0.497070 0.140137 0.097656 0.098633
0 0.496094 0.245605 0.097656 0.098633
0 0.216797 0.083984 0.109375 0.111328
0 0.128906 0.107422 0.097656 0.097656
0 0.122070 0.352051 0.109375 0.110352