0 0.633301 0.062988 0.061523 0.061523
0 0.633789 0.177246 0.097656 0.098633
1 0.632324 0.283691 0.110352 0.110352
0 0.725586 0.116211 0.085938 0.085938
0 0.740723 0.233398 0.084961 0.085938
0 0.537598 0.128418 0.110352 0.110352
0 0.538086 0.233887 0.109375 0.110352
0 0.439453 0.065918 0.060547 0.061523
0 0.441406 0.164551 0.109375 0.110352
0 0.439453 0.283691 0.109375 0.110352
0 0.345703 0.117676 0.097656 0.098633
0 0.345703 0.226074 0.097656 0.098633
0 0.253418 0.067871 0.073242 0.073242
0 0.254883 0.172363 0.097656 0.098633
0 0.252930 0.285645 0.097656 0.098633
0 0.152344 0.129395 0.097656 0.098633
0 0.158203 0.234863 0.109375 0.110352
0 0.067383 0.074707 0.097656 0.098633
0 0.067383 0.175293 0.097656 0.098633
0 0.061523 0.289062 0.109375 0.111328
0 0.069336 0.394531 0.109375 0.111328
0 0.066406 0.506348 0.109375 0.110352
0 0.064453 0.614746 0.097656 0.098633
0 0.066406 0.730957 0.097656 0.098633
0 0.160645 0.335449 0.110352 0.110352
0 0.159180 0.457031 0.085938 0.085938
0 0.159180 0.563477 0.097656 0.097656
0 0.164062 0.674316 0.097656 0.098633
0 0.255371 0.394043 0.110352 0.110352
0 0.254395 0.499023 0.110352 0.111328
0 0.254883 0.621094 0.109375 0.111328
0 0.250977 0.727051 0.109375 0.110352
0 0.349609 0.336426 0.109375 0.110352
0 0.347168 0.453613 0.110352 0.110352
0 0.349121 0.560059 0.110352 0.110352
0 0.350098 0.670898 0.110352 0.111328
0 0.437500 0.388184 0.109375 0.110352
0 0.436523 0.501465 0.109375 0.110352
0 0.444336 0.612793 0.109375 0.110352
0 0.537109 0.338379 0.097656 0.098633
0 0.537109 0.449707 0.109375 0.110352
0 0.540039 0.556152 0.097656 0.098633
0 0.541016 0.668457 0.109375 0.110352
0 0.636230 0.385254 0.110352 0.110352
0 0.631348 0.499512 0.110352 0.110352
0 0.635254 0.618652 0.110352 0.110352
0 0.637695 0.724121 0.109375 0.110352
0 0.736328 0.340820 0.085938 0.085938
0 0.739746 0.442383 0.084961 0.085938
0 0.734863 0.553711 0.084961 0.085938
0 0.735840 0.666992 0.084961 0.085938
0 0.822266 0.175781 0.097656 0.097656
0 0.834961 0.283203 0.097656 0.097656
0 0.831055 0.395020 0.109375 0.110352
0 0.829102 0.500488 0.109375 0.110352
0 0.831055 0.615723 0.097656 0.098633
0 0.828613 0.724121 0.110352 0.110352
0 0.927246 0.229492 0.110352 0.111328
0 0.931152 0.338867 0.110352 0.111328
0 0.930664 0.450684 0.109375 0.110352
0 0.926758 0.553223 0.097656 0.098633
0 0.929688 0.669434 0.109375 0.110352
0 0.921387 0.119141 0.084961 0.085938
0 0.920898 0.782715 0.109375 0.110352
0 0.919922 0.895020 0.109375 0.110352
0 0.830566 0.835449 0.110352 0.110352
0 0.738281 0.777832 0.097656 0.098633
0 0.741211 0.885742 0.085938 0.085938
0 0.636719 0.836426 0.109375 0.110352
0 0.638672 0.940430 0.109375 0.111328
0 0.539062 0.780762 0.109375 0.110352
0 0.540527 0.891602 0.110352 0.111328
0 0.440918 0.724609 0.110352 0.111328
0 0.442871 0.832031 0.110352 0.111328
0 0.353027 0.788086 0.110352 0.111328
0 0.351562 0.893066 0.097656 0.098633
0 0.255859 0.835449 0.097656 0.098633
0 0.156250 0.779785 0.109375 0.110352
0 0.161621 0.895020 0.110352 0.110352
0 0.066406 0.832520 0.097656 0.098633
0 0.062012 0.942871 0.110352 0.110352