0 0.894043 0.721191 0.073242 0.073242
0 0.043457 0.123047 0.084961 0.085938
0 0.137695 0.298340 0.109375 0.110352
0 0.144043 0.174805 0.110352 0.111328
0 0.137695 0.069336 0.097656 0.097656
0 0.238770 0.117676 0.110352 0.110352
0 0.235840 0.221680 0.110352 0.111328
0 0.333984 0.177734 0.097656 0.097656
0 0.323730 0.072266 0.084961 0.085938
0 0.424805 0.111328 0.097656 0.097656
0 0.421875 0.212891 0.085938 0.085938
0 0.326172 0.295898 0.097656 0.097656
0 0.518555 0.265137 0.097656 0.098633
0 0.513672 0.062988 0.097656 0.098633
0 0.614746 0.106445 0.110352 0.111328
0 0.607910 0.215332 0.110352 0.110352
0 0.706055 0.266602 0.097656 0.097656
0 0.709961 0.155762 0.097656 0.098633
0 0.791992 0.104004 0.097656 0.098633
0 0.796875 0.210449 0.097656 0.098633
0 0.887207 0.273438 0.084961 0.085938
0 0.892578 0.144531 0.085938 0.085938
0 0.793457 0.756836 0.084961 0.085938
0 0.135742 0.837402 0.097656 0.098633
0 0.131836 0.730957 0.097656 0.098633
0 0.228516 0.784668 0.109375 0.110352
0 0.228516 0.888184 0.097656 0.098633
0 0.323242 0.726074 0.097656 0.098633
0 0.328125 0.841797 0.097656 0.097656
0 0.321777 0.944336 0.084961 0.085938
0 0.426758 0.876953 0.097656 0.097656
0 0.419922 0.769043 0.097656 0.098633
0 0.508789 0.711914 0.097656 0.097656
0 0.514648 0.818848 0.097656 0.098633
0 0.512695 0.926270 0.097656 0.098633
0 0.603516 0.869629 0.109375 0.110352
0 0.602051 0.758789 0.110352 0.111328
0 0.700195 0.715820 0.097656 0.097656
0 0.691406 0.818848 0.109375 0.110352
0 0.704102 0.922852 0.109375 0.111328
0 0.791992 0.858887 0.109375 0.110352
0 0.890137 0.819336 0.084961 0.085938
0 0.888672 0.918945 0.097656 0.097656
0 0.887695 0.381348 0.097656 0.098633
0 0.889648 0.491699 0.097656 0.098633
0 0.888672 0.595703 0.085938 0.085938
0 0.791016 0.653809 0.109375 0.110352
0 0.793945 0.549316 0.097656 0.098633
0 0.793945 0.431641 0.085938 0.085938
0 0.792969 0.325195 0.085938 0.085938
0 0.702148 0.371582 0.097656 0.098633
0 0.699219 0.479004 0.097656 0.098633
0 0.705078 0.584961 0.097656 0.097656
0 0.612305 0.636719 0.109375 0.111328
0 0.610840 0.536133 0.110352 0.111328
0 0.604980 0.445801 0.110352 0.110352
0 0.610840 0.319824 0.110352 0.110352
0 0.520508 0.372070 0.097656 0.097656
0 0.520508 0.483398 0.097656 0.097656
0 0.513672 0.593750 0.085938 0.085938
0 0.421875 0.659668 0.097656 0.098633
0 0.417969 0.556641 0.085938 0.085938
0 0.425781 0.435547 0.097656 0.097656
0 0.417969 0.329102 0.097656 0.097656
0 0.329102 0.400391 0.097656 0.097656
0 0.323242 0.496582 0.097656 0.098633
0 0.321289 0.619629 0.097656 0.098633
0 0.234375 0.676270 0.109375 0.110352
0 0.228027 0.562988 0.110352 0.110352
0 0.240723 0.449707 0.110352 0.110352
0 0.231934 0.338379 0.110352 0.110352
0 0.145508 0.404785 0.097656 0.098633
0 0.130859 0.516113 0.109375 0.110352
0 0.132812 0.622070 0.085938 0.085938