1 0.911621 0.843262 0.061523 0.061523
0 0.909668 0.197754 0.110352 0.110352
0 0.907227 0.300293 0.109375 0.110352
0 0.915039 0.417480 0.097656 0.098633
0 0.915039 0.526855 0.097656 0.098633
0 0.916992 0.633301 0.097656 0.098633
0 0.916992 0.716797 0.097656 0.097656
0 0.814453 0.671387 0.097656 0.098633
0 0.827148 0.249512 0.109375 0.110352
0 0.824219 0.386230 0.109375 0.110352
0 0.816406 0.467773 0.085938 0.085938
0 0.824219 0.569824 0.109375 0.110352
0 0.735352 0.301758 0.085938 0.085938
0 0.724609 0.396484 0.109375 0.111328
0 0.722168 0.495605 0.110352 0.110352
0 0.734863 0.609863 0.110352 0.110352
0 0.631348 0.558105 0.110352 0.110352
0 0.631836 0.473145 0.097656 0.098633
0 0.635742 0.362793 0.097656 0.098633
0 0.639648 0.252441 0.109375 0.110352
0 0.539062 0.201172 0.109375 0.111328
0 0.538574 0.305176 0.110352 0.110352
0 0.538574 0.421387 0.110352 0.110352
0 0.530762 0.532715 0.110352 0.110352
0 0.821289 0.896484 0.085938 0.085938
0 0.729492 0.859863 0.109375 0.110352
0 0.722656 0.785645 0.097656 0.098633
0 0.631348 0.820801 0.110352 0.110352
0 0.632812 0.916504 0.097656 0.098633
0 0.244141 0.687500 0.097656 0.097656
0 0.444336 0.249512 0.109375 0.110352
0 0.437988 0.363770 0.110352 0.110352
0 0.440430 0.474121 0.097656 0.098633
0 0.437988 0.587402 0.073242 0.073242
0 0.344727 0.291016 0.085938 0.085938
0 0.339844 0.407715 0.097656 0.098633
0 0.339355 0.528809 0.110352 0.110352
0 0.340820 0.642090 0.109375 0.110352
0 0.244141 0.246094 0.085938 0.085938
0 0.248047 0.366211 0.097656 0.097656
0 0.241211 0.464844 0.097656 0.097656
0 0.249023 0.578125 0.109375 0.111328
0 0.152344 0.295898 0.109375 0.111328
0 0.153320 0.406250 0.109375 0.111328
1 0.153320 0.501465 0.097656 0.098633
0 0.149414 0.631348 0.109375 0.110352
0 0.149414 0.758789 0.097656 0.097656
0 0.062500 0.812012 0.097656 0.098633
0 0.059082 0.700195 0.110352 0.111328
0 0.060059 0.576660 0.110352 0.110352
0 0.056641 0.466309 0.109375 0.110352
0 0.060547 0.354004 0.109375 0.110352
0 0.918945 0.088379 0.109375 0.110352
0 0.826172 0.134766 0.109375 0.111328
0 0.743164 0.091797 0.085938 0.085938
0 0.737793 0.194336 0.084961 0.085938
0 0.634766 0.155762 0.109375 0.110352
0 0.547852 0.098145 0.097656 0.098633
0 0.446289 0.143555 0.097656 0.097656
0 0.347656 0.190430 0.085938 0.085938
0 0.352539 0.090332 0.097656 0.098633
0 0.251953 0.146973 0.109375 0.110352
0 0.160156 0.195312 0.109375 0.111328
0 0.156738 0.083496 0.110352 0.110352
0 0.058105 0.142090 0.110352 0.110352