0 0.715332 0.888672 0.073242 0.074219
0 0.058594 0.080566 0.109375 0.110352
0 0.150391 0.238281 0.085938 0.085938
0 0.150391 0.122559 0.097656 0.098633
0 0.242188 0.203125 0.085938 0.085938
0 0.245117 0.077148 0.097656 0.097656
0 0.337891 0.131836 0.097656 0.097656
0 0.338867 0.233398 0.085938 0.085938
0 0.431641 0.187988 0.097656 0.098633
0 0.429688 0.070801 0.097656 0.098633
0 0.527344 0.105957 0.097656 0.098633
0 0.527344 0.240234 0.097656 0.097656
0 0.626953 0.159668 0.097656 0.098633
0 0.628906 0.064941 0.097656 0.098633
0 0.713867 0.128418 0.097656 0.098633
0 0.716309 0.243164 0.084961 0.085938
0 0.810547 0.067383 0.109375 0.111328
0 0.802734 0.190918 0.097656 0.098633
0 0.895508 0.140137 0.097656 0.098633
0 0.895508 0.235352 0.097656 0.097656
0 0.059082 0.617676 0.110352 0.110352
0 0.059082 0.730469 0.084961 0.085938
0 0.057617 0.845215 0.109375 0.110352
0 0.149902 0.674805 0.084961 0.085938
0 0.146973 0.792969 0.084961 0.085938
0 0.151855 0.919922 0.084961 0.085938
0 0.243164 0.625488 0.097656 0.098633
0 0.245117 0.733398 0.085938 0.085938
0 0.244141 0.837402 0.097656 0.098633
0 0.333008 0.675293 0.097656 0.098633
0 0.339355 0.798828 0.084961 0.085938
0 0.339355 0.887207 0.084961 0.086914
0 0.431641 0.675293 0.097656 0.098633
0 0.436523 0.744141 0.097656 0.097656
0 0.429688 0.824707 0.097656 0.098633
0 0.442871 0.954102 0.084961 0.085938
0 0.529785 0.680664 0.084961 0.085938
0 0.533203 0.798828 0.085938 0.085938
0 0.530273 0.879395 0.097656 0.098633
0 0.624023 0.611328 0.085938 0.085938
0 0.624023 0.735352 0.085938 0.085938
0 0.621094 0.862793 0.085938 0.086914
0 0.708984 0.676758 0.097656 0.097656
0 0.715820 0.778320 0.097656 0.097656
0 0.816406 0.686035 0.097656 0.098633
0 0.823242 0.830566 0.097656 0.098633
0 0.812500 0.945312 0.085938 0.085938
0 0.900391 0.678711 0.085938 0.085938
0 0.904297 0.785156 0.097656 0.097656
0 0.901367 0.894531 0.085938 0.085938
0 0.904297 0.343262 0.097656 0.098633
0 0.901367 0.462402 0.097656 0.098633
0 0.901855 0.560547 0.084961 0.085938
0 0.807617 0.590820 0.097656 0.097656
0 0.807617 0.491699 0.109375 0.110352
0 0.811035 0.400879 0.110352 0.110352
0 0.805664 0.292480 0.097656 0.098633
0 0.714844 0.335449 0.097656 0.098633
0 0.719727 0.431641 0.097656 0.097656
0 0.708984 0.565430 0.085938 0.085938
0 0.621094 0.504883 0.097656 0.097656
0 0.627930 0.399414 0.097656 0.097656
0 0.627930 0.293457 0.097656 0.098633
0 0.536621 0.345703 0.110352 0.111328
0 0.530762 0.458008 0.084961 0.085938
0 0.531738 0.563477 0.084961 0.085938
0 0.429688 0.283203 0.097656 0.097656
0 0.433594 0.395508 0.097656 0.097656
0 0.437500 0.492676 0.109375 0.110352
0 0.439453 0.579590 0.097656 0.098633
0 0.335938 0.566895 0.097656 0.098633
0 0.339844 0.465332 0.097656 0.098633
0 0.334961 0.346191 0.097656 0.098633
0 0.249512 0.300293 0.110352 0.110352
0 0.244141 0.403809 0.097656 0.098633
0 0.248535 0.517090 0.110352 0.110352
0 0.148438 0.564453 0.085938 0.085938
0 0.150879 0.441895 0.084961 0.086914
0 0.146973 0.354492 0.084961 0.085938
0 0.055664 0.294434 0.109375 0.110352
0 0.055664 0.513672 0.085938 0.085938