0 0.891602 0.136719 0.097656 0.097656
0 0.893555 0.240723 0.060547 0.061523
0 0.787109 0.069336 0.097656 0.097656
0 0.790039 0.188965 0.109375 0.110352
0 0.695312 0.137207 0.109375 0.110352
0 0.599121 0.070801 0.110352 0.110352
0 0.596191 0.180176 0.110352 0.110352
0 0.500488 0.130371 0.110352 0.110352
0 0.405273 0.072754 0.109375 0.110352
0 0.402344 0.183105 0.097656 0.098633
0 0.317383 0.122559 0.097656 0.098633
0 0.216309 0.071777 0.110352 0.110352
0 0.214355 0.181152 0.110352 0.110352
0 0.120117 0.127930 0.097656 0.097656
0 0.120117 0.229492 0.097656 0.097656
0 0.123047 0.353027 0.097656 0.098633
0 0.114258 0.462891 0.085938 0.085938
0 0.116211 0.570801 0.097656 0.098633
0 0.116211 0.683594 0.097656 0.097656
0 0.215332 0.291504 0.110352 0.110352
0 0.221191 0.401855 0.110352 0.110352
0 0.221191 0.513184 0.110352 0.110352
0 0.221680 0.632324 0.109375 0.110352
0 0.304688 0.238770 0.109375 0.110352
0 0.307617 0.352051 0.109375 0.110352
0 0.309082 0.455566 0.110352 0.110352
0 0.311035 0.578613 0.110352 0.110352
0 0.313965 0.686035 0.110352 0.110352
0 0.404297 0.297363 0.109375 0.110352
0 0.410156 0.406738 0.109375 0.110352
0 0.404297 0.516113 0.109375 0.110352
0 0.399414 0.626465 0.109375 0.110352
0 0.494629 0.240234 0.110352 0.111328
0 0.499023 0.357422 0.097656 0.097656
0 0.500977 0.460449 0.109375 0.110352
0 0.503906 0.574707 0.097656 0.098633
0 0.498047 0.685059 0.109375 0.110352
0 0.597168 0.296875 0.110352 0.111328
0 0.597168 0.412109 0.110352 0.111328
0 0.593262 0.521973 0.110352 0.110352
0 0.600098 0.637207 0.110352 0.110352
0 0.689453 0.243652 0.109375 0.110352
0 0.695312 0.359375 0.109375 0.111328
0 0.693848 0.466797 0.110352 0.111328
0 0.694824 0.579102 0.110352 0.111328
0 0.690918 0.694824 0.110352 0.110352
0 0.789062 0.301270 0.097656 0.098633
0 0.785156 0.415527 0.109375 0.110352
0 0.785156 0.520508 0.109375 0.111328
0 0.784180 0.634766 0.109375 0.111328
0 0.882324 0.347168 0.110352 0.110352
0 0.879395 0.466309 0.110352 0.110352
0 0.881836 0.577148 0.097656 0.097656
0 0.884766 0.694336 0.109375 0.111328
0 0.779297 0.740723 0.109375 0.110352
0 0.879883 0.915527 0.109375 0.110352
0 0.783691 0.857910 0.110352 0.110352
0 0.687988 0.910645 0.110352 0.110352
0 0.591797 0.856934 0.085938 0.086914
0 0.495117 0.905762 0.109375 0.110352
0 0.399414 0.843262 0.097656 0.098633
0 0.881836 0.803223 0.109375 0.110352
0 0.689941 0.800781 0.084961 0.085938
0 0.592773 0.737793 0.109375 0.110352
0 0.499023 0.795410 0.109375 0.110352
0 0.403809 0.737793 0.110352 0.110352
0 0.312500 0.795410 0.097656 0.098633
0 0.311523 0.904297 0.097656 0.097656
1 0.215820 0.737305 0.085938 0.085938
0 0.124023 0.781738 0.097656 0.098633
0 0.125488 0.900391 0.084961 0.085938
0 0.223633 0.840332 0.097656 0.098633