0 0.314941 0.643555 0.073242 0.074219
0 0.124023 0.081055 0.097656 0.097656
0 0.125000 0.195312 0.085938 0.085938
0 0.127930 0.311523 0.085938 0.085938
0 0.230469 0.140625 0.097656 0.097656
0 0.229492 0.257812 0.097656 0.097656
0 0.315430 0.083496 0.097656 0.098633
0 0.316406 0.213379 0.097656 0.098633
0 0.408203 0.144531 0.085938 0.085938
0 0.411621 0.253906 0.084961 0.085938
0 0.505859 0.087402 0.097656 0.098633
0 0.507812 0.199219 0.085938 0.085938
0 0.503906 0.310547 0.085938 0.085938
0 0.318848 0.324219 0.084961 0.085938
0 0.504883 0.417969 0.085938 0.085938
0 0.500977 0.526367 0.097656 0.097656
0 0.504395 0.649414 0.084961 0.085938
0 0.505371 0.744141 0.084961 0.085938
0 0.504395 0.867188 0.084961 0.085938
0 0.408691 0.362305 0.084961 0.085938
0 0.408203 0.479492 0.097656 0.097656
0 0.410156 0.590820 0.097656 0.097656
0 0.414062 0.698242 0.085938 0.085938
0 0.408203 0.805664 0.085938 0.085938
1 0.314941 0.418945 0.084961 0.085938
0 0.315430 0.530273 0.097656 0.097656
0 0.320312 0.751465 0.097656 0.098633
0 0.225586 0.366211 0.085938 0.085938
0 0.222656 0.478027 0.097656 0.098633
0 0.223633 0.591309 0.097656 0.098633
0 0.220215 0.694336 0.084961 0.085938
0 0.221680 0.810059 0.097656 0.098633
0 0.130859 0.415527 0.097656 0.098633
0 0.127930 0.529785 0.097656 0.098633
0 0.126953 0.636230 0.097656 0.098633
0 0.125977 0.750488 0.097656 0.098633
0 0.124023 0.863770 0.097656 0.098633
0 0.227051 0.916992 0.084961 0.085938
0 0.318359 0.869629 0.097656 0.098633
1 0.408203 0.914062 0.085938 0.085938