0 0.220215 0.338379 0.073242 0.073242
1 0.501953 0.936035 0.085938 0.086914
0 0.799316 0.222168 0.073242 0.073242
0 0.704590 0.179688 0.073242 0.074219
0 0.116699 0.148926 0.073242 0.073242
0 0.119629 0.275879 0.073242 0.073242
0 0.125488 0.402832 0.073242 0.073242
0 0.125977 0.502441 0.109375 0.110352
0 0.127930 0.614746 0.109375 0.110352
0 0.214355 0.218750 0.122070 0.123047
0 0.220215 0.449219 0.084961 0.085938
0 0.218262 0.561035 0.110352 0.110352
0 0.216309 0.673828 0.122070 0.123047
0 0.316406 0.171387 0.097656 0.098633
0 0.318848 0.278320 0.122070 0.123047
0 0.321289 0.391113 0.109375 0.110352
0 0.308594 0.504395 0.109375 0.110352
0 0.312012 0.613770 0.110352 0.110352
0 0.412598 0.143555 0.084961 0.085938
0 0.413086 0.226562 0.097656 0.097656
0 0.411621 0.346680 0.122070 0.123047
0 0.417969 0.442871 0.109375 0.110352
0 0.422852 0.559082 0.109375 0.110352
0 0.416016 0.666504 0.109375 0.110352
0 0.504395 0.168945 0.084961 0.085938
0 0.506348 0.281250 0.122070 0.123047
0 0.518555 0.495117 0.085938 0.085938
0 0.501953 0.612793 0.109375 0.110352
0 0.598633 0.232422 0.097656 0.097656
0 0.606934 0.338867 0.122070 0.123047
0 0.606934 0.448242 0.110352 0.111328
0 0.604980 0.550293 0.110352 0.110352
0 0.598145 0.665527 0.110352 0.110352
0 0.694336 0.274902 0.109375 0.110352
0 0.699219 0.387695 0.109375 0.111328
0 0.698730 0.500000 0.122070 0.123047
0 0.696777 0.614746 0.110352 0.110352
0 0.794434 0.332520 0.110352 0.110352
0 0.797363 0.443359 0.122070 0.123047
0 0.796387 0.555664 0.122070 0.123047
0 0.801758 0.660156 0.109375 0.111328
0 0.892090 0.171387 0.061523 0.061523
0 0.890625 0.277832 0.097656 0.098633
0 0.889648 0.390137 0.097656 0.098633
0 0.896484 0.483398 0.097656 0.097656
0 0.890137 0.610352 0.122070 0.123047
0 0.895508 0.708984 0.097656 0.097656
0 0.886719 0.827148 0.097656 0.097656
0 0.898926 0.926758 0.110352 0.111328
0 0.795898 0.774414 0.097656 0.097656
0 0.804199 0.882324 0.110352 0.110352
0 0.696777 0.726562 0.110352 0.111328
0 0.696777 0.832520 0.110352 0.110352
0 0.700684 0.931152 0.110352 0.110352
0 0.603516 0.773926 0.109375 0.110352
0 0.602539 0.885254 0.109375 0.110352
0 0.505859 0.726074 0.109375 0.110352
0 0.508789 0.838867 0.085938 0.085938
0 0.411621 0.770020 0.110352 0.110352
0 0.407715 0.880371 0.110352 0.110352
0 0.308105 0.723145 0.110352 0.110352
0 0.214844 0.774902 0.109375 0.110352
0 0.214355 0.890625 0.122070 0.123047
0 0.125977 0.728027 0.109375 0.110352
0 0.120605 0.832031 0.122070 0.123047