0 0.896484 0.617676 0.097656 0.098633
0 0.889648 0.725586 0.109375 0.111328
0 0.894531 0.832520 0.097656 0.098633
0 0.888184 0.931152 0.110352 0.110352
0 0.799316 0.869629 0.110352 0.110352
0 0.805664 0.768555 0.109375 0.111328
1 0.803223 0.660645 0.110352 0.110352
0 0.807129 0.549805 0.110352 0.111328
0 0.707520 0.612305 0.110352 0.111328
0 0.703613 0.723145 0.110352 0.110352
0 0.707520 0.816406 0.110352 0.111328
0 0.700684 0.932129 0.110352 0.110352
0 0.608887 0.875000 0.110352 0.111328
0 0.609375 0.771973 0.109375 0.110352
0 0.615723 0.661621 0.110352 0.110352
0 0.613281 0.564941 0.109375 0.110352
0 0.521484 0.601562 0.109375 0.111328
0 0.517578 0.708496 0.097656 0.098633
0 0.516602 0.816406 0.097656 0.097656
0 0.516113 0.929199 0.110352 0.110352
0 0.416992 0.877441 0.097656 0.098633
0 0.417969 0.768066 0.109375 0.110352
0 0.421875 0.650879 0.097656 0.098633
0 0.427246 0.545410 0.110352 0.110352
0 0.327637 0.604980 0.110352 0.110352
0 0.330078 0.717285 0.109375 0.110352
0 0.332520 0.817383 0.110352 0.111328
0 0.326172 0.932129 0.109375 0.110352
0 0.230469 0.873047 0.097656 0.097656
0 0.231934 0.762695 0.110352 0.111328
0 0.241211 0.542480 0.109375 0.110352
0 0.234375 0.650879 0.109375 0.110352
0 0.135254 0.601074 0.110352 0.110352
0 0.136230 0.702637 0.110352 0.110352
0 0.129883 0.824707 0.109375 0.110352
0 0.129395 0.929199 0.110352 0.110352
0 0.904297 0.072266 0.085938 0.085938
0 0.901855 0.185547 0.084961 0.085938
0 0.909180 0.298340 0.097656 0.098633
0 0.811523 0.116211 0.085938 0.085938
0 0.811035 0.230469 0.084961 0.085938
0 0.805664 0.341309 0.097656 0.098633
0 0.711914 0.074707 0.109375 0.110352
0 0.719727 0.184082 0.109375 0.110352
0 0.708984 0.291992 0.109375 0.111328
0 0.620117 0.120117 0.097656 0.097656
0 0.621094 0.234863 0.097656 0.098633
0 0.616211 0.348633 0.085938 0.085938
0 0.524414 0.074707 0.097656 0.098633
0 0.529785 0.181152 0.084961 0.086914
0 0.528320 0.287598 0.109375 0.110352
0 0.427734 0.122559 0.097656 0.098633
0 0.432617 0.242188 0.097656 0.097656
0 0.427246 0.348633 0.084961 0.085938
0 0.330566 0.079102 0.084961 0.085938
0 0.332031 0.182129 0.109375 0.110352
0 0.338379 0.296875 0.122070 0.123047
0 0.238770 0.131348 0.110352 0.110352
0 0.238770 0.229980 0.110352 0.110352
0 0.234863 0.334473 0.110352 0.110352
0 0.145996 0.074219 0.084961 0.085938
0 0.144531 0.182129 0.097656 0.098633
0 0.145508 0.283691 0.109375 0.110352