0 0.159668 0.063477 0.073242 0.074219
0 0.061035 0.677734 0.073242 0.074219
0 0.256348 0.547852 0.073242 0.074219
0 0.906250 0.598145 0.097656 0.098633
0 0.910156 0.713867 0.085938 0.085938
0 0.908203 0.821777 0.097656 0.098633
0 0.905762 0.930664 0.084961 0.085938
0 0.815430 0.663086 0.097656 0.097656
0 0.816406 0.765625 0.097656 0.097656
0 0.816895 0.875977 0.084961 0.085938
0 0.729004 0.613770 0.110352 0.110352
0 0.722656 0.728027 0.097656 0.098633
0 0.718750 0.837402 0.097656 0.098633
0 0.624512 0.577148 0.084961 0.085938
0 0.621582 0.683594 0.084961 0.085938
0 0.624512 0.780273 0.084961 0.085938
0 0.621582 0.894531 0.084961 0.085938
0 0.538086 0.842285 0.097656 0.098633
1 0.533691 0.734375 0.084961 0.085938
0 0.532715 0.622070 0.084961 0.085938
0 0.438477 0.563477 0.085938 0.085938
0 0.439453 0.676758 0.085938 0.085938
0 0.434570 0.786133 0.097656 0.097656
0 0.444336 0.903320 0.109375 0.111328
0 0.343750 0.835449 0.109375 0.110352
0 0.347656 0.731445 0.109375 0.111328
0 0.353516 0.608887 0.097656 0.098633
0 0.258789 0.661133 0.085938 0.085938
0 0.254883 0.886230 0.097656 0.098633
0 0.250977 0.769043 0.085938 0.086914
0 0.157715 0.834961 0.084961 0.085938
0 0.155273 0.732422 0.085938 0.085938
0 0.152344 0.608887 0.097656 0.098633
0 0.068359 0.576172 0.097656 0.097656
0 0.062500 0.787109 0.097656 0.097656
0 0.063477 0.890137 0.097656 0.098633
0 0.154785 0.943359 0.084961 0.085938
0 0.065430 0.140625 0.085938 0.085938
0 0.067871 0.251953 0.084961 0.085938
0 0.067383 0.343262 0.097656 0.098633
0 0.070312 0.479980 0.097656 0.098633
0 0.160645 0.509766 0.084961 0.085938
0 0.160645 0.394531 0.084961 0.085938
0 0.167480 0.292969 0.084961 0.085938
0 0.155762 0.172852 0.084961 0.085938
0 0.256836 0.120117 0.085938 0.085938
0 0.252441 0.234375 0.084961 0.085938
0 0.251465 0.340820 0.084961 0.085938
0 0.248535 0.446289 0.084961 0.085938
0 0.345703 0.069336 0.085938 0.085938
0 0.341797 0.178711 0.085938 0.085938
0 0.338867 0.294434 0.097656 0.098633
0 0.353516 0.416504 0.097656 0.098633
0 0.348145 0.512695 0.110352 0.111328
0 0.441406 0.135254 0.097656 0.098633
0 0.437500 0.242188 0.085938 0.085938
0 0.436035 0.346680 0.084961 0.085938
0 0.442383 0.453125 0.097656 0.097656
0 0.533203 0.509277 0.097656 0.098633
0 0.531738 0.403320 0.084961 0.085938
0 0.537109 0.285156 0.085938 0.085938
0 0.530762 0.181152 0.084961 0.086914
0 0.534180 0.070801 0.097656 0.098633
0 0.631836 0.113770 0.097656 0.098633
0 0.629883 0.236328 0.085938 0.085938
0 0.630859 0.346191 0.097656 0.098633
0 0.628906 0.447754 0.097656 0.098633
0 0.722168 0.061523 0.084961 0.085938
0 0.719727 0.170898 0.097656 0.097656
0 0.729492 0.286621 0.097656 0.098633
0 0.722656 0.398926 0.097656 0.098633
0 0.726562 0.505371 0.097656 0.098633
0 0.818359 0.547363 0.097656 0.098633
0 0.825195 0.436523 0.097656 0.097656
0 0.817383 0.328613 0.097656 0.098633
0 0.820312 0.217773 0.097656 0.097656
0 0.819336 0.104980 0.097656 0.098633
0 0.912109 0.158203 0.097656 0.097656
0 0.908203 0.273926 0.097656 0.098633
0 0.911621 0.378906 0.084961 0.085938
0 0.911133 0.480957 0.097656 0.098633