0 0.671387 0.170898 0.073242 0.074219
1 0.752930 0.910156 0.085938 0.085938
0 0.944824 0.572266 0.084961 0.085938
0 0.944336 0.901367 0.085938 0.085938
0 0.851562 0.517578 0.085938 0.085938
0 0.851562 0.625488 0.097656 0.098633
0 0.847656 0.715332 0.097656 0.098633
0 0.848633 0.949707 0.097656 0.098633
0 0.761719 0.451172 0.097656 0.097656
0 0.756836 0.577148 0.097656 0.097656
0 0.754883 0.672363 0.097656 0.098633
0 0.755859 0.778809 0.097656 0.098633
0 0.664062 0.828125 0.085938 0.085938
0 0.667969 0.722656 0.085938 0.085938
0 0.665527 0.617188 0.084961 0.085938
0 0.665527 0.514648 0.084961 0.085938
0 0.572754 0.454590 0.110352 0.110352
0 0.568848 0.570801 0.110352 0.110352
0 0.562012 0.684082 0.110352 0.110352
0 0.560547 0.796875 0.109375 0.111328
0 0.564453 0.898438 0.109375 0.111328
0 0.476562 0.845215 0.109375 0.110352
0 0.476562 0.721191 0.109375 0.110352
0 0.477051 0.628906 0.110352 0.111328
0 0.483398 0.501465 0.109375 0.110352
0 0.373535 0.458496 0.110352 0.110352
0 0.371094 0.561035 0.109375 0.110352
0 0.378906 0.678223 0.097656 0.098633
0 0.378906 0.787598 0.097656 0.098633
0 0.380859 0.894043 0.097656 0.098633
0 0.278320 0.932129 0.097656 0.098633
0 0.291016 0.510254 0.109375 0.110352
0 0.288086 0.646973 0.109375 0.110352
0 0.280273 0.728516 0.085938 0.085938
0 0.288086 0.830566 0.109375 0.110352
0 0.199219 0.562500 0.085938 0.085938
0 0.188477 0.657227 0.109375 0.111328
0 0.186035 0.756348 0.110352 0.110352
0 0.198730 0.870605 0.110352 0.110352
0 0.095215 0.818848 0.110352 0.110352
0 0.095703 0.733887 0.097656 0.098633
0 0.099609 0.623535 0.097656 0.098633
0 0.103516 0.513184 0.109375 0.110352
0 0.943848 0.242676 0.110352 0.110352
0 0.862305 0.405273 0.109375 0.111328
0 0.853516 0.286621 0.109375 0.110352
0 0.849609 0.180176 0.109375 0.110352
0 0.858398 0.081543 0.097656 0.098633
0 0.764648 0.122559 0.109375 0.110352
0 0.765625 0.238770 0.109375 0.110352
0 0.754883 0.356934 0.109375 0.110352
0 0.668457 0.405273 0.084961 0.085938
0 0.668457 0.284180 0.084961 0.085938
0 0.679199 0.056641 0.084961 0.085938
0 0.574219 0.124023 0.109375 0.111328
0 0.565430 0.230957 0.109375 0.110352
0 0.570312 0.338379 0.109375 0.110352
0 0.474609 0.392090 0.109375 0.110352
0 0.473633 0.303223 0.109375 0.110352
0 0.476074 0.197754 0.110352 0.110352
0 0.482910 0.065430 0.110352 0.111328
0 0.384277 0.125488 0.110352 0.110352
0 0.384766 0.240723 0.097656 0.098633
0 0.382812 0.349121 0.109375 0.110352
0 0.290039 0.395508 0.109375 0.111328
0 0.283203 0.283691 0.097656 0.098633
0 0.292480 0.186035 0.110352 0.110352
0 0.293945 0.071777 0.097656 0.098633
0 0.199707 0.127930 0.084961 0.085938
0 0.202148 0.235352 0.085938 0.085938
0 0.207031 0.352539 0.085938 0.085938
0 0.201660 0.455078 0.084961 0.085938
0 0.098633 0.416504 0.109375 0.110352
0 0.097656 0.291504 0.097656 0.098633
0 0.097656 0.181641 0.085938 0.085938
0 0.098633 0.074219 0.097656 0.097656