0 0.194824 0.493652 0.073242 0.073242
0 0.187988 0.710938 0.084961 0.085938
0 0.192871 0.827637 0.073242 0.073242
0 0.282715 0.652832 0.073242 0.073242
0 0.288574 0.878906 0.084961 0.085938
0 0.281738 0.767090 0.061523 0.061523
0 0.289551 0.547363 0.073242 0.073242
0 0.097656 0.107422 0.097656 0.097656
0 0.096191 0.215820 0.084961 0.085938
0 0.095215 0.329102 0.084961 0.085938
0 0.096191 0.436523 0.084961 0.085938
1 0.188965 0.049805 0.073242 0.074219
1 0.282227 0.103516 0.085938 0.085938
1 0.287598 0.215820 0.073242 0.074219
0 0.194336 0.160156 0.097656 0.097656
0 0.194336 0.271484 0.097656 0.097656
0 0.190918 0.385254 0.061523 0.061523
0 0.099609 0.548340 0.085938 0.086914
0 0.284180 0.328125 0.085938 0.085938
0 0.285156 0.436523 0.085938 0.085938
0 0.187012 0.602051 0.073242 0.073242
0 0.190430 0.933594 0.085938 0.085938
0 0.094727 0.659180 0.085938 0.085938
0 0.090820 0.770996 0.097656 0.098633
0 0.093750 0.878906 0.085938 0.085938