0 0.205566 0.860352 0.073242 0.074219
0 0.207520 0.946289 0.073242 0.074219
0 0.408691 0.928223 0.073242 0.073242
0 0.401855 0.711914 0.073242 0.074219
0 0.127441 0.913574 0.073242 0.073242
0 0.879395 0.555664 0.073242 0.074219
0 0.882812 0.325195 0.097656 0.097656
0 0.874023 0.433594 0.085938 0.085938
0 0.885742 0.662109 0.097656 0.097656
0 0.787109 0.624023 0.085938 0.085938
0 0.789551 0.716309 0.110352 0.110352
0 0.782227 0.828613 0.097656 0.098633
0 0.696289 0.324707 0.097656 0.098633
1 0.689453 0.439453 0.085938 0.085938
0 0.691895 0.544922 0.084961 0.085938
0 0.692871 0.661621 0.110352 0.110352
0 0.696777 0.770020 0.110352 0.110352
0 0.695312 0.879395 0.109375 0.110352
0 0.600586 0.291016 0.097656 0.097656
0 0.605469 0.382324 0.097656 0.098633
0 0.590820 0.486328 0.097656 0.097656
0 0.591797 0.613770 0.097656 0.098633
0 0.586914 0.723145 0.097656 0.098633
0 0.583008 0.828613 0.097656 0.098633
0 0.594238 0.937500 0.084961 0.085938
0 0.507324 0.337891 0.110352 0.111328
0 0.511230 0.462891 0.122070 0.123047
0 0.504395 0.568359 0.084961 0.085938
0 0.487305 0.685547 0.085938 0.085938
0 0.489746 0.770996 0.084961 0.086914
0 0.496094 0.878906 0.097656 0.097656
0 0.411621 0.286621 0.110352 0.110352
0 0.415527 0.395996 0.110352 0.110352
0 0.413086 0.508301 0.097656 0.098633
0 0.415039 0.606934 0.097656 0.098633
0 0.323242 0.693848 0.060547 0.061523
0 0.322754 0.796875 0.073242 0.074219
0 0.325684 0.882812 0.084961 0.085938
0 0.317383 0.353027 0.109375 0.110352
0 0.324707 0.449707 0.110352 0.110352
0 0.322266 0.564941 0.109375 0.110352
0 0.226562 0.291992 0.085938 0.085938
0 0.221680 0.402832 0.109375 0.110352
0 0.224121 0.509277 0.110352 0.110352
0 0.223633 0.609375 0.109375 0.111328
0 0.211914 0.751465 0.097656 0.098633
0 0.127930 0.799316 0.097656 0.098633
0 0.142578 0.684570 0.085938 0.085938
0 0.128418 0.341309 0.084961 0.086914
0 0.134766 0.445312 0.097656 0.097656
0 0.127930 0.576660 0.097656 0.098633
0 0.049316 0.751953 0.084961 0.085938
0 0.880859 0.212891 0.097656 0.097656
1 0.041504 0.074219 0.073242 0.074219
0 0.789062 0.061035 0.097656 0.098633
0 0.693359 0.115234 0.097656 0.097656
0 0.688477 0.213867 0.085938 0.085938
0 0.604492 0.060547 0.109375 0.111328
0 0.599121 0.172363 0.110352 0.110352
0 0.510254 0.134766 0.084961 0.085938
0 0.416016 0.180176 0.097656 0.098633
0 0.410645 0.073242 0.110352 0.111328
0 0.324219 0.122559 0.109375 0.110352
0 0.230957 0.174316 0.110352 0.110352
0 0.324219 0.238281 0.085938 0.085938
0 0.236328 0.081055 0.109375 0.111328
0 0.136719 0.120117 0.085938 0.085938
0 0.135254 0.226562 0.084961 0.085938
0 0.514160 0.245605 0.110352 0.110352
0 0.406250 0.815918 0.097656 0.098633