0 0.130371 0.126953 0.084961 0.085938
0 0.135254 0.243652 0.073242 0.073242
0 0.225098 0.068848 0.073242 0.073242
0 0.230957 0.294922 0.084961 0.085938
0 0.224121 0.183105 0.061523 0.061523
0 0.227539 0.411133 0.085938 0.085938
0 0.132812 0.349609 0.085938 0.085938
0 0.133789 0.460938 0.097656 0.097656
0 0.137695 0.569824 0.097656 0.098633
0 0.130859 0.678223 0.097656 0.098633
0 0.129883 0.792969 0.085938 0.085938
0 0.133301 0.902344 0.084961 0.085938
0 0.227051 0.509766 0.084961 0.085938
0 0.227051 0.622070 0.084961 0.085938
0 0.227539 0.735840 0.097656 0.098633
0 0.229492 0.847656 0.085938 0.085938