0 0.894043 0.691406 0.073242 0.074219
0 0.891113 0.925781 0.084961 0.085938
0 0.891113 0.804688 0.084961 0.085938
0 0.901855 0.577148 0.084961 0.085938
0 0.896484 0.481934 0.097656 0.098633
0 0.895508 0.368652 0.109375 0.110352
0 0.793457 0.317871 0.110352 0.110352
0 0.798828 0.427246 0.109375 0.110352
0 0.802246 0.541504 0.110352 0.110352
0 0.796875 0.644531 0.109375 0.111328
0 0.788086 0.751465 0.109375 0.110352
0 0.792969 0.858887 0.109375 0.110352
0 0.697266 0.912598 0.109375 0.110352
0 0.696289 0.823730 0.109375 0.110352
0 0.698730 0.718262 0.110352 0.110352
0 0.705566 0.585938 0.110352 0.111328
0 0.705566 0.478027 0.110352 0.110352
0 0.604980 0.318848 0.110352 0.110352
0 0.704102 0.364746 0.109375 0.110352
0 0.603516 0.428223 0.097656 0.098633
0 0.611328 0.529785 0.097656 0.098633
0 0.606934 0.645996 0.110352 0.110352
0 0.607422 0.761230 0.097656 0.098633
0 0.605469 0.869629 0.109375 0.110352
0 0.512695 0.916016 0.109375 0.111328
0 0.505859 0.804199 0.097656 0.098633
0 0.515137 0.706543 0.110352 0.110352
0 0.516602 0.592285 0.097656 0.098633
0 0.513184 0.470215 0.110352 0.110352
0 0.514160 0.372559 0.110352 0.110352
0 0.416016 0.328125 0.085938 0.085938
0 0.419922 0.437500 0.085938 0.085938
0 0.421387 0.532227 0.084961 0.085938
0 0.422363 0.648438 0.084961 0.085938
0 0.424805 0.755859 0.085938 0.085938
0 0.429688 0.873047 0.085938 0.085938
0 0.321289 0.937012 0.109375 0.110352
0 0.320312 0.812012 0.097656 0.098633
0 0.320312 0.702148 0.085938 0.085938
0 0.321289 0.594727 0.097656 0.097656
0 0.328125 0.469727 0.109375 0.111328
0 0.333008 0.389160 0.097656 0.098633
0 0.243164 0.329102 0.085938 0.085938
0 0.227539 0.436035 0.097656 0.098633
0 0.229492 0.543457 0.097656 0.098633
0 0.232422 0.650391 0.097656 0.097656
0 0.232422 0.771484 0.097656 0.097656
0 0.234375 0.879395 0.097656 0.098633
0 0.135742 0.266602 0.097656 0.097656
0 0.138672 0.379883 0.097656 0.097656
0 0.136719 0.480957 0.097656 0.098633
0 0.132812 0.588867 0.085938 0.085938
0 0.139648 0.708984 0.097656 0.097656
0 0.136719 0.827148 0.109375 0.111328
0 0.132812 0.924805 0.097656 0.097656
0 0.893555 0.148926 0.109375 0.110352
0 0.886719 0.266113 0.097656 0.098633
0 0.797852 0.222168 0.097656 0.098633
0 0.799805 0.095215 0.109375 0.110352
0 0.703613 0.144043 0.110352 0.110352
0 0.700195 0.256348 0.097656 0.098633
0 0.614258 0.205566 0.109375 0.110352
0 0.614258 0.094238 0.097656 0.098633
0 0.510742 0.146484 0.097656 0.097656
0 0.513672 0.250977 0.085938 0.085938
0 0.422363 0.206055 0.084961 0.085938
0 0.419434 0.085938 0.084961 0.085938
0 0.329102 0.148438 0.097656 0.097656
0 0.328125 0.260742 0.097656 0.097656
0 0.235352 0.207520 0.097656 0.098633
0 0.239258 0.094727 0.097656 0.097656
0 0.129883 0.149902 0.097656 0.098633