0 0.186035 0.336914 0.073242 0.074219
0 0.754395 0.082520 0.073242 0.073242
0 0.092773 0.147949 0.109375 0.110352
0 0.090332 0.277832 0.110352 0.110352
0 0.090332 0.392578 0.110352 0.111328
0 0.092773 0.503418 0.097656 0.098633
0 0.094727 0.609863 0.097656 0.098633
0 0.095215 0.707520 0.110352 0.110352
0 0.092285 0.811523 0.110352 0.111328
0 0.190430 0.767578 0.097656 0.097656
0 0.180176 0.662109 0.084961 0.085938
0 0.190430 0.546387 0.097656 0.098633
0 0.197266 0.107910 0.097656 0.098633
0 0.190918 0.223633 0.084961 0.085938
0 0.189453 0.443359 0.097656 0.097656
0 0.283203 0.125000 0.097656 0.097656
0 0.285645 0.225098 0.084961 0.086914
0 0.288086 0.372070 0.097656 0.097656
0 0.281250 0.485352 0.097656 0.097656
0 0.277344 0.590332 0.097656 0.098633
0 0.281250 0.701172 0.097656 0.097656
0 0.278320 0.802734 0.085938 0.085938
0 0.182617 0.885742 0.097656 0.097656
0 0.375000 0.854980 0.097656 0.098633
0 0.370117 0.652832 0.097656 0.098633
0 0.373047 0.530762 0.097656 0.098633
0 0.380859 0.425293 0.097656 0.098633
0 0.375000 0.278809 0.097656 0.098633
0 0.362305 0.123535 0.097656 0.098633
0 0.470215 0.156250 0.110352 0.111328
0 0.471680 0.260254 0.109375 0.110352
0 0.466309 0.370605 0.110352 0.110352
0 0.463867 0.471191 0.097656 0.098633
0 0.467285 0.563477 0.110352 0.111328
0 0.471191 0.696289 0.110352 0.111328
0 0.464355 0.805176 0.110352 0.110352
0 0.562500 0.856445 0.097656 0.097656
0 0.566406 0.745605 0.097656 0.098633
0 0.566406 0.631348 0.097656 0.098633
0 0.561523 0.522949 0.109375 0.110352
0 0.562012 0.415527 0.110352 0.110352
0 0.564453 0.294434 0.097656 0.098633
0 0.565918 0.196777 0.084961 0.086914
0 0.565918 0.086426 0.110352 0.110352
0 0.660156 0.146484 0.085938 0.085938
0 0.664062 0.252930 0.097656 0.097656
0 0.653320 0.357910 0.097656 0.098633
0 0.657227 0.467285 0.109375 0.110352
0 0.653320 0.579590 0.109375 0.110352
0 0.648438 0.693848 0.097656 0.098633
0 0.653320 0.800293 0.097656 0.098633
0 0.743652 0.863281 0.084961 0.085938
0 0.749023 0.734375 0.085938 0.085938
0 0.749023 0.624023 0.085938 0.085938
0 0.753418 0.206055 0.110352 0.111328
0 0.749023 0.299805 0.097656 0.097656
0 0.750977 0.417969 0.097656 0.097656
0 0.749023 0.518066 0.097656 0.098633
0 0.841797 0.800781 0.085938 0.085938
0 0.858398 0.689941 0.097656 0.098633
0 0.852539 0.579590 0.109375 0.110352
0 0.850098 0.471680 0.084961 0.085938
0 0.855469 0.363281 0.085938 0.085938
0 0.860352 0.256836 0.109375 0.111328
0 0.860840 0.155762 0.110352 0.110352
0 0.944336 0.094238 0.097656 0.098633
0 0.941895 0.206055 0.084961 0.085938
0 0.945801 0.310547 0.084961 0.085938
0 0.939453 0.431152 0.097656 0.098633
0 0.944336 0.526367 0.097656 0.097656
0 0.938477 0.638184 0.097656 0.098633
0 0.931152 0.748535 0.110352 0.110352
0 0.929688 0.861816 0.097656 0.098633
0 0.843750 0.912598 0.097656 0.098633
0 0.649414 0.915039 0.085938 0.085938
0 0.467285 0.909668 0.110352 0.110352
0 0.274414 0.918945 0.097656 0.097656
0 0.088379 0.928223 0.110352 0.110352