0 0.401855 0.320801 0.073242 0.073242
0 0.489746 0.388672 0.073242 0.074219
0 0.593262 0.330078 0.073242 0.074219
0 0.599121 0.215820 0.073242 0.074219
0 0.609863 0.098633 0.073242 0.074219
0 0.695312 0.262695 0.048828 0.048828
0 0.112305 0.157715 0.109375 0.110352
0 0.118652 0.273926 0.110352 0.110352
0 0.205566 0.099121 0.110352 0.110352
0 0.208984 0.219238 0.109375 0.110352
0 0.319336 0.057617 0.085938 0.085938
0 0.880859 0.495605 0.109375 0.110352
0 0.890137 0.055664 0.084961 0.085938
0 0.695312 0.051758 0.097656 0.097656
0 0.498535 0.166016 0.084961 0.085938
0 0.488281 0.281738 0.097656 0.098633
0 0.399902 0.439453 0.084961 0.085938
0 0.591309 0.440430 0.084961 0.085938
0 0.877441 0.162598 0.084961 0.086914
0 0.872070 0.275391 0.085938 0.085938
0 0.880859 0.378418 0.097656 0.098633
0 0.784180 0.444824 0.097656 0.098633
0 0.781250 0.555664 0.085938 0.085938
0 0.684570 0.498047 0.097656 0.097656
0 0.586914 0.555176 0.097656 0.098633
0 0.770996 0.320312 0.084961 0.085938
0 0.689453 0.377930 0.085938 0.085938
0 0.395020 0.213867 0.084961 0.085938
0 0.314941 0.275391 0.084961 0.085938
0 0.308594 0.381836 0.097656 0.097656
0 0.305664 0.493652 0.097656 0.098633
0 0.209961 0.546875 0.097656 0.097656
0 0.206055 0.434082 0.097656 0.098633
0 0.116211 0.497559 0.097656 0.098633
0 0.878906 0.607910 0.097656 0.098633
0 0.876953 0.724121 0.097656 0.098633
0 0.878906 0.829102 0.097656 0.097656
0 0.873047 0.932617 0.097656 0.097656
0 0.779297 0.663574 0.097656 0.098633
0 0.776367 0.759766 0.109375 0.111328
0 0.773438 0.875000 0.109375 0.111328
0 0.678711 0.937012 0.097656 0.098633
0 0.691406 0.820312 0.097656 0.097656
0 0.697266 0.711914 0.085938 0.085938
0 0.687500 0.599609 0.097656 0.097656
0 0.584961 0.657227 0.109375 0.111328
0 0.584961 0.772461 0.097656 0.097656
0 0.580566 0.873535 0.110352 0.110352
0 0.491211 0.936035 0.097656 0.098633
0 0.489746 0.831543 0.110352 0.110352
0 0.490234 0.712402 0.097656 0.098633
0 0.490723 0.602539 0.110352 0.111328
0 0.492188 0.499023 0.097656 0.097656
0 0.401367 0.552734 0.097656 0.097656
0 0.391602 0.644043 0.097656 0.098633
0 0.395508 0.773926 0.097656 0.098633
0 0.397461 0.879395 0.109375 0.110352
0 0.303711 0.825684 0.109375 0.110352
0 0.297852 0.718262 0.109375 0.110352
0 0.304688 0.601074 0.109375 0.110352
0 0.210938 0.777832 0.097656 0.098633
0 0.207520 0.874512 0.110352 0.110352
0 0.118164 0.936035 0.109375 0.110352
0 0.118164 0.824707 0.097656 0.098633
0 0.114746 0.708008 0.084961 0.085938
0 0.121094 0.604980 0.097656 0.098633