0 0.281738 0.717773 0.073242 0.074219
0 0.093750 0.069336 0.097656 0.097656
0 0.282715 0.072266 0.084961 0.085938
0 0.461914 0.064453 0.097656 0.097656
0 0.660156 0.069824 0.109375 0.110352
0 0.848633 0.067383 0.097656 0.097656
0 0.096191 0.509766 0.084961 0.085938
0 0.099609 0.627930 0.085938 0.085938
0 0.096680 0.708496 0.097656 0.098633
0 0.091797 0.833984 0.085938 0.085938
0 0.095703 0.932617 0.085938 0.085938
0 0.190430 0.440430 0.085938 0.085938
0 0.190430 0.564453 0.085938 0.085938
0 0.187500 0.691895 0.085938 0.086914
0 0.187500 0.794922 0.085938 0.085938
0 0.189941 0.906250 0.084961 0.085938
0 0.289551 0.947266 0.084961 0.085938
0 0.277832 0.827148 0.084961 0.085938
0 0.275391 0.505859 0.097656 0.097656
0 0.282227 0.607422 0.097656 0.097656
0 0.382812 0.515137 0.097656 0.098633
0 0.389648 0.659668 0.097656 0.098633
0 0.378906 0.774414 0.085938 0.085938
0 0.374512 0.888672 0.084961 0.085938
0 0.466797 0.507812 0.085938 0.085938
0 0.470703 0.614258 0.097656 0.097656
0 0.467773 0.723633 0.085938 0.085938
0 0.463867 0.833008 0.085938 0.085938
0 0.460938 0.948730 0.097656 0.098633
0 0.562500 0.564453 0.085938 0.085938
0 0.562500 0.668945 0.085938 0.085938
0 0.563477 0.789551 0.097656 0.098633
0 0.559570 0.896484 0.085938 0.085938
0 0.659180 0.939453 0.085938 0.085938
0 0.652832 0.835449 0.084961 0.086914
0 0.656250 0.725098 0.097656 0.098633
0 0.658203 0.608887 0.097656 0.098633
0 0.654297 0.502441 0.097656 0.098633
0 0.750977 0.556152 0.109375 0.110352
0 0.750977 0.659668 0.097656 0.098633
0 0.753906 0.768066 0.097656 0.098633
0 0.751953 0.890625 0.085938 0.085938
0 0.845703 0.497559 0.097656 0.098633
0 0.850586 0.613281 0.097656 0.097656
0 0.844238 0.715820 0.084961 0.085938
0 0.841797 0.825195 0.097656 0.097656
0 0.851562 0.940918 0.097656 0.098633
0 0.942383 0.872070 0.097656 0.097656
0 0.941406 0.759277 0.097656 0.098633
0 0.949219 0.648438 0.097656 0.097656
0 0.942383 0.540527 0.097656 0.098633
0 0.944336 0.431152 0.097656 0.098633
0 0.940430 0.328125 0.085938 0.085938
0 0.948242 0.207031 0.097656 0.097656
0 0.940430 0.100586 0.097656 0.097656
0 0.851562 0.171875 0.097656 0.097656
0 0.845703 0.268066 0.097656 0.098633
0 0.843750 0.391113 0.097656 0.098633
0 0.756836 0.447754 0.109375 0.110352
0 0.750488 0.334473 0.110352 0.110352
0 0.763184 0.221191 0.110352 0.110352
0 0.754395 0.109863 0.110352 0.110352
0 0.667969 0.176270 0.097656 0.098633
0 0.653320 0.287598 0.109375 0.110352
0 0.655273 0.393555 0.085938 0.085938
0 0.555176 0.456055 0.084961 0.085938
0 0.562500 0.340332 0.097656 0.098633
0 0.568359 0.231934 0.097656 0.098633
0 0.564453 0.123047 0.085938 0.085938
0 0.470703 0.172363 0.097656 0.098633
0 0.467773 0.291504 0.097656 0.098633
0 0.468262 0.389648 0.084961 0.085938
0 0.374023 0.419922 0.097656 0.097656
0 0.374023 0.320801 0.109375 0.110352
0 0.377441 0.229980 0.110352 0.110352
0 0.372070 0.121582 0.097656 0.098633
0 0.281250 0.164551 0.097656 0.098633
0 0.286133 0.260742 0.097656 0.097656
0 0.275391 0.394531 0.085938 0.085938
0 0.187500 0.333984 0.097656 0.097656
0 0.194336 0.228516 0.097656 0.097656
0 0.194336 0.122559 0.097656 0.098633
0 0.103027 0.174805 0.110352 0.111328
0 0.097168 0.287109 0.084961 0.085938
0 0.098145 0.392578 0.084961 0.085938