0 0.119629 0.403809 0.073242 0.073242
0 0.120605 0.295898 0.084961 0.085938
0 0.045410 0.790039 0.084961 0.085938
0 0.696289 0.505371 0.060547 0.061523
0 0.328125 0.307129 0.060547 0.061523
0 0.594238 0.349609 0.073242 0.074219
0 0.590332 0.914551 0.073242 0.073242
0 0.044434 0.574219 0.073242 0.074219
0 0.039551 0.675781 0.073242 0.074219
0 0.144043 0.508789 0.073242 0.074219
0 0.138672 0.623047 0.097656 0.097656
0 0.141602 0.734375 0.097656 0.097656
0 0.229980 0.342285 0.084961 0.086914
0 0.233887 0.455566 0.110352 0.110352
0 0.238770 0.571777 0.110352 0.110352
0 0.232910 0.678223 0.110352 0.110352
0 0.232422 0.793945 0.109375 0.111328
0 0.335449 0.398926 0.122070 0.122070
0 0.337891 0.514160 0.097656 0.098633
0 0.328125 0.626465 0.097656 0.098633
0 0.328125 0.744629 0.097656 0.098633
0 0.418945 0.355469 0.085938 0.085938
0 0.423828 0.461426 0.097656 0.098633
0 0.416016 0.574707 0.097656 0.098633
0 0.419922 0.682617 0.085938 0.085938
0 0.429688 0.792480 0.097656 0.098633
0 0.331055 0.852539 0.097656 0.097656
0 0.507324 0.408203 0.084961 0.085938
0 0.509277 0.530273 0.084961 0.085938
0 0.513672 0.629395 0.085938 0.086914
0 0.513672 0.738281 0.085938 0.085938
0 0.512695 0.855469 0.085938 0.085938
0 0.595215 0.473633 0.084961 0.085938
0 0.593262 0.583984 0.084961 0.085938
0 0.593262 0.683594 0.084961 0.085938
0 0.587402 0.798828 0.084961 0.085938
0 0.700195 0.411133 0.048828 0.048828
0 0.692383 0.616211 0.085938 0.085938
0 0.691895 0.732422 0.084961 0.085938
0 0.686523 0.821777 0.048828 0.049805
0 0.794922 0.459961 0.060547 0.060547
0 0.916016 0.546875 0.048828 0.048828
0 0.424805 0.910645 0.097656 0.098633
0 0.229492 0.902344 0.097656 0.097656
0 0.137695 0.850586 0.109375 0.111328