0 0.888184 0.862793 0.073242 0.073242
0 0.795410 0.935547 0.073242 0.074219
0 0.885742 0.761230 0.097656 0.098633
0 0.798828 0.705078 0.097656 0.097656
0 0.790039 0.813477 0.085938 0.085938
0 0.612305 0.704590 0.097656 0.098633
1 0.605469 0.819336 0.085938 0.085938
0 0.607910 0.924805 0.084961 0.085938
0 0.516602 0.670898 0.097656 0.097656
0 0.521484 0.762207 0.097656 0.098633
0 0.506836 0.866211 0.097656 0.097656
0 0.423340 0.717773 0.110352 0.111328
0 0.427246 0.842773 0.122070 0.123047
0 0.420410 0.948242 0.084961 0.085938
0 0.327637 0.666504 0.110352 0.110352
0 0.331543 0.775879 0.110352 0.110352
0 0.329102 0.888184 0.097656 0.098633
0 0.233398 0.732910 0.109375 0.110352
0 0.240723 0.829590 0.110352 0.110352
0 0.142578 0.671875 0.085938 0.085938
0 0.137695 0.782715 0.109375 0.110352
0 0.140137 0.889160 0.110352 0.110352
0 0.044434 0.721191 0.084961 0.086914
0 0.050781 0.825195 0.097656 0.097656
0 0.798828 0.156250 0.085938 0.085938
0 0.791992 0.255859 0.085938 0.085938
0 0.798340 0.387695 0.084961 0.085938
0 0.905762 0.404297 0.084961 0.085938
0 0.901855 0.321289 0.084961 0.085938
0 0.891602 0.205078 0.085938 0.085938
0 0.893066 0.090820 0.084961 0.085938
0 0.891113 0.660645 0.110352 0.110352
0 0.796875 0.592773 0.097656 0.097656
0 0.708008 0.101074 0.097656 0.098633
0 0.705566 0.209961 0.084961 0.085938
0 0.704102 0.327637 0.097656 0.098633
0 0.705078 0.440918 0.097656 0.098633
0 0.616699 0.155273 0.084961 0.085938
0 0.616211 0.272949 0.097656 0.098633
0 0.612305 0.385742 0.085938 0.085938
0 0.609375 0.495117 0.097656 0.097656
0 0.604492 0.593750 0.085938 0.085938
0 0.518555 0.116699 0.097656 0.098633
0 0.518555 0.229980 0.097656 0.098633
0 0.520508 0.342773 0.097656 0.097656
0 0.520508 0.440430 0.109375 0.111328
0 0.515137 0.552246 0.110352 0.110352
0 0.424316 0.059570 0.084961 0.085938
0 0.421387 0.173828 0.084961 0.085938
0 0.423828 0.288086 0.097656 0.097656
0 0.421387 0.412109 0.084961 0.085938
0 0.426270 0.514648 0.084961 0.085938
0 0.332031 0.560059 0.097656 0.098633
0 0.326660 0.453125 0.110352 0.111328
0 0.333008 0.342773 0.097656 0.097656
0 0.338867 0.227051 0.109375 0.110352
0 0.337891 0.121582 0.097656 0.098633
0 0.234375 0.065430 0.097656 0.097656
0 0.244141 0.182617 0.109375 0.111328
0 0.239258 0.278809 0.097656 0.098633
0 0.245605 0.399902 0.110352 0.110352
0 0.240234 0.502441 0.109375 0.110352
0 0.146973 0.554199 0.110352 0.110352
0 0.240234 0.618164 0.085938 0.085938
0 0.152344 0.460938 0.109375 0.111328
0 0.139648 0.337402 0.109375 0.110352
0 0.139648 0.225098 0.109375 0.110352
0 0.143555 0.114746 0.109375 0.110352
0 0.054688 0.165527 0.097656 0.098633
0 0.050781 0.048340 0.085938 0.086914
0 0.047852 0.379883 0.085938 0.085938
0 0.052734 0.500000 0.085938 0.085938
0 0.050293 0.280273 0.084961 0.085938
0 0.051270 0.606445 0.084961 0.085938
0 0.430176 0.625488 0.110352 0.110352