0 0.774902 0.496582 0.073242 0.073242
0 0.207031 0.071289 0.097656 0.097656
0 0.768066 0.048828 0.084961 0.085938
0 0.866699 0.525391 0.073242 0.074219
0 0.870605 0.630859 0.073242 0.074219
0 0.674316 0.532227 0.084961 0.085938
0 0.109375 0.560059 0.109375 0.110352
0 0.109375 0.663574 0.097656 0.098633
0 0.112305 0.771973 0.097656 0.098633
0 0.110352 0.894531 0.085938 0.085938
0 0.204102 0.501465 0.097656 0.098633
0 0.208984 0.617188 0.097656 0.097656
0 0.202637 0.719727 0.084961 0.085938
0 0.200195 0.829102 0.097656 0.097656
0 0.209961 0.944824 0.097656 0.098633
0 0.300781 0.875977 0.097656 0.097656
0 0.299805 0.763184 0.097656 0.098633
0 0.307617 0.652344 0.097656 0.097656
0 0.300781 0.544434 0.097656 0.098633
0 0.389648 0.487305 0.097656 0.097656
0 0.395508 0.594238 0.097656 0.098633
0 0.393555 0.701660 0.097656 0.098633
0 0.392578 0.816406 0.097656 0.097656
0 0.388672 0.932129 0.097656 0.098633
0 0.487793 0.872559 0.110352 0.110352
0 0.486816 0.759277 0.110352 0.110352
0 0.484375 0.645020 0.109375 0.110352
0 0.482910 0.534180 0.110352 0.111328
0 0.581055 0.491211 0.097656 0.097656
0 0.572266 0.594238 0.109375 0.110352
0 0.584961 0.698242 0.109375 0.111328
0 0.577148 0.810059 0.109375 0.110352
0 0.579590 0.915039 0.084961 0.085938
0 0.672852 0.864746 0.097656 0.098633
0 0.678223 0.760742 0.084961 0.085938
0 0.672852 0.634277 0.109375 0.110352
0 0.770996 0.594727 0.084961 0.085938
0 0.769531 0.694336 0.097656 0.097656
0 0.772461 0.829590 0.097656 0.098633
0 0.770508 0.918457 0.097656 0.098633
0 0.866699 0.865234 0.084961 0.085938
0 0.861328 0.729980 0.097656 0.098633
0 0.872559 0.441406 0.084961 0.085938
0 0.866699 0.317871 0.110352 0.110352
0 0.867676 0.208496 0.110352 0.110352
0 0.868164 0.098145 0.097656 0.098633
0 0.768555 0.156738 0.097656 0.098633
0 0.770508 0.267090 0.097656 0.098633
0 0.769531 0.371094 0.085938 0.085938
0 0.671875 0.429199 0.109375 0.110352
0 0.674805 0.324707 0.097656 0.098633
0 0.674805 0.207031 0.085938 0.085938
0 0.673828 0.100586 0.085938 0.085938
0 0.583008 0.146973 0.097656 0.098633
0 0.580078 0.254395 0.097656 0.098633
0 0.585938 0.360352 0.097656 0.097656
0 0.493164 0.412109 0.109375 0.111328
0 0.491699 0.311523 0.110352 0.111328
0 0.485840 0.221191 0.110352 0.110352
0 0.491699 0.095215 0.110352 0.110352
0 0.401367 0.147461 0.097656 0.097656
0 0.401367 0.258789 0.097656 0.097656
0 0.394531 0.369141 0.085938 0.085938
0 0.302734 0.435059 0.097656 0.098633
0 0.298828 0.332031 0.085938 0.085938
0 0.306641 0.210938 0.097656 0.097656
0 0.298828 0.104492 0.097656 0.097656
0 0.209961 0.175781 0.097656 0.097656
0 0.204102 0.271973 0.097656 0.098633
0 0.202148 0.395020 0.097656 0.098633
0 0.115234 0.451660 0.109375 0.110352
0 0.108887 0.338379 0.110352 0.110352
0 0.121582 0.225098 0.110352 0.110352
0 0.112793 0.113770 0.110352 0.110352