0 0.578613 0.234375 0.073242 0.074219
0 0.386230 0.958496 0.073242 0.073242
0 0.764648 0.117188 0.097656 0.097656
0 0.768066 0.240234 0.084961 0.085938
0 0.769043 0.334961 0.084961 0.085938
0 0.768066 0.458008 0.084961 0.085938
0 0.671875 0.070312 0.097656 0.097656
0 0.673828 0.181641 0.097656 0.097656
0 0.677734 0.289062 0.085938 0.085938
0 0.671875 0.396484 0.085938 0.085938
0 0.579102 0.121094 0.097656 0.097656
0 0.583984 0.342285 0.097656 0.098633
0 0.486328 0.068848 0.097656 0.098633
0 0.487305 0.182129 0.097656 0.098633
0 0.483887 0.285156 0.084961 0.085938
0 0.485352 0.400879 0.097656 0.098633
0 0.391602 0.120605 0.097656 0.098633
0 0.390625 0.227051 0.097656 0.098633
0 0.389648 0.341309 0.097656 0.098633
0 0.387695 0.454590 0.097656 0.098633
0 0.296387 0.072266 0.084961 0.085938
0 0.292969 0.179199 0.097656 0.098633
0 0.297852 0.289551 0.097656 0.098633
0 0.293945 0.404297 0.085938 0.085938
0 0.203125 0.120605 0.097656 0.098633
0 0.201172 0.233887 0.097656 0.098633
0 0.203125 0.341309 0.097656 0.098633
0 0.201660 0.461914 0.084961 0.085938
0 0.107422 0.069824 0.109375 0.110352
0 0.108887 0.185059 0.110352 0.110352
0 0.113281 0.286621 0.097656 0.098633
0 0.102539 0.395508 0.097656 0.097656
0 0.106934 0.510742 0.084961 0.085938
0 0.105469 0.622070 0.097656 0.097656
0 0.205078 0.569336 0.097656 0.097656
0 0.198730 0.664062 0.084961 0.085938
0 0.293945 0.514648 0.085938 0.085938
0 0.295898 0.618164 0.085938 0.085938
0 0.389648 0.559570 0.085938 0.085938
0 0.386719 0.666992 0.085938 0.085938
0 0.490723 0.507812 0.084961 0.085938
0 0.482422 0.608887 0.097656 0.098633
0 0.582031 0.460449 0.097656 0.098633
0 0.580078 0.562012 0.097656 0.098633
1 0.671875 0.504883 0.085938 0.085938
0 0.676758 0.614746 0.097656 0.098633
0 0.774414 0.566406 0.085938 0.085938
0 0.109863 0.915039 0.122070 0.123047
0 0.200195 0.866211 0.097656 0.097656
0 0.290527 0.917969 0.073242 0.074219
0 0.384766 0.860840 0.060547 0.061523
0 0.472656 0.893066 0.060547 0.061523
0 0.561035 0.845215 0.061523 0.061523
0 0.562012 0.932129 0.061523 0.061523
0 0.666992 0.912598 0.048828 0.049805
0 0.741211 0.875488 0.060547 0.061523
0 0.829590 0.927246 0.061523 0.061523
0 0.919434 0.866699 0.061523 0.061523