0 0.155273 0.539551 0.109375 0.110352
0 0.055664 0.159668 0.109375 0.110352
0 0.154785 0.103516 0.110352 0.111328
0 0.345703 0.101074 0.109375 0.110352
0 0.442383 0.156738 0.109375 0.110352
0 0.540527 0.099609 0.084961 0.085938
0 0.633301 0.156738 0.110352 0.110352
0 0.734375 0.102051 0.109375 0.110352
0 0.928223 0.083984 0.110352 0.111328
0 0.922363 0.212402 0.110352 0.110352
0 0.924316 0.319824 0.110352 0.110352
0 0.920898 0.430664 0.085938 0.085938
0 0.922852 0.539551 0.097656 0.098633
0 0.824219 0.153809 0.097656 0.098633
0 0.821289 0.263184 0.097656 0.098633
0 0.830078 0.376465 0.097656 0.098633
0 0.831055 0.483887 0.097656 0.098633
0 0.828125 0.595215 0.097656 0.098633
0 0.725586 0.215332 0.109375 0.110352
0 0.724609 0.327637 0.109375 0.110352
0 0.728027 0.430176 0.110352 0.110352
0 0.724121 0.537598 0.110352 0.110352
0 0.635254 0.268066 0.110352 0.110352
0 0.626465 0.378418 0.110352 0.110352
0 0.632324 0.492676 0.110352 0.110352
0 0.631836 0.601562 0.109375 0.111328
0 0.542969 0.210449 0.097656 0.098633
0 0.545898 0.318359 0.085938 0.085938
0 0.535156 0.431641 0.097656 0.097656
0 0.539062 0.547852 0.097656 0.097656
0 0.441406 0.269043 0.109375 0.110352
0 0.443359 0.373047 0.109375 0.111328
0 0.445312 0.487305 0.109375 0.111328
0 0.439941 0.586914 0.110352 0.111328
0 0.343750 0.213379 0.109375 0.110352
0 0.345215 0.324219 0.110352 0.111328
0 0.342285 0.431641 0.110352 0.111328
0 0.347168 0.538574 0.110352 0.110352
0 0.245605 0.157227 0.110352 0.111328
0 0.247559 0.264648 0.110352 0.111328
0 0.251465 0.382324 0.110352 0.110352
0 0.255859 0.486816 0.109375 0.110352
0 0.157715 0.220703 0.110352 0.111328
0 0.156250 0.325684 0.097656 0.098633
0 0.153320 0.432129 0.109375 0.110352
0 0.060547 0.268066 0.097656 0.098633
0 0.055664 0.379395 0.109375 0.110352
0 0.059570 0.483887 0.109375 0.110352
0 0.062500 0.597168 0.048828 0.049805
0 0.154297 0.651855 0.048828 0.049805
0 0.249023 0.589844 0.048828 0.048828
0 0.059570 0.709473 0.109375 0.110352
0 0.156250 0.758789 0.109375 0.111328
0 0.258789 0.817383 0.085938 0.085938
0 0.252441 0.705078 0.084961 0.085938
0 0.349121 0.656250 0.084961 0.085938
0 0.346191 0.762695 0.084961 0.085938
0 0.353516 0.870117 0.097656 0.097656
0 0.442871 0.704590 0.073242 0.073242
0 0.445801 0.816406 0.084961 0.085938
0 0.531250 0.650879 0.097656 0.098633
0 0.537109 0.760254 0.097656 0.098633
0 0.532227 0.875488 0.097656 0.098633
0 0.634277 0.705566 0.110352 0.110352
0 0.635254 0.819824 0.110352 0.110352
0 0.629883 0.926270 0.109375 0.110352
0 0.729004 0.654785 0.110352 0.110352
0 0.726074 0.766113 0.110352 0.110352
0 0.720215 0.874512 0.110352 0.110352
0 0.830078 0.707520 0.109375 0.110352
0 0.830078 0.815918 0.097656 0.098633
0 0.825684 0.928223 0.110352 0.110352
0 0.922852 0.647949 0.109375 0.110352
0 0.929688 0.771973 0.109375 0.110352
0 0.922852 0.875488 0.109375 0.110352