0 0.314941 0.062012 0.073242 0.073242
0 0.504395 0.310547 0.073242 0.074219
0 0.314453 0.191895 0.085938 0.086914
0 0.114258 0.761230 0.097656 0.098633
0 0.117676 0.639160 0.084961 0.086914
0 0.120117 0.536133 0.085938 0.085938
0 0.124023 0.415039 0.085938 0.085938
0 0.123047 0.303711 0.097656 0.097656
0 0.120117 0.196777 0.097656 0.098633
0 0.121094 0.091309 0.097656 0.098633
0 0.217285 0.139648 0.084961 0.085938
0 0.215820 0.252930 0.097656 0.097656
0 0.210938 0.361328 0.085938 0.085938
0 0.218750 0.464844 0.097656 0.097656
0 0.216797 0.578125 0.097656 0.097656
0 0.218262 0.686523 0.084961 0.085938
0 0.205078 0.811035 0.097656 0.098633
0 0.114258 0.856445 0.097656 0.097656
0 0.312500 0.861816 0.109375 0.110352
0 0.318848 0.738281 0.110352 0.111328
0 0.312500 0.632812 0.097656 0.097656
0 0.319336 0.522461 0.097656 0.097656
0 0.318359 0.416992 0.097656 0.097656
0 0.315430 0.302246 0.097656 0.098633
0 0.411133 0.121582 0.109375 0.110352
0 0.408691 0.251465 0.110352 0.110352
0 0.408691 0.366211 0.110352 0.111328
0 0.411133 0.477051 0.097656 0.098633
0 0.413086 0.583496 0.097656 0.098633
0 0.413574 0.681152 0.110352 0.110352
0 0.410645 0.785156 0.110352 0.111328
0 0.508789 0.741211 0.097656 0.097656
0 0.498535 0.635742 0.084961 0.085938
0 0.508789 0.520020 0.097656 0.098633
0 0.515625 0.081543 0.097656 0.098633
0 0.509277 0.197266 0.084961 0.085938
0 0.507812 0.416992 0.097656 0.097656
0 0.601562 0.098633 0.097656 0.097656
0 0.604004 0.198730 0.084961 0.086914
0 0.606445 0.345703 0.097656 0.097656
0 0.599609 0.458984 0.097656 0.097656
0 0.595703 0.563965 0.097656 0.098633
0 0.599609 0.674805 0.097656 0.097656
0 0.596680 0.776367 0.085938 0.085938
0 0.500977 0.859375 0.097656 0.097656
0 0.693359 0.828613 0.097656 0.098633
0 0.688477 0.626465 0.097656 0.098633
0 0.691406 0.504395 0.097656 0.098633
0 0.699219 0.398926 0.097656 0.098633
0 0.693359 0.252441 0.097656 0.098633
0 0.680664 0.097168 0.097656 0.098633
0 0.788574 0.129883 0.110352 0.111328
0 0.790039 0.233887 0.109375 0.110352
0 0.784668 0.344238 0.110352 0.110352
0 0.782227 0.444824 0.097656 0.098633
0 0.785645 0.537109 0.110352 0.111328
0 0.789551 0.669922 0.110352 0.111328
0 0.782715 0.778809 0.110352 0.110352
0 0.880859 0.830078 0.097656 0.097656
0 0.884766 0.719238 0.097656 0.098633
0 0.884766 0.604980 0.097656 0.098633
0 0.879883 0.496582 0.109375 0.110352
0 0.880371 0.389160 0.110352 0.110352
0 0.882812 0.268066 0.097656 0.098633
0 0.884277 0.170410 0.084961 0.086914
0 0.884277 0.060059 0.110352 0.110352
0 0.876953 0.935059 0.097656 0.098633
0 0.785645 0.883301 0.110352 0.110352
0 0.695312 0.935547 0.097656 0.097656
0 0.592773 0.892578 0.097656 0.097656
0 0.406738 0.901855 0.110352 0.110352
0 0.216797 0.915039 0.085938 0.085938