0 0.395020 0.204590 0.073242 0.073242
0 0.468262 0.355469 0.073242 0.074219
0 0.843262 0.899414 0.073242 0.074219
0 0.945801 0.755859 0.084961 0.085938
0 0.928711 0.873047 0.085938 0.085938
0 0.853027 0.474121 0.110352 0.110352
0 0.856934 0.583496 0.110352 0.110352
0 0.854492 0.695801 0.097656 0.098633
0 0.856445 0.794434 0.097656 0.098633
0 0.764648 0.881348 0.060547 0.061523
0 0.758789 0.540527 0.109375 0.110352
0 0.766113 0.637207 0.110352 0.110352
0 0.763672 0.752441 0.109375 0.110352
0 0.667969 0.479492 0.085938 0.085938
0 0.663086 0.590332 0.109375 0.110352
0 0.665527 0.696777 0.110352 0.110352
0 0.665039 0.796875 0.109375 0.111328
0 0.653320 0.938965 0.097656 0.098633
0 0.583984 0.872070 0.085938 0.085938
0 0.569824 0.528809 0.084961 0.086914
0 0.576172 0.632812 0.097656 0.097656
0 0.569336 0.764160 0.097656 0.098633
0 0.467773 0.472656 0.085938 0.085938
0 0.469238 0.585938 0.084961 0.085938
0 0.476562 0.699219 0.097656 0.097656
0 0.480469 0.802246 0.109375 0.110352
0 0.490723 0.939453 0.084961 0.085938
0 0.386230 0.860352 0.110352 0.111328
0 0.388672 0.758789 0.109375 0.111328
0 0.386719 0.643066 0.097656 0.098633
1 0.387207 0.531250 0.073242 0.074219
0 0.289551 0.468750 0.084961 0.085938
0 0.286621 0.589844 0.084961 0.085938
0 0.289062 0.698730 0.109375 0.110352
0 0.291992 0.807129 0.097656 0.098633
0 0.297852 0.930664 0.085938 0.085938
0 0.211426 0.866211 0.084961 0.085938
0 0.214355 0.753906 0.084961 0.085938
0 0.214844 0.647949 0.097656 0.098633
0 0.200195 0.542969 0.085938 0.085938
0 0.106445 0.472168 0.097656 0.098633
0 0.102051 0.596191 0.110352 0.110352
0 0.103027 0.702637 0.110352 0.110352
0 0.106934 0.812012 0.096680 0.098633
0 0.107910 0.916016 0.084961 0.085938
1 0.392090 0.407227 0.073242 0.074219
1 0.387207 0.299316 0.073242 0.073242
0 0.293945 0.257812 0.085938 0.085938
0 0.293945 0.373047 0.085938 0.085938
1 0.482910 0.261719 0.073242 0.074219
1 0.482910 0.142090 0.073242 0.073242
0 0.949219 0.095703 0.097656 0.097656
0 0.946777 0.219727 0.084961 0.085938
0 0.951660 0.322266 0.084961 0.085938
0 0.857422 0.367676 0.097656 0.098633
0 0.852051 0.260742 0.110352 0.111328
0 0.858398 0.150391 0.097656 0.097656
0 0.764648 0.086426 0.097656 0.098633
0 0.770996 0.207520 0.110352 0.110352
0 0.765625 0.310059 0.109375 0.110352
0 0.672363 0.361816 0.110352 0.110352
0 0.765625 0.425781 0.085938 0.085938
0 0.677734 0.268555 0.109375 0.111328
0 0.665039 0.145020 0.109375 0.110352
0 0.573242 0.187500 0.085938 0.085938
0 0.578125 0.307617 0.085938 0.085938
0 0.575684 0.087891 0.084961 0.085938
0 0.576660 0.414062 0.084961 0.085938
0 0.395020 0.097656 0.084961 0.085938
0 0.296387 0.157715 0.110352 0.110352
0 0.206055 0.214844 0.085938 0.085938
0 0.207031 0.304688 0.085938 0.085938
0 0.211426 0.106445 0.084961 0.085938
0 0.100098 0.063965 0.110352 0.110352
0 0.102539 0.171387 0.097656 0.098633
0 0.107422 0.252441 0.097656 0.098633
0 0.106445 0.366699 0.097656 0.098633
0 0.210938 0.417480 0.097656 0.098633