0 0.071777 0.159180 0.073242 0.074219
0 0.449707 0.489258 0.073242 0.074219
0 0.935059 0.101562 0.110352 0.111328
0 0.932129 0.211426 0.110352 0.110352
0 0.937012 0.327637 0.110352 0.110352
0 0.930176 0.437012 0.110352 0.110352
0 0.836426 0.165527 0.110352 0.110352
0 0.836914 0.269043 0.109375 0.110352
0 0.834961 0.379395 0.109375 0.110352
0 0.832031 0.489746 0.097656 0.098633
0 0.744141 0.104004 0.109375 0.110352
0 0.741211 0.212402 0.109375 0.110352
0 0.742188 0.325684 0.097656 0.098633
0 0.747070 0.429199 0.097656 0.098633
0 0.649414 0.161621 0.109375 0.110352
0 0.645996 0.265137 0.110352 0.110352
0 0.645996 0.378418 0.110352 0.110352
0 0.644043 0.487793 0.110352 0.110352
0 0.549805 0.101074 0.097656 0.098633
0 0.546875 0.211426 0.097656 0.098633
0 0.548828 0.321777 0.097656 0.098633
0 0.549805 0.434570 0.097656 0.097656
0 0.549805 0.536133 0.097656 0.097656
0 0.456055 0.161621 0.109375 0.110352
0 0.452148 0.270020 0.097656 0.098633
0 0.450195 0.372070 0.097656 0.097656
0 0.356445 0.104004 0.097656 0.098633
0 0.351562 0.206543 0.097656 0.098633
0 0.357422 0.317871 0.097656 0.098633
0 0.358887 0.430664 0.084961 0.085938
0 0.257324 0.155762 0.110352 0.110352
0 0.263184 0.268066 0.110352 0.110352
0 0.255859 0.381348 0.109375 0.110352
0 0.247070 0.489258 0.109375 0.111328
0 0.169922 0.110352 0.085938 0.085938
0 0.172852 0.213867 0.085938 0.085938
0 0.168945 0.314941 0.097656 0.098633
0 0.166016 0.440430 0.109375 0.111328
0 0.069336 0.265625 0.085938 0.085938
0 0.069824 0.380859 0.110352 0.111328
0 0.071289 0.849121 0.109375 0.110352
0 0.149414 0.533203 0.097656 0.097656
0 0.163086 0.675781 0.109375 0.111328
0 0.159180 0.777344 0.109375 0.111328
0 0.158203 0.888184 0.097656 0.098633
0 0.268555 0.595215 0.097656 0.098633
0 0.262207 0.711914 0.110352 0.111328
0 0.360352 0.552246 0.109375 0.110352
0 0.357422 0.656250 0.085938 0.085938
0 0.356934 0.758789 0.084961 0.085938
0 0.356934 0.867188 0.110352 0.111328
0 0.456055 0.597656 0.085938 0.085938
0 0.454102 0.708496 0.097656 0.098633
0 0.449219 0.830566 0.097656 0.098633
0 0.452637 0.936523 0.110352 0.111328
0 0.552734 0.659668 0.097656 0.098633
0 0.543945 0.769531 0.085938 0.085938
0 0.545898 0.877441 0.097656 0.098633
0 0.645020 0.598145 0.110352 0.110352
0 0.650879 0.708496 0.110352 0.110352
0 0.650879 0.819824 0.110352 0.110352
0 0.651367 0.938965 0.109375 0.110352
0 0.734375 0.545410 0.109375 0.110352
0 0.737305 0.658691 0.109375 0.110352
0 0.738770 0.762207 0.110352 0.110352
0 0.740723 0.885254 0.110352 0.110352
0 0.833984 0.604004 0.109375 0.110352
0 0.839844 0.713379 0.109375 0.110352
0 0.833984 0.822754 0.109375 0.110352
0 0.829102 0.933105 0.109375 0.110352
0 0.924316 0.546875 0.110352 0.111328
0 0.928711 0.664062 0.097656 0.097656
0 0.930664 0.767090 0.109375 0.110352
0 0.933594 0.881348 0.097656 0.098633