0 0.324707 0.381836 0.073242 0.074219
0 0.045410 0.135254 0.073242 0.073242
0 0.430176 0.686035 0.073242 0.073242
0 0.134277 0.958984 0.073242 0.074219
0 0.138184 0.608887 0.073242 0.073242
0 0.327637 0.735352 0.073242 0.074219
0 0.415527 0.881348 0.073242 0.073242
0 0.233887 0.788574 0.073242 0.073242
0 0.790527 0.897461 0.110352 0.111328
0 0.609375 0.896973 0.097656 0.098633
0 0.325195 0.939453 0.085938 0.085938
0 0.430176 0.779785 0.073242 0.073242
0 0.325684 0.844727 0.073242 0.074219
0 0.431641 0.483398 0.085938 0.085938
1 0.230469 0.220215 0.085938 0.086914
0 0.230469 0.109375 0.085938 0.085938
0 0.137207 0.164062 0.073242 0.074219
0 0.141113 0.269531 0.073242 0.074219
0 0.132812 0.846680 0.085938 0.085938
0 0.139648 0.731445 0.085938 0.085938
0 0.137207 0.503906 0.084961 0.085938
0 0.131836 0.368652 0.097656 0.098633
0 0.229004 0.425781 0.084961 0.085938
0 0.228516 0.557129 0.097656 0.098633
0 0.229492 0.672852 0.097656 0.097656
0 0.327148 0.615723 0.109375 0.110352
0 0.323242 0.497559 0.097656 0.098633
0 0.610352 0.570312 0.048828 0.048828
0 0.609863 0.671875 0.084961 0.085938
0 0.612305 0.787598 0.085938 0.086914
0 0.894531 0.851562 0.097656 0.097656
0 0.890625 0.713867 0.097656 0.097656
0 0.887695 0.614746 0.097656 0.098633
0 0.887695 0.524902 0.097656 0.098633
0 0.893555 0.401855 0.097656 0.098633
0 0.791992 0.790527 0.097656 0.098633
0 0.792480 0.674805 0.084961 0.085938
0 0.792969 0.132324 0.097656 0.098633
0 0.700195 0.083984 0.097656 0.097656
0 0.702148 0.180176 0.097656 0.098633
0 0.697266 0.297363 0.109375 0.110352
0 0.694336 0.402832 0.109375 0.110352
0 0.602539 0.126465 0.097656 0.098633
0 0.609375 0.231934 0.097656 0.098633
0 0.604004 0.344238 0.110352 0.110352
0 0.601074 0.458496 0.110352 0.110352
0 0.509766 0.402344 0.109375 0.111328
0 0.518555 0.268555 0.097656 0.097656
0 0.513672 0.166992 0.109375 0.111328
0 0.417969 0.120117 0.109375 0.111328
0 0.423340 0.228027 0.110352 0.110352
0 0.420410 0.372559 0.110352 0.110352
0 0.514648 0.509277 0.109375 0.110352
0 0.514648 0.617188 0.085938 0.085938
0 0.323730 0.175781 0.084961 0.085938
0 0.511230 0.067871 0.110352 0.110352
0 0.143066 0.080078 0.084961 0.085938
0 0.324219 0.060059 0.109375 0.110352
0 0.508789 0.850586 0.085938 0.085938