0 0.653320 0.071289 0.085938 0.085938
0 0.847168 0.075684 0.073242 0.073242
0 0.840332 0.292969 0.084961 0.085938
0 0.845215 0.409668 0.073242 0.073242
0 0.935059 0.234863 0.073242 0.073242
0 0.940918 0.460938 0.084961 0.085938
0 0.934082 0.349121 0.061523 0.061523
0 0.937500 0.577148 0.085938 0.085938
0 0.941895 0.129395 0.073242 0.073242
0 0.091797 0.072754 0.097656 0.098633
0 0.188965 0.115234 0.110352 0.111328
0 0.279297 0.077148 0.097656 0.097656
0 0.466309 0.075195 0.073242 0.074219
0 0.751953 0.130371 0.085938 0.086914
0 0.564453 0.124512 0.097656 0.098633
0 0.839355 0.184082 0.073242 0.073242
0 0.842773 0.515625 0.085938 0.085938
0 0.843750 0.626953 0.097656 0.097656
0 0.747070 0.241211 0.085938 0.085938
0 0.743164 0.353027 0.097656 0.098633
0 0.746094 0.460938 0.085938 0.085938
0 0.746094 0.567383 0.097656 0.097656
0 0.650391 0.187988 0.097656 0.098633
0 0.650391 0.295410 0.097656 0.098633
0 0.652832 0.410156 0.084961 0.085938
0 0.655762 0.518555 0.084961 0.085938
0 0.654297 0.623047 0.097656 0.097656
0 0.558594 0.236816 0.097656 0.098633
0 0.561523 0.349609 0.097656 0.097656
0 0.558105 0.468750 0.084961 0.085938
0 0.556641 0.571289 0.097656 0.097656
0 0.468750 0.181641 0.097656 0.097656
0 0.465820 0.301758 0.085938 0.085938
0 0.468262 0.410156 0.073242 0.074219
0 0.466309 0.518555 0.073242 0.074219
0 0.458496 0.630371 0.073242 0.073242
0 0.371094 0.130859 0.109375 0.111328
0 0.370117 0.242188 0.097656 0.097656
0 0.374023 0.355469 0.097656 0.097656
0 0.374512 0.460938 0.084961 0.085938
0 0.375977 0.569824 0.097656 0.098633
0 0.276367 0.184570 0.097656 0.097656
0 0.276367 0.295410 0.097656 0.098633
0 0.278809 0.406250 0.084961 0.085938
0 0.277344 0.518066 0.097656 0.098633
0 0.277344 0.632324 0.097656 0.098633
0 0.183105 0.243652 0.110352 0.110352
0 0.185059 0.351074 0.110352 0.110352
0 0.181641 0.461914 0.085938 0.085938
0 0.183594 0.570801 0.097656 0.098633
0 0.084961 0.185059 0.097656 0.098633
0 0.082031 0.294434 0.097656 0.098633
0 0.090820 0.407715 0.097656 0.098633
0 0.091797 0.515137 0.097656 0.098633
0 0.088867 0.626465 0.097656 0.098633
0 0.090820 0.738770 0.109375 0.110352
0 0.090820 0.847168 0.097656 0.098633
0 0.183594 0.679199 0.109375 0.110352
0 0.190430 0.803223 0.109375 0.110352
0 0.183594 0.906738 0.109375 0.110352
0 0.278320 0.733398 0.097656 0.097656
0 0.274902 0.849121 0.110352 0.110352
0 0.371582 0.684570 0.073242 0.074219
0 0.374023 0.791992 0.097656 0.097656
0 0.370605 0.899902 0.110352 0.110352
0 0.463379 0.736328 0.073242 0.074219
0 0.459961 0.848633 0.097656 0.097656
0 0.561523 0.679199 0.097656 0.098633
0 0.557617 0.792969 0.085938 0.085938
0 0.555664 0.895508 0.097656 0.097656
0 0.654297 0.730957 0.097656 0.098633
0 0.659180 0.849121 0.097656 0.098633
0 0.748047 0.682129 0.085938 0.086914
0 0.748047 0.789551 0.097656 0.098633
0 0.747070 0.897949 0.097656 0.098633
0 0.847656 0.735840 0.097656 0.098633
0 0.840820 0.844238 0.097656 0.098633
0 0.937012 0.675781 0.084961 0.085938
0 0.937012 0.788086 0.084961 0.085938
0 0.937500 0.901855 0.097656 0.098633