1 0.436035 0.353516 0.073242 0.074219
1 0.434570 0.473145 0.060547 0.061523
0 0.908691 0.421387 0.096680 0.098633
0 0.914062 0.520508 0.097656 0.097656
0 0.903320 0.637695 0.085938 0.085938
0 0.904297 0.748047 0.085938 0.085938
0 0.908203 0.862793 0.097656 0.098633
0 0.808594 0.913574 0.109375 0.110352
0 0.808594 0.805176 0.097656 0.098633
0 0.817871 0.708008 0.084961 0.085938
0 0.811523 0.595703 0.085938 0.085938
0 0.810547 0.468750 0.085938 0.085938
0 0.810547 0.364258 0.097656 0.097656
0 0.720215 0.409668 0.110352 0.110352
0 0.717285 0.525391 0.110352 0.111328
0 0.716797 0.636230 0.097656 0.098633
0 0.717285 0.738770 0.110352 0.110352
0 0.715820 0.856934 0.109375 0.110352
0 0.619141 0.359863 0.097656 0.098633
0 0.624512 0.476074 0.110352 0.110352
0 0.631836 0.577637 0.097656 0.098633
0 0.621582 0.695801 0.084961 0.086914
0 0.625488 0.807617 0.084961 0.085938
0 0.621094 0.909180 0.085938 0.085938
0 0.528809 0.412109 0.110352 0.111328
0 0.535156 0.520020 0.097656 0.098633
0 0.526855 0.760742 0.084961 0.085938
0 0.532227 0.861328 0.085938 0.085938
0 0.528320 0.953125 0.085938 0.085938
0 0.448242 0.596680 0.085938 0.085938
0 0.440430 0.677246 0.109375 0.110352
0 0.437988 0.795898 0.110352 0.111328
0 0.428711 0.911621 0.109375 0.110352
0 0.339844 0.441895 0.097656 0.098633
0 0.342773 0.513672 0.085938 0.085938
0 0.337402 0.627930 0.110352 0.111328
0 0.330566 0.752441 0.110352 0.110352
0 0.333008 0.856934 0.109375 0.110352
0 0.236328 0.356934 0.097656 0.098633
0 0.243164 0.470215 0.097656 0.098633
0 0.240234 0.583496 0.085938 0.086914
0 0.243164 0.688965 0.097656 0.098633
0 0.245117 0.803223 0.097656 0.098633
0 0.241211 0.911621 0.097656 0.098633
0 0.151367 0.411621 0.097656 0.098633
0 0.147461 0.523438 0.097656 0.097656
0 0.147461 0.625977 0.085938 0.085938
0 0.148438 0.736816 0.097656 0.098633
0 0.147461 0.853027 0.097656 0.098633
0 0.058594 0.580566 0.097656 0.098633
0 0.050293 0.692383 0.084961 0.085938
0 0.050293 0.830078 0.084961 0.085938
0 0.047363 0.916016 0.084961 0.085938
0 0.908203 0.083008 0.097656 0.097656
0 0.910645 0.197754 0.110352 0.110352
0 0.909180 0.317383 0.109375 0.111328
1 0.151855 0.180176 0.061523 0.061523
0 0.244629 0.250000 0.084961 0.085938
0 0.341797 0.208984 0.085938 0.085938
0 0.341797 0.298828 0.085938 0.085938
0 0.437500 0.240234 0.085938 0.085938
0 0.445312 0.153320 0.085938 0.085938
0 0.718262 0.081543 0.110352 0.110352
0 0.719238 0.201660 0.110352 0.110352
0 0.720703 0.302734 0.097656 0.097656
0 0.816406 0.261230 0.097656 0.098633
0 0.820312 0.149414 0.097656 0.097656
0 0.625000 0.133301 0.097656 0.098633
0 0.618164 0.253418 0.097656 0.098633
0 0.527832 0.298828 0.084961 0.085938
0 0.525391 0.086426 0.097656 0.098633
0 0.524414 0.191895 0.097656 0.098633
0 0.157227 0.053711 0.097656 0.097656
0 0.150391 0.298340 0.109375 0.110352
0 0.056152 0.360840 0.110352 0.110352
0 0.061523 0.233398 0.085938 0.085938