0 0.140137 0.098145 0.073242 0.073242
0 0.226074 0.180176 0.073242 0.073242
0 0.223145 0.283203 0.073242 0.074219
0 0.329590 0.491211 0.073242 0.074219
0 0.617676 0.935547 0.110352 0.111328
0 0.875000 0.891113 0.109375 0.110352
0 0.888672 0.559570 0.097656 0.097656
0 0.888672 0.118164 0.085938 0.085938
0 0.892578 0.238281 0.097656 0.097656
0 0.885742 0.336914 0.097656 0.097656
0 0.893555 0.450195 0.109375 0.111328
0 0.796875 0.167969 0.109375 0.111328
0 0.797852 0.278320 0.109375 0.111328
1 0.797852 0.373535 0.097656 0.098633
0 0.793945 0.503418 0.109375 0.110352
0 0.793945 0.630859 0.097656 0.097656
0 0.791016 0.830078 0.109375 0.111328
0 0.707031 0.684082 0.097656 0.098633
0 0.703613 0.572266 0.110352 0.111328
0 0.704590 0.448730 0.110352 0.110352
0 0.701172 0.338379 0.109375 0.110352
0 0.705078 0.226074 0.109375 0.110352
0 0.694824 0.130371 0.110352 0.110352
0 0.616211 0.286133 0.097656 0.097656
0 0.619141 0.391113 0.097656 0.098633
0 0.623047 0.484863 0.097656 0.098633
0 0.619141 0.624512 0.109375 0.110352
0 0.623047 0.735840 0.109375 0.110352
0 0.608887 0.842773 0.110352 0.111328
0 0.507812 0.885742 0.109375 0.111328
0 0.509277 0.780273 0.110352 0.111328
0 0.509277 0.664062 0.084961 0.085938
0 0.514648 0.441895 0.097656 0.098633
0 0.517578 0.341797 0.109375 0.111328
0 0.511230 0.234863 0.110352 0.110352
0 0.515137 0.114258 0.110352 0.111328
0 0.333984 0.113770 0.097656 0.098633
0 0.049805 0.156250 0.085938 0.085938
0 0.149414 0.211426 0.085938 0.086914
0 0.147949 0.323242 0.084961 0.085938
0 0.217773 0.374023 0.085938 0.085938
0 0.141113 0.467773 0.084961 0.085938
0 0.228027 0.523438 0.084961 0.085938
0 0.332520 0.568359 0.084961 0.085938
0 0.231445 0.921875 0.085938 0.085938
0 0.134277 0.878418 0.110352 0.110352
0 0.138672 0.773438 0.097656 0.097656
0 0.142578 0.679688 0.097656 0.097656
0 0.332031 0.669434 0.097656 0.098633
0 0.226562 0.729004 0.097656 0.098633
0 0.229004 0.832031 0.084961 0.085938
0 0.142578 0.579102 0.085938 0.085938
0 0.224121 0.616211 0.084961 0.085938
0 0.050293 0.061523 0.073242 0.074219
0 0.804688 0.067383 0.109375 0.111328
0 0.619141 0.068359 0.097656 0.097656
0 0.429688 0.833496 0.097656 0.098633
0 0.233398 0.067383 0.085938 0.085938