0 0.104980 0.351562 0.073242 0.074219
0 0.188965 0.280762 0.061523 0.061523
0 0.565918 0.070312 0.073242 0.074219
0 0.463379 0.113770 0.073242 0.073242
0 0.192383 0.084473 0.060547 0.061523
1 0.104004 0.126465 0.061523 0.061523
0 0.110840 0.254395 0.061523 0.061523
0 0.107422 0.461914 0.109375 0.111328
0 0.190430 0.197754 0.097656 0.098633
0 0.200684 0.420898 0.110352 0.111328
0 0.196777 0.526367 0.110352 0.111328
0 0.283203 0.140625 0.085938 0.085938
0 0.285156 0.244629 0.109375 0.110352
0 0.286133 0.356934 0.109375 0.110352
0 0.288086 0.468750 0.097656 0.097656
0 0.390625 0.076660 0.097656 0.098633
0 0.389160 0.184082 0.110352 0.110352
0 0.388672 0.305176 0.109375 0.110352
0 0.389648 0.409668 0.097656 0.098633
0 0.385742 0.518066 0.109375 0.110352
0 0.476562 0.258301 0.097656 0.098633
0 0.474609 0.353027 0.097656 0.098633
0 0.487305 0.471191 0.109375 0.110352
0 0.564453 0.198730 0.097656 0.098633
0 0.570801 0.297852 0.084961 0.085938
0 0.567871 0.408691 0.084961 0.086914
0 0.571289 0.509277 0.097656 0.098633
0 0.685547 0.127930 0.097656 0.097656
0 0.677734 0.238770 0.097656 0.098633
0 0.681641 0.346191 0.109375 0.110352
0 0.682129 0.464355 0.110352 0.110352
0 0.677246 0.580566 0.110352 0.110352
0 0.775391 0.077148 0.097656 0.097656
0 0.773926 0.190430 0.110352 0.111328
0 0.772461 0.294434 0.109375 0.110352
0 0.772461 0.405762 0.097656 0.098633
0 0.769531 0.520020 0.109375 0.110352
0 0.871582 0.137695 0.110352 0.111328
0 0.867188 0.247070 0.097656 0.097656
0 0.867188 0.358398 0.097656 0.097656
0 0.865723 0.465820 0.084961 0.085938
0 0.866211 0.579102 0.085938 0.085938
0 0.962402 0.638184 0.061523 0.061523
0 0.957520 0.746582 0.061523 0.061523
0 0.869141 0.687988 0.109375 0.110352
0 0.863281 0.813477 0.085938 0.085938
0 0.863281 0.913574 0.109375 0.110352
0 0.771484 0.630371 0.109375 0.110352
0 0.768066 0.742676 0.110352 0.110352
0 0.771973 0.853027 0.110352 0.110352
0 0.675293 0.682129 0.110352 0.110352
0 0.677246 0.799316 0.110352 0.110352
0 0.677734 0.898926 0.109375 0.110352
0 0.577148 0.615723 0.097656 0.098633
0 0.585938 0.734863 0.109375 0.110352
0 0.584961 0.848633 0.109375 0.111328
0 0.484375 0.572754 0.109375 0.110352
0 0.482422 0.672852 0.097656 0.097656
0 0.483398 0.799805 0.097656 0.097656
0 0.490723 0.901367 0.110352 0.111328
0 0.385742 0.638672 0.109375 0.111328
0 0.380371 0.746094 0.084961 0.085938
0 0.384766 0.841797 0.097656 0.097656
0 0.290527 0.576172 0.110352 0.111328
0 0.284180 0.687500 0.097656 0.097656
0 0.280762 0.791992 0.084961 0.085938
0 0.285645 0.907715 0.110352 0.110352
0 0.193359 0.641602 0.097656 0.097656
0 0.195312 0.752930 0.085938 0.085938
0 0.194336 0.865723 0.109375 0.110352
0 0.101562 0.573730 0.097656 0.098633
0 0.102539 0.687012 0.097656 0.098633
0 0.099609 0.799805 0.085938 0.085938
0 0.098633 0.899902 0.097656 0.098633