0 0.197754 0.067383 0.073242 0.074219
0 0.199707 0.153320 0.073242 0.074219
0 0.400879 0.135254 0.073242 0.073242
0 0.119629 0.120605 0.073242 0.073242
0 0.312500 0.248535 0.060547 0.061523
0 0.117676 0.218262 0.073242 0.073242
0 0.950195 0.537598 0.097656 0.098633
0 0.956543 0.766602 0.084961 0.085938
0 0.676758 0.587891 0.048828 0.048828
0 0.852051 0.601074 0.084961 0.086914
0 0.852051 0.697266 0.084961 0.085938
0 0.864746 0.822266 0.110352 0.111328
0 0.771973 0.844238 0.110352 0.110352
0 0.672363 0.798828 0.084961 0.085938
0 0.764160 0.646484 0.084961 0.085938
0 0.765625 0.752930 0.048828 0.048828
0 0.582031 0.649414 0.048828 0.048828
0 0.492188 0.604492 0.048828 0.048828
0 0.487305 0.705078 0.048828 0.048828
0 0.397461 0.658203 0.037109 0.037109
0 0.387207 0.773926 0.036133 0.036133
0 0.215332 0.642578 0.036133 0.037109
1 0.118164 0.810059 0.048828 0.049805
0 0.221680 0.750000 0.085938 0.085938
1 0.114746 0.699707 0.061523 0.061523
0 0.296387 0.698242 0.024414 0.025391
0 0.584961 0.755859 0.097656 0.097656
0 0.575684 0.867676 0.110352 0.110352
0 0.486816 0.809082 0.110352 0.110352
0 0.491699 0.937988 0.110352 0.110352
0 0.404297 0.893555 0.097656 0.097656
0 0.312500 0.825684 0.097656 0.098633
0 0.313477 0.929688 0.097656 0.097656
0 0.213867 0.863281 0.109375 0.111328
0 0.122070 0.926758 0.085938 0.085938
0 0.669922 0.695801 0.048828 0.049805
0 0.865723 0.176270 0.073242 0.073242
0 0.872070 0.274902 0.097656 0.098633
0 0.687500 0.086426 0.109375 0.110352
0 0.684570 0.204590 0.097656 0.098633
0 0.586426 0.144531 0.084961 0.085938
0 0.490723 0.192383 0.084961 0.085938
0 0.488281 0.085938 0.097656 0.097656
0 0.317871 0.089844 0.084961 0.085938
0 0.308594 0.168945 0.085938 0.085938
0 0.183105 0.252441 0.061523 0.061523