0 0.552246 0.764160 0.073242 0.073242
0 0.453613 0.595215 0.061523 0.061523
0 0.548340 0.641113 0.061523 0.061523
0 0.641602 0.602539 0.060547 0.060547
0 0.274902 0.597168 0.061523 0.061523
0 0.083008 0.608887 0.109375 0.110352
0 0.085938 0.714355 0.097656 0.098633
0 0.087891 0.817871 0.097656 0.098633
0 0.079102 0.930664 0.109375 0.111328
0 0.176758 0.653809 0.097656 0.098633
0 0.178711 0.757324 0.097656 0.098633
0 0.180664 0.872559 0.109375 0.110352
0 0.270508 0.710449 0.097656 0.098633
0 0.273438 0.815918 0.097656 0.098633
0 0.271973 0.927246 0.110352 0.110352
0 0.365234 0.649902 0.097656 0.098633
0 0.367188 0.765137 0.085938 0.086914
0 0.363770 0.875977 0.084961 0.085938
0 0.458984 0.708984 0.085938 0.085938
0 0.456055 0.819336 0.085938 0.085938
0 0.458496 0.928223 0.073242 0.073242
0 0.555664 0.883789 0.085938 0.085938
0 0.650391 0.706055 0.097656 0.097656
0 0.648926 0.814453 0.084961 0.085938
0 0.647949 0.927734 0.084961 0.085938
1 0.741699 0.648438 0.073242 0.074219
1 0.834961 0.702148 0.085938 0.085938
1 0.840332 0.814453 0.073242 0.074219
0 0.747070 0.758789 0.097656 0.097656
0 0.747070 0.870117 0.097656 0.097656
0 0.836914 0.926758 0.085938 0.085938