0 0.880371 0.240723 0.073242 0.073242
0 0.786621 0.303711 0.084961 0.085938
0 0.882324 0.335938 0.073242 0.074219
0 0.605957 0.858887 0.073242 0.073242
0 0.887207 0.452148 0.073242 0.074219
0 0.604980 0.757324 0.073242 0.073242
0 0.124023 0.144043 0.097656 0.098633
0 0.119629 0.253418 0.110352 0.110352
0 0.111816 0.357422 0.122070 0.123047
0 0.120605 0.479980 0.110352 0.110352
0 0.121582 0.583008 0.122070 0.123047
0 0.213867 0.111328 0.048828 0.048828
0 0.210938 0.196777 0.097656 0.098633
0 0.210449 0.312012 0.122070 0.122070
0 0.214355 0.417969 0.122070 0.123047
0 0.213379 0.534668 0.110352 0.110352
0 0.209473 0.637695 0.122070 0.123047
0 0.299316 0.144043 0.073242 0.073242
0 0.303711 0.256348 0.109375 0.110352
0 0.304688 0.365723 0.109375 0.110352
0 0.304688 0.473633 0.085938 0.085938
0 0.310059 0.587402 0.110352 0.110352
0 0.409668 0.196289 0.122070 0.123047
0 0.397949 0.304688 0.122070 0.123047
0 0.405273 0.425293 0.097656 0.098633
0 0.406250 0.523926 0.097656 0.098633
0 0.402832 0.643555 0.122070 0.123047
0 0.503418 0.141602 0.073242 0.074219
0 0.508789 0.253906 0.097656 0.097656
0 0.515137 0.367188 0.122070 0.123047
0 0.510742 0.479980 0.097656 0.098633
0 0.499023 0.582520 0.097656 0.098633
0 0.604004 0.197266 0.122070 0.123047
0 0.600098 0.317383 0.122070 0.123047
0 0.602051 0.425781 0.084961 0.085938
0 0.599609 0.546387 0.097656 0.098633
0 0.694336 0.148438 0.097656 0.097656
0 0.698242 0.261719 0.097656 0.097656
0 0.698242 0.366211 0.097656 0.097656
0 0.700195 0.480469 0.097656 0.097656
0 0.699707 0.586914 0.122070 0.123047
0 0.598145 0.656738 0.073242 0.073242
0 0.699707 0.697266 0.122070 0.123047
0 0.784668 0.200195 0.073242 0.074219
0 0.791992 0.421875 0.085938 0.085938
0 0.789062 0.535156 0.097656 0.097656
0 0.789551 0.645508 0.122070 0.123047
0 0.878906 0.143066 0.060547 0.061523
0 0.880859 0.584961 0.097656 0.097656
0 0.966797 0.175293 0.060547 0.061523
0 0.887695 0.700195 0.085938 0.085938
0 0.881836 0.808594 0.109375 0.111328
0 0.881836 0.912109 0.085938 0.085938
0 0.791016 0.749023 0.097656 0.097656
0 0.786133 0.860840 0.097656 0.098633
0 0.695801 0.805176 0.110352 0.110352
0 0.694336 0.917480 0.097656 0.098633
0 0.495117 0.696777 0.097656 0.098633
0 0.497070 0.806152 0.097656 0.098633
0 0.504883 0.915527 0.097656 0.098633
0 0.399902 0.758301 0.110352 0.110352
0 0.402344 0.861816 0.097656 0.098633
0 0.298340 0.692871 0.110352 0.110352
0 0.306641 0.804199 0.097656 0.098633
0 0.304688 0.912598 0.097656 0.098633
0 0.209961 0.749512 0.097656 0.098633
0 0.211914 0.855469 0.097656 0.097656
0 0.117676 0.694336 0.122070 0.123047
0 0.117188 0.805664 0.097656 0.097656
0 0.117188 0.913086 0.097656 0.097656