0 0.755371 0.941406 0.073242 0.074219
0 0.854004 0.433594 0.084961 0.085938
0 0.849121 0.329102 0.084961 0.085938
0 0.849121 0.210938 0.084961 0.085938
0 0.767578 0.167969 0.085938 0.085938
0 0.660645 0.219727 0.084961 0.085938
0 0.664062 0.311035 0.085938 0.086914
0 0.761230 0.269531 0.084961 0.085938
0 0.757324 0.367188 0.084961 0.085938
0 0.098633 0.104980 0.097656 0.098633
0 0.095703 0.218262 0.097656 0.098633
0 0.088867 0.322266 0.097656 0.097656
0 0.092773 0.422363 0.109375 0.110352
0 0.191406 0.379395 0.097656 0.098633
0 0.191406 0.269043 0.109375 0.110352
0 0.189941 0.167480 0.110352 0.110352
0 0.192383 0.053223 0.097656 0.098633
0 0.284180 0.108887 0.097656 0.098633
0 0.290039 0.214355 0.097656 0.098633
0 0.289062 0.336426 0.097656 0.098633
0 0.285645 0.436523 0.084961 0.085938
0 0.379883 0.387207 0.097656 0.098633
0 0.377441 0.271973 0.110352 0.110352
0 0.382812 0.165039 0.109375 0.111328
0 0.386719 0.054199 0.097656 0.098633
0 0.483398 0.114746 0.109375 0.110352
0 0.470703 0.226074 0.097656 0.098633
0 0.474609 0.338379 0.097656 0.098633
0 0.475586 0.443848 0.097656 0.098633
0 0.581055 0.383789 0.097656 0.097656
0 0.581543 0.281250 0.084961 0.085938
0 0.571289 0.164062 0.109375 0.111328
0 0.571289 0.074219 0.109375 0.111328
0 0.666016 0.099121 0.097656 0.098633
0 0.665039 0.446289 0.097656 0.097656
0 0.761719 0.051270 0.097656 0.098633
0 0.861328 0.077148 0.097656 0.097656
0 0.950195 0.173828 0.085938 0.085938
0 0.944824 0.277344 0.084961 0.085938
0 0.947266 0.407227 0.085938 0.085938
0 0.941406 0.845703 0.085938 0.085938
0 0.942871 0.944336 0.084961 0.085938
0 0.847168 0.886719 0.084961 0.085938
0 0.464844 0.885254 0.097656 0.098633
0 0.372070 0.836914 0.097656 0.097656
0 0.374023 0.933105 0.097656 0.098633
0 0.274414 0.879395 0.097656 0.098633
0 0.185547 0.919922 0.109375 0.111328
0 0.089844 0.873047 0.109375 0.111328
0 0.942871 0.749023 0.084961 0.085938
0 0.762207 0.500977 0.084961 0.085938
0 0.749512 0.608887 0.110352 0.110352
0 0.654297 0.547363 0.109375 0.110352
0 0.654297 0.662598 0.097656 0.098633
0 0.580078 0.482910 0.085938 0.086914
0 0.581055 0.581543 0.097656 0.098633
0 0.575684 0.703125 0.084961 0.085938
0 0.473633 0.755859 0.097656 0.097656
0 0.467773 0.648926 0.097656 0.098633
0 0.467773 0.562988 0.097656 0.098633
0 0.374023 0.496582 0.097656 0.098633
0 0.373047 0.604004 0.109375 0.110352
0 0.372070 0.715820 0.097656 0.097656
0 0.286133 0.759766 0.097656 0.097656
0 0.278320 0.544922 0.097656 0.097656
0 0.283203 0.658203 0.097656 0.097656
0 0.191406 0.495117 0.097656 0.097656
0 0.191406 0.609375 0.097656 0.097656
0 0.183594 0.719727 0.097656 0.097656
0 0.183105 0.820801 0.110352 0.110352
0 0.094727 0.770020 0.097656 0.098633
0 0.092285 0.657715 0.110352 0.110352
0 0.092285 0.535156 0.110352 0.111328