0 0.905273 0.499512 0.109375 0.110352
0 0.140625 0.067871 0.097656 0.098633
0 0.344238 0.065918 0.110352 0.110352
0 0.521973 0.062012 0.110352 0.110352
0 0.621094 0.123535 0.097656 0.098633
0 0.718750 0.066895 0.097656 0.098633
0 0.805664 0.119629 0.109375 0.110352
0 0.904785 0.063477 0.110352 0.111328
0 0.907715 0.180664 0.110352 0.111328
0 0.906250 0.285645 0.097656 0.098633
0 0.903320 0.392090 0.109375 0.110352
0 0.810547 0.228027 0.097656 0.098633
0 0.805664 0.339355 0.109375 0.110352
0 0.809570 0.443848 0.109375 0.110352
0 0.812500 0.557129 0.048828 0.049805
0 0.904297 0.611816 0.048828 0.049805
0 0.710938 0.172363 0.109375 0.110352
0 0.716309 0.287598 0.110352 0.110352
0 0.716309 0.397949 0.110352 0.110352
0 0.719238 0.510254 0.110352 0.110352
0 0.718262 0.616211 0.084961 0.085938
0 0.621094 0.225098 0.097656 0.098633
0 0.616699 0.335449 0.110352 0.110352
0 0.622070 0.446777 0.097656 0.098633
0 0.527344 0.176270 0.109375 0.110352
0 0.524414 0.284668 0.109375 0.110352
0 0.529297 0.394043 0.109375 0.110352
0 0.528320 0.498535 0.109375 0.110352
0 0.529785 0.620117 0.073242 0.074219
0 0.436523 0.122559 0.109375 0.110352
0 0.435547 0.230957 0.097656 0.098633
0 0.437012 0.346191 0.110352 0.110352
0 0.431152 0.438965 0.110352 0.110352
0 0.433105 0.560547 0.110352 0.111328
0 0.340332 0.185059 0.110352 0.110352
0 0.344238 0.298340 0.110352 0.110352
0 0.341309 0.405273 0.110352 0.111328
0 0.342773 0.512695 0.097656 0.097656
0 0.344727 0.616699 0.060547 0.061523
0 0.233887 0.121582 0.110352 0.110352
0 0.238770 0.232910 0.110352 0.110352
0 0.239258 0.344727 0.109375 0.111328
0 0.238281 0.445312 0.097656 0.097656
0 0.241211 0.564941 0.109375 0.110352
0 0.141602 0.183594 0.097656 0.097656
0 0.146484 0.294922 0.097656 0.097656
0 0.142578 0.405762 0.109375 0.110352
0 0.146484 0.513184 0.109375 0.110352
0 0.051758 0.337891 0.097656 0.097656
0 0.140625 0.619629 0.109375 0.110352
0 0.146484 0.735352 0.109375 0.111328
0 0.145020 0.842773 0.110352 0.111328
0 0.240234 0.677246 0.097656 0.098633
0 0.236328 0.791504 0.109375 0.110352
0 0.236328 0.896484 0.109375 0.111328
0 0.333496 0.723145 0.110352 0.110352
0 0.330566 0.842285 0.110352 0.110352
0 0.427246 0.681152 0.110352 0.110352
0 0.431152 0.782715 0.110352 0.110352
0 0.431152 0.902832 0.110352 0.110352
0 0.527344 0.724121 0.085938 0.086914
0 0.613770 0.669434 0.073242 0.073242
0 0.719238 0.718262 0.110352 0.110352
0 0.809570 0.669434 0.109375 0.110352
0 0.906250 0.718750 0.109375 0.111328