0 0.937500 0.065918 0.109375 0.110352
0 0.934570 0.174316 0.109375 0.110352
0 0.939453 0.283691 0.109375 0.110352
0 0.938477 0.388184 0.109375 0.110352
0 0.939941 0.509766 0.073242 0.074219
0 0.845703 0.120605 0.097656 0.098633
0 0.847168 0.235840 0.110352 0.110352
0 0.841309 0.328613 0.110352 0.110352
0 0.843262 0.450195 0.110352 0.111328
0 0.750488 0.074707 0.110352 0.110352
0 0.754395 0.187988 0.110352 0.110352
0 0.751465 0.294922 0.110352 0.111328
0 0.752930 0.402344 0.097656 0.097656
0 0.754883 0.506348 0.060547 0.061523
0 0.648926 0.122559 0.110352 0.110352
0 0.649414 0.234375 0.109375 0.111328
0 0.648438 0.334961 0.097656 0.097656
0 0.651367 0.454590 0.109375 0.110352
0 0.551758 0.073242 0.097656 0.097656
0 0.556641 0.184570 0.097656 0.097656
0 0.552734 0.295410 0.109375 0.110352
0 0.556641 0.402832 0.109375 0.110352
0 0.457031 0.118164 0.109375 0.111328
0 0.461914 0.227539 0.097656 0.097656
0 0.460449 0.336426 0.110352 0.110352
0 0.457520 0.445801 0.110352 0.110352
0 0.366699 0.060547 0.110352 0.111328
0 0.363770 0.170410 0.110352 0.110352
0 0.368652 0.286621 0.110352 0.110352
0 0.361816 0.395996 0.110352 0.110352
0 0.268066 0.124512 0.110352 0.110352
0 0.268555 0.228027 0.109375 0.110352
0 0.266602 0.338379 0.109375 0.110352
0 0.263672 0.448730 0.097656 0.098633
0 0.175781 0.062988 0.109375 0.110352
0 0.172852 0.171387 0.109375 0.110352
0 0.173828 0.284668 0.097656 0.098633
0 0.178711 0.388184 0.097656 0.098633
0 0.081055 0.120605 0.109375 0.110352
0 0.077637 0.224121 0.110352 0.110352
0 0.077637 0.337402 0.110352 0.110352
0 0.075684 0.446777 0.110352 0.110352
0 0.076660 0.557129 0.110352 0.110352
0 0.082520 0.667480 0.110352 0.110352
0 0.082520 0.778809 0.110352 0.110352
0 0.083008 0.897949 0.109375 0.110352
0 0.166016 0.504395 0.109375 0.110352
0 0.168945 0.617676 0.109375 0.110352
0 0.170410 0.721191 0.110352 0.110352
0 0.172363 0.844238 0.110352 0.110352
0 0.265625 0.562988 0.109375 0.110352
0 0.271484 0.672363 0.109375 0.110352
0 0.265625 0.781738 0.109375 0.110352
0 0.260742 0.892090 0.109375 0.110352
0 0.355957 0.505859 0.110352 0.111328
0 0.360352 0.623047 0.097656 0.097656
0 0.362305 0.726074 0.109375 0.110352
0 0.365234 0.840332 0.097656 0.098633
0 0.458496 0.562500 0.110352 0.111328
0 0.458496 0.677734 0.110352 0.111328
0 0.454590 0.787598 0.110352 0.110352
0 0.461426 0.902832 0.110352 0.110352
0 0.550781 0.509277 0.109375 0.110352
0 0.556641 0.625000 0.109375 0.111328
0 0.555176 0.732422 0.110352 0.111328
0 0.556152 0.844727 0.110352 0.111328
0 0.650391 0.566895 0.097656 0.098633
0 0.646484 0.681152 0.109375 0.110352
0 0.646484 0.786133 0.109375 0.111328
0 0.645508 0.900391 0.109375 0.111328
0 0.743652 0.612793 0.110352 0.110352
0 0.740723 0.731934 0.110352 0.110352
0 0.743164 0.842773 0.097656 0.097656
0 0.837402 0.570801 0.110352 0.110352
0 0.841309 0.672363 0.110352 0.110352
0 0.841309 0.792480 0.110352 0.110352
0 0.836426 0.901855 0.110352 0.110352
0 0.937500 0.613770 0.085938 0.086914