0 0.042480 0.679688 0.073242 0.074219
0 0.130371 0.620117 0.073242 0.074219
0 0.903320 0.746582 0.109375 0.110352
0 0.131836 0.065918 0.109375 0.110352
0 0.230469 0.124512 0.109375 0.110352
0 0.332520 0.076660 0.110352 0.110352
0 0.423340 0.134277 0.110352 0.110352
0 0.516602 0.074219 0.109375 0.111328
0 0.617188 0.133789 0.109375 0.111328
0 0.707520 0.075684 0.110352 0.110352
0 0.710938 0.185547 0.097656 0.097656
0 0.511719 0.180176 0.109375 0.110352
0 0.903809 0.405273 0.110352 0.111328
0 0.901855 0.518555 0.110352 0.111328
0 0.901367 0.630859 0.097656 0.097656
0 0.905762 0.852051 0.073242 0.073242
0 0.804199 0.357422 0.110352 0.111328
0 0.803711 0.460938 0.109375 0.111328
0 0.800781 0.582520 0.109375 0.110352
0 0.802734 0.689941 0.097656 0.098633
0 0.806641 0.794434 0.097656 0.098633
0 0.706055 0.408691 0.109375 0.110352
0 0.710938 0.517090 0.097656 0.098633
0 0.711914 0.627441 0.097656 0.098633
0 0.711914 0.733887 0.097656 0.098633
0 0.714355 0.846191 0.073242 0.073242
0 0.708984 0.297852 0.109375 0.111328
0 0.612305 0.354980 0.109375 0.110352
0 0.608887 0.458984 0.084961 0.085938
0 0.613281 0.561035 0.097656 0.098633
0 0.615234 0.684082 0.097656 0.098633
0 0.615234 0.793457 0.097656 0.098633
0 0.516113 0.297363 0.110352 0.110352
0 0.515137 0.399902 0.110352 0.110352
0 0.523438 0.512207 0.097656 0.098633
0 0.517578 0.617676 0.097656 0.098633
0 0.518555 0.736816 0.097656 0.098633
0 0.522949 0.838867 0.073242 0.074219
0 0.420410 0.350098 0.110352 0.110352
0 0.425781 0.454590 0.109375 0.110352
0 0.426758 0.567871 0.097656 0.098633
0 0.425781 0.682129 0.097656 0.098633
0 0.425781 0.787109 0.085938 0.085938
0 0.324219 0.296387 0.085938 0.086914
0 0.326172 0.404785 0.109375 0.110352
0 0.327148 0.511230 0.097656 0.098633
0 0.326172 0.624512 0.097656 0.098633
0 0.332520 0.728516 0.084961 0.085938
0 0.329102 0.835938 0.097656 0.097656
0 0.227539 0.345215 0.109375 0.110352
0 0.232422 0.456543 0.097656 0.098633
0 0.229004 0.563477 0.084961 0.085938
0 0.230957 0.672852 0.084961 0.085938
0 0.237305 0.787109 0.097656 0.097656
0 0.131836 0.282715 0.097656 0.098633
0 0.130371 0.397461 0.084961 0.085938
0 0.136230 0.513672 0.084961 0.085938
0 0.137207 0.726562 0.073242 0.074219
0 0.132812 0.830566 0.060547 0.061523
0 0.614258 0.242676 0.109375 0.110352
0 0.422363 0.240234 0.084961 0.085938
0 0.325195 0.177246 0.109375 0.110352
0 0.231445 0.234863 0.109375 0.110352
0 0.136230 0.177246 0.110352 0.110352
0 0.048828 0.563477 0.085938 0.085938
1 0.043457 0.766602 0.073242 0.074219