0 0.886230 0.291016 0.073242 0.074219
0 0.878906 0.948242 0.085938 0.085938
0 0.882812 0.842773 0.085938 0.085938
0 0.880371 0.737305 0.084961 0.085938
0 0.880371 0.634766 0.084961 0.085938
0 0.787598 0.574707 0.110352 0.110352
0 0.783691 0.690918 0.110352 0.110352
0 0.776855 0.804199 0.110352 0.110352
0 0.775391 0.916992 0.109375 0.111328
0 0.691406 0.841309 0.109375 0.110352
0 0.691895 0.749023 0.110352 0.111328
0 0.698242 0.621582 0.109375 0.110352
0 0.588379 0.578613 0.110352 0.110352
0 0.585938 0.681152 0.109375 0.110352
0 0.593750 0.798340 0.097656 0.098633
0 0.593750 0.907715 0.097656 0.098633
0 0.505859 0.630371 0.109375 0.110352
0 0.502930 0.767090 0.109375 0.110352
0 0.495117 0.848633 0.085938 0.085938
0 0.414062 0.682617 0.085938 0.085938
0 0.403320 0.777344 0.109375 0.111328
0 0.400879 0.876465 0.110352 0.110352
0 0.310059 0.938965 0.110352 0.110352
0 0.310547 0.854004 0.097656 0.098633
0 0.314453 0.743652 0.097656 0.098633
0 0.318359 0.633301 0.109375 0.110352
0 0.217773 0.582031 0.109375 0.111328
0 0.217285 0.686035 0.110352 0.110352
0 0.217285 0.802246 0.110352 0.110352
0 0.209473 0.913574 0.110352 0.110352
0 0.123047 0.630371 0.109375 0.110352
0 0.116699 0.744629 0.110352 0.110352
0 0.119141 0.854980 0.097656 0.098633
0 0.883301 0.525391 0.084961 0.085938
0 0.883301 0.404297 0.084961 0.085938
0 0.894043 0.176758 0.084961 0.085938
0 0.888672 0.081543 0.097656 0.098633
0 0.794434 0.141113 0.110352 0.110352
0 0.789062 0.244141 0.109375 0.111328
0 0.780273 0.351074 0.109375 0.110352
0 0.785156 0.458496 0.109375 0.110352
0 0.689453 0.512207 0.109375 0.110352
0 0.688477 0.423340 0.109375 0.110352
0 0.690918 0.317871 0.110352 0.110352
0 0.697754 0.185547 0.110352 0.111328
0 0.697754 0.077637 0.110352 0.110352
0 0.603516 0.129395 0.097656 0.098633
0 0.599121 0.245605 0.110352 0.110352
0 0.599609 0.360840 0.097656 0.098633
0 0.597656 0.469238 0.109375 0.110352
0 0.504883 0.515625 0.109375 0.111328
0 0.498047 0.403809 0.097656 0.098633
0 0.507324 0.306152 0.110352 0.110352
0 0.508789 0.191895 0.097656 0.098633
0 0.505371 0.069824 0.110352 0.110352
0 0.413574 0.131836 0.084961 0.085938
0 0.414551 0.248047 0.084961 0.085938
0 0.416992 0.355469 0.085938 0.085938
0 0.421875 0.472656 0.085938 0.085938
0 0.416504 0.575195 0.084961 0.085938
0 0.313477 0.536621 0.109375 0.110352
0 0.312500 0.411621 0.097656 0.098633
0 0.312500 0.301758 0.085938 0.085938
0 0.313477 0.194336 0.097656 0.097656
0 0.320312 0.069336 0.109375 0.111328
0 0.221680 0.143066 0.097656 0.098633
0 0.224609 0.250000 0.097656 0.097656
0 0.224609 0.371094 0.097656 0.097656
0 0.226562 0.479004 0.097656 0.098633
0 0.128906 0.080566 0.097656 0.098633
0 0.125000 0.188477 0.085938 0.085938
0 0.131836 0.308594 0.097656 0.097656
0 0.128906 0.426758 0.109375 0.111328
0 0.125000 0.524414 0.097656 0.097656