0 0.398926 0.133789 0.073242 0.074219
0 0.505371 0.341797 0.073242 0.074219
0 0.793457 0.786133 0.110352 0.111328
0 0.785156 0.886230 0.109375 0.110352
0 0.675781 0.844238 0.109375 0.110352
0 0.586914 0.801270 0.097656 0.098633
0 0.586426 0.895020 0.110352 0.110352
0 0.312500 0.835938 0.085938 0.085938
0 0.314453 0.932617 0.097656 0.097656
0 0.212891 0.790527 0.109375 0.110352
0 0.116211 0.855469 0.097656 0.097656
0 0.882812 0.534668 0.097656 0.098633
0 0.879395 0.422852 0.110352 0.111328
0 0.880371 0.299316 0.110352 0.110352
0 0.876953 0.188965 0.109375 0.110352
0 0.880859 0.076660 0.109375 0.110352
0 0.791992 0.136719 0.097656 0.097656
0 0.794922 0.241699 0.097656 0.098633
0 0.798828 0.335449 0.097656 0.098633
0 0.794922 0.475098 0.109375 0.110352
0 0.798828 0.586426 0.109375 0.110352
0 0.784668 0.693359 0.110352 0.111328
0 0.683594 0.736328 0.109375 0.111328
0 0.685059 0.630859 0.110352 0.111328
0 0.685059 0.514648 0.084961 0.085938
0 0.690430 0.292480 0.097656 0.098633
0 0.693359 0.192383 0.109375 0.111328
0 0.687012 0.085449 0.110352 0.110352
0 0.213867 0.120117 0.085938 0.085938
0 0.325195 0.062012 0.085938 0.086914
0 0.323730 0.173828 0.084961 0.085938
0 0.393555 0.224609 0.085938 0.085938
0 0.316895 0.318359 0.084961 0.085938
0 0.403809 0.374023 0.084961 0.085938
0 0.508301 0.418945 0.084961 0.085938
0 0.407227 0.772461 0.085938 0.085938
0 0.310059 0.729004 0.110352 0.110352
0 0.314453 0.624023 0.097656 0.097656
0 0.318359 0.530273 0.097656 0.097656
0 0.507812 0.520020 0.097656 0.098633
0 0.402344 0.579590 0.097656 0.098633
0 0.404785 0.682617 0.084961 0.085938
0 0.318359 0.429688 0.085938 0.085938
0 0.399902 0.466797 0.084961 0.085938
0 0.220215 0.253418 0.110352 0.110352
0 0.217773 0.344238 0.109375 0.110352
0 0.213379 0.471680 0.110352 0.111328
0 0.217285 0.566895 0.110352 0.110352
0 0.223633 0.691406 0.109375 0.111328
0 0.126953 0.631348 0.109375 0.110352
0 0.126953 0.524902 0.109375 0.110352
0 0.123047 0.415527 0.109375 0.110352
0 0.123535 0.068359 0.084961 0.085938
0 0.122070 0.194336 0.085938 0.085938
0 0.120605 0.304688 0.084961 0.085938
0 0.605469 0.684082 0.097656 0.098633