0 0.152832 0.566895 0.073242 0.073242
0 0.885742 0.232910 0.109375 0.110352
0 0.894531 0.460938 0.097656 0.097656
0 0.895508 0.567383 0.097656 0.097656
0 0.895508 0.680664 0.097656 0.097656
0 0.891602 0.793945 0.097656 0.097656
0 0.796875 0.189941 0.097656 0.098633
0 0.731445 0.424316 0.048828 0.049805
0 0.034668 0.610840 0.061523 0.061523
0 0.796387 0.283691 0.110352 0.110352
0 0.799805 0.641602 0.097656 0.097656
0 0.797363 0.730957 0.110352 0.110352
0 0.796875 0.852051 0.097656 0.098633
0 0.883301 0.900391 0.110352 0.111328
0 0.700195 0.895020 0.097656 0.098633
0 0.704102 0.775391 0.085938 0.085938
0 0.704102 0.676270 0.109375 0.110352
0 0.616211 0.612793 0.097656 0.098633
0 0.628906 0.757324 0.109375 0.110352
0 0.616211 0.853027 0.109375 0.110352
0 0.520508 0.906738 0.109375 0.110352
0 0.516602 0.788574 0.109375 0.110352
1 0.518066 0.690430 0.084961 0.085938
0 0.522461 0.224609 0.085938 0.085938
0 0.524414 0.321289 0.097656 0.097656
0 0.422852 0.179199 0.109375 0.110352
0 0.515625 0.568359 0.097656 0.097656
0 0.422363 0.524414 0.084961 0.085938
0 0.416992 0.632324 0.097656 0.098633
0 0.416992 0.733398 0.097656 0.097656
0 0.416992 0.849121 0.109375 0.110352
0 0.320312 0.904785 0.109375 0.110352
0 0.321289 0.790527 0.097656 0.098633
0 0.332031 0.674805 0.109375 0.111328
0 0.323242 0.573730 0.109375 0.110352
0 0.333496 0.448730 0.110352 0.110352
0 0.326172 0.244141 0.097656 0.097656
0 0.238281 0.179199 0.109375 0.110352
0 0.229980 0.520020 0.110352 0.110352
0 0.240234 0.632812 0.085938 0.085938
0 0.141113 0.236328 0.110352 0.111328
0 0.147461 0.445312 0.085938 0.085938
0 0.148438 0.691406 0.097656 0.097656
0 0.130371 0.791504 0.110352 0.110352
0 0.127441 0.877441 0.110352 0.110352
0 0.232422 0.886719 0.109375 0.111328
0 0.223633 0.742676 0.097656 0.098633
0 0.893555 0.125000 0.109375 0.111328
0 0.617188 0.161133 0.085938 0.085938
0 0.520020 0.117676 0.110352 0.110352
0 0.614746 0.071289 0.084961 0.085938
0 0.433594 0.080078 0.109375 0.111328
0 0.141602 0.138184 0.097656 0.098633
0 0.815430 0.072754 0.097656 0.098633