0 0.307129 0.584961 0.073242 0.074219
0 0.215332 0.665527 0.073242 0.073242
0 0.407715 0.872070 0.073242 0.074219
0 0.210449 0.551270 0.061523 0.061523
0 0.122070 0.062012 0.097656 0.098633
0 0.123047 0.153320 0.085938 0.085938
0 0.130859 0.271484 0.085938 0.085938
0 0.130859 0.367676 0.097656 0.098633
0 0.123047 0.486328 0.085938 0.085938
0 0.117676 0.589844 0.084961 0.085938
0 0.120117 0.719727 0.085938 0.085938
0 0.229004 0.107422 0.084961 0.085938
0 0.225098 0.208984 0.110352 0.111328
0 0.223633 0.315918 0.109375 0.110352
0 0.222656 0.415527 0.109375 0.110352
0 0.323242 0.477051 0.109375 0.110352
0 0.328613 0.370605 0.110352 0.110352
0 0.327148 0.267578 0.109375 0.111328
0 0.326172 0.149414 0.097656 0.097656
0 0.414062 0.092285 0.109375 0.110352
0 0.415039 0.197754 0.097656 0.098633
0 0.414062 0.312012 0.109375 0.110352
0 0.408203 0.426270 0.097656 0.098633
0 0.412109 0.527832 0.109375 0.110352
0 0.411133 0.762207 0.097656 0.098633
0 0.591797 0.529297 0.085938 0.085938
0 0.505859 0.146484 0.085938 0.085938
0 0.508301 0.261719 0.084961 0.085938
0 0.504395 0.383789 0.084961 0.085938
0 0.503906 0.491699 0.097656 0.098633
0 0.506348 0.583008 0.084961 0.085938
0 0.597656 0.095215 0.109375 0.110352
0 0.594727 0.198730 0.097656 0.098633
0 0.596191 0.307129 0.110352 0.110352
0 0.597168 0.427734 0.084961 0.085938
0 0.698242 0.150879 0.109375 0.110352
0 0.691406 0.254883 0.097656 0.097656
0 0.686523 0.366699 0.109375 0.110352
0 0.692871 0.482910 0.110352 0.110352
0 0.791504 0.096191 0.110352 0.110352
0 0.787598 0.199219 0.110352 0.111328
0 0.779785 0.308105 0.110352 0.110352
0 0.783203 0.428223 0.109375 0.110352
0 0.890625 0.149414 0.085938 0.085938
0 0.893555 0.266602 0.085938 0.085938
0 0.889160 0.484375 0.084961 0.085938
0 0.882812 0.590820 0.097656 0.097656
0 0.879883 0.702637 0.097656 0.098633
0 0.784180 0.755859 0.097656 0.097656
0 0.780273 0.643066 0.097656 0.098633
0 0.690430 0.706543 0.097656 0.098633
0 0.592773 0.754395 0.097656 0.098633
0 0.872070 0.927246 0.109375 0.110352
0 0.878906 0.810059 0.109375 0.110352
0 0.688965 0.916992 0.084961 0.085938
0 0.695312 0.813965 0.097656 0.098633
0 0.593750 0.872559 0.097656 0.098633
0 0.503906 0.809570 0.085938 0.085938
0 0.312012 0.927734 0.084961 0.085938
0 0.314941 0.819336 0.110352 0.111328
0 0.223633 0.868164 0.097656 0.097656