0 0.291504 0.335938 0.073242 0.074219
0 0.872070 0.115234 0.097656 0.097656
0 0.870605 0.224121 0.110352 0.110352
0 0.867676 0.333496 0.110352 0.110352
0 0.773926 0.058105 0.110352 0.110352
0 0.778809 0.174316 0.110352 0.110352
0 0.771973 0.283691 0.110352 0.110352
0 0.678711 0.115723 0.109375 0.110352
0 0.676758 0.226074 0.109375 0.110352
0 0.673828 0.336426 0.097656 0.098633
0 0.583008 0.059082 0.109375 0.110352
0 0.583984 0.172363 0.097656 0.098633
0 0.588867 0.275879 0.097656 0.098633
0 0.487793 0.111816 0.110352 0.110352
0 0.487793 0.225098 0.110352 0.110352
0 0.485840 0.334473 0.110352 0.110352
0 0.388672 0.058105 0.097656 0.098633
0 0.390625 0.168457 0.097656 0.098633
0 0.391602 0.281250 0.097656 0.097656
0 0.391602 0.382812 0.097656 0.097656
0 0.293945 0.116699 0.097656 0.098633
0 0.291992 0.218750 0.097656 0.097656
0 0.193359 0.053223 0.097656 0.098633
0 0.199219 0.164551 0.097656 0.098633
0 0.200684 0.277344 0.084961 0.085938
0 0.104980 0.114746 0.110352 0.110352
0 0.097656 0.228027 0.109375 0.110352
0 0.088867 0.335938 0.109375 0.111328
0 0.110352 0.441895 0.097656 0.098633
0 0.104004 0.558594 0.110352 0.111328
0 0.202148 0.398926 0.109375 0.110352
0 0.199219 0.502930 0.085938 0.085938
0 0.198730 0.605469 0.084961 0.085938
0 0.198730 0.713867 0.110352 0.111328
0 0.204590 0.836914 0.110352 0.111328
0 0.297852 0.444336 0.085938 0.085938
0 0.295898 0.555176 0.097656 0.098633
0 0.291016 0.677246 0.097656 0.098633
0 0.294434 0.783203 0.110352 0.111328
0 0.394531 0.506348 0.097656 0.098633
0 0.385742 0.616211 0.085938 0.085938
0 0.387695 0.724121 0.097656 0.098633
0 0.387695 0.836914 0.097656 0.097656
0 0.486816 0.444824 0.110352 0.110352
0 0.492676 0.555176 0.110352 0.110352
0 0.492676 0.666504 0.110352 0.110352
0 0.493164 0.785645 0.109375 0.110352
0 0.576172 0.392090 0.109375 0.110352
0 0.579102 0.505371 0.109375 0.110352
0 0.580566 0.608887 0.110352 0.110352
0 0.582520 0.731934 0.110352 0.110352
0 0.585449 0.839355 0.110352 0.110352
0 0.675781 0.450684 0.109375 0.110352
0 0.681641 0.560059 0.109375 0.110352
0 0.675781 0.669434 0.109375 0.110352
0 0.670898 0.779785 0.109375 0.110352
0 0.766113 0.393555 0.110352 0.111328
0 0.770508 0.510742 0.097656 0.097656
0 0.772461 0.613770 0.109375 0.110352
0 0.775391 0.728027 0.097656 0.098633
0 0.769531 0.838379 0.109375 0.110352
0 0.868652 0.450195 0.110352 0.111328
0 0.868652 0.565430 0.110352 0.111328
0 0.864746 0.675293 0.110352 0.110352
0 0.871582 0.790527 0.110352 0.110352
0 0.864258 0.891113 0.109375 0.110352
0 0.675293 0.891113 0.110352 0.110352
0 0.583984 0.948730 0.097656 0.098633
1 0.487305 0.890625 0.085938 0.085938
1 0.200684 0.934570 0.084961 0.085938
0 0.292480 0.878418 0.110352 0.110352
0 0.395508 0.935059 0.097656 0.098633