0 0.116699 0.231445 0.073242 0.074219
0 0.862793 0.895996 0.110352 0.110352
0 0.492188 0.899414 0.109375 0.111328
0 0.197266 0.944336 0.085938 0.085938
0 0.871582 0.235840 0.110352 0.110352
0 0.870117 0.345215 0.097656 0.098633
0 0.877930 0.446777 0.097656 0.098633
0 0.873535 0.562988 0.110352 0.110352
0 0.874023 0.678223 0.097656 0.098633
0 0.872070 0.786621 0.109375 0.110352
0 0.779297 0.833008 0.109375 0.111328
0 0.772461 0.721191 0.097656 0.098633
0 0.781738 0.623535 0.110352 0.110352
0 0.783203 0.509277 0.097656 0.098633
0 0.779785 0.387207 0.110352 0.110352
0 0.780762 0.289551 0.110352 0.110352
0 0.682617 0.245117 0.085938 0.085938
0 0.686523 0.354492 0.085938 0.085938
0 0.687988 0.449219 0.084961 0.085938
0 0.688965 0.565430 0.084961 0.085938
0 0.691406 0.672852 0.085938 0.085938
0 0.696289 0.790039 0.085938 0.085938
0 0.690918 0.892578 0.084961 0.085938
0 0.587891 0.854004 0.109375 0.110352
0 0.586914 0.729004 0.097656 0.098633
0 0.586914 0.619141 0.085938 0.085938
0 0.587891 0.511719 0.097656 0.097656
0 0.594727 0.386719 0.109375 0.111328
0 0.599609 0.306152 0.097656 0.098633
0 0.509766 0.246094 0.085938 0.085938
0 0.494141 0.353027 0.097656 0.098633
0 0.496094 0.460449 0.097656 0.098633
0 0.499023 0.567383 0.097656 0.097656
0 0.499023 0.688477 0.097656 0.097656
0 0.500977 0.796387 0.097656 0.098633
0 0.402344 0.183594 0.097656 0.097656
0 0.405273 0.296875 0.097656 0.097656
0 0.403320 0.397949 0.097656 0.098633
0 0.399414 0.505859 0.085938 0.085938
0 0.406250 0.625977 0.097656 0.097656
0 0.403320 0.744141 0.109375 0.111328
0 0.399414 0.841797 0.097656 0.097656
0 0.300781 0.888672 0.085938 0.085938
0 0.305664 0.788574 0.097656 0.098633
0 0.306641 0.669922 0.097656 0.097656
0 0.302734 0.135742 0.085938 0.085938
0 0.304199 0.234375 0.084961 0.085938
0 0.306641 0.348633 0.085938 0.085938
0 0.307617 0.458008 0.085938 0.085938
0 0.307617 0.560547 0.085938 0.085938
0 0.208496 0.176758 0.084961 0.085938
0 0.204590 0.279297 0.084961 0.085938
0 0.204590 0.394531 0.084961 0.085938
0 0.203125 0.503418 0.109375 0.110352
0 0.201660 0.610352 0.084961 0.085938
0 0.200195 0.729980 0.097656 0.098633
0 0.205078 0.845215 0.109375 0.110352
0 0.113281 0.893555 0.109375 0.111328
0 0.109863 0.781738 0.110352 0.110352
0 0.109863 0.673340 0.110352 0.110352
0 0.108887 0.558105 0.110352 0.110352
0 0.109863 0.445801 0.110352 0.110352
0 0.111328 0.333984 0.097656 0.097656
0 0.880859 0.122559 0.109375 0.110352
0 0.777344 0.063477 0.097656 0.097656
0 0.780273 0.167969 0.085938 0.085938
0 0.688965 0.123047 0.084961 0.085938
0 0.595703 0.065430 0.097656 0.097656
0 0.594727 0.177734 0.097656 0.097656
0 0.501953 0.124512 0.097656 0.098633
0 0.396484 0.066895 0.097656 0.098633