0 0.175293 0.328613 0.073242 0.073242
0 0.833496 0.386719 0.073242 0.074219
0 0.740234 0.325684 0.060547 0.061523
0 0.842285 0.826660 0.073242 0.073242
1 0.834473 0.921387 0.073242 0.073242
0 0.741211 0.879883 0.085938 0.085938
1 0.930176 0.883789 0.073242 0.074219
1 0.930176 0.764160 0.073242 0.073242
0 0.930176 0.543945 0.084961 0.085938
0 0.927734 0.441406 0.085938 0.085938
0 0.548828 0.458008 0.085938 0.085938
0 0.365234 0.571289 0.085938 0.085938
0 0.456055 0.600586 0.085938 0.085938
0 0.924805 0.317871 0.097656 0.098633
0 0.840820 0.285156 0.097656 0.097656
0 0.834961 0.496094 0.097656 0.097656
0 0.835938 0.599121 0.097656 0.098633
0 0.842285 0.719727 0.084961 0.085938
0 0.927246 0.652344 0.084961 0.085938
0 0.748047 0.445312 0.109375 0.111328
0 0.741699 0.552246 0.110352 0.110352
0 0.742676 0.659668 0.110352 0.110352
0 0.743652 0.779785 0.110352 0.110352
0 0.653320 0.836914 0.085938 0.085938
0 0.654297 0.926758 0.085938 0.085938
0 0.658691 0.728516 0.084961 0.085938
0 0.654785 0.597168 0.110352 0.110352
0 0.650879 0.495605 0.110352 0.110352
0 0.655273 0.390625 0.085938 0.085938
0 0.658203 0.278809 0.097656 0.098633
0 0.552734 0.334473 0.097656 0.098633
0 0.551270 0.575195 0.110352 0.111328
0 0.547363 0.686035 0.110352 0.110352
0 0.549805 0.793457 0.097656 0.098633
0 0.554688 0.874512 0.097656 0.098633
0 0.455566 0.948242 0.084961 0.085938
0 0.458984 0.840332 0.097656 0.098633
0 0.361328 0.443359 0.097656 0.097656
0 0.357910 0.328125 0.084961 0.085938
0 0.456055 0.278320 0.085938 0.085938
1 0.467773 0.379883 0.097656 0.097656
0 0.460938 0.496094 0.085938 0.085938
0 0.363770 0.677734 0.084961 0.085938
0 0.460938 0.747070 0.085938 0.085938
0 0.281250 0.631836 0.085938 0.085938
0 0.273926 0.505859 0.084961 0.085938
0 0.365234 0.876465 0.097656 0.098633
0 0.366699 0.776367 0.084961 0.085938
0 0.284180 0.725586 0.097656 0.097656
0 0.273438 0.830078 0.085938 0.085938
0 0.277344 0.931641 0.085938 0.085938
0 0.076172 0.500000 0.085938 0.085938
0 0.175781 0.451172 0.097656 0.097656
0 0.178223 0.552734 0.084961 0.085938
0 0.175781 0.655273 0.097656 0.097656
0 0.174805 0.770020 0.097656 0.098633
0 0.175293 0.882812 0.084961 0.085938
0 0.079102 0.932129 0.097656 0.098633
0 0.085938 0.835938 0.097656 0.097656
0 0.081055 0.718750 0.085938 0.085938
0 0.086426 0.600586 0.084961 0.085938
0 0.083984 0.383301 0.097656 0.098633
0 0.086426 0.276367 0.084961 0.085938
0 0.174316 0.102539 0.073242 0.074219
0 0.076660 0.051758 0.084961 0.085938
0 0.083008 0.165039 0.085938 0.085938
0 0.173340 0.224609 0.084961 0.085938
0 0.276367 0.061035 0.097656 0.098633
0 0.272461 0.172363 0.097656 0.098633
1 0.270020 0.409180 0.084961 0.085938
0 0.367188 0.218262 0.097656 0.098633
0 0.365723 0.113281 0.084961 0.085938
0 0.463867 0.167480 0.097656 0.098633
0 0.458984 0.071289 0.097656 0.097656
0 0.554688 0.092285 0.097656 0.098633
0 0.552734 0.222168 0.097656 0.098633
0 0.656738 0.148438 0.084961 0.085938
0 0.659180 0.055664 0.085938 0.085938
0 0.744629 0.226562 0.084961 0.085938
0 0.738281 0.113281 0.085938 0.085938
0 0.839844 0.052246 0.097656 0.098633
0 0.842773 0.188965 0.097656 0.098633
0 0.933105 0.218750 0.084961 0.085938
0 0.933105 0.103516 0.084961 0.085938
0 0.278320 0.298828 0.085938 0.085938