1 0.594238 0.818359 0.073242 0.074219
1 0.592773 0.937988 0.060547 0.061523
0 0.878418 0.874512 0.110352 0.110352
0 0.777344 0.824707 0.097656 0.098633
0 0.782715 0.940918 0.110352 0.110352
0 0.687012 0.876953 0.110352 0.111328
0 0.498047 0.906738 0.097656 0.098633
0 0.394531 0.821777 0.097656 0.098633
0 0.401367 0.935059 0.097656 0.098633
0 0.309570 0.876465 0.097656 0.098633
0 0.209961 0.932129 0.109375 0.110352
0 0.119629 0.877441 0.110352 0.110352
1 0.687500 0.451172 0.085938 0.085938
1 0.310059 0.645020 0.061523 0.061523
0 0.402832 0.714844 0.084961 0.085938
0 0.500000 0.673828 0.085938 0.085938
0 0.500000 0.763672 0.085938 0.085938
0 0.595703 0.705078 0.085938 0.085938
0 0.603516 0.618164 0.085938 0.085938
0 0.879395 0.113281 0.084961 0.085938
0 0.878906 0.442383 0.085938 0.085938
0 0.876465 0.546387 0.110352 0.110352
0 0.877441 0.666504 0.110352 0.110352
0 0.878906 0.767578 0.097656 0.097656
0 0.786133 0.058594 0.085938 0.085938
0 0.786133 0.166504 0.097656 0.098633
0 0.782227 0.256348 0.097656 0.098633
0 0.783203 0.490723 0.097656 0.098633
0 0.783203 0.598145 0.097656 0.098633
0 0.776367 0.718262 0.097656 0.098633
0 0.686035 0.763672 0.084961 0.085938
0 0.691406 0.118164 0.097656 0.097656
0 0.689453 0.213379 0.097656 0.098633
0 0.690430 0.319824 0.097656 0.098633
0 0.683594 0.551270 0.097656 0.098633
0 0.682617 0.656738 0.097656 0.098633
0 0.598633 0.369141 0.085938 0.085938
0 0.602539 0.263672 0.085938 0.085938
0 0.600098 0.158203 0.084961 0.085938
0 0.600098 0.055664 0.084961 0.085938
0 0.503418 0.111816 0.110352 0.110352
0 0.496582 0.225098 0.110352 0.110352
0 0.495117 0.337891 0.109375 0.111328
0 0.499023 0.439453 0.109375 0.111328
0 0.403320 0.495117 0.109375 0.111328
0 0.411133 0.386230 0.109375 0.110352
0 0.411133 0.262207 0.109375 0.110352
0 0.411621 0.169922 0.110352 0.111328
0 0.305664 0.102051 0.109375 0.110352
0 0.313477 0.219238 0.097656 0.098633
0 0.313477 0.328613 0.097656 0.098633
0 0.315430 0.435059 0.097656 0.098633
0 0.315430 0.518555 0.097656 0.097656
0 0.212891 0.473145 0.097656 0.098633
0 0.222656 0.187988 0.109375 0.110352
0 0.214844 0.269531 0.085938 0.085938
0 0.222656 0.371582 0.109375 0.110352
0 0.133789 0.103516 0.085938 0.085938
0 0.123047 0.198242 0.109375 0.111328
0 0.120605 0.297363 0.110352 0.110352
0 0.133301 0.411621 0.110352 0.110352
0 0.308594 0.763184 0.109375 0.110352
0 0.214355 0.825684 0.110352 0.110352
0 0.122559 0.775879 0.110352 0.110352
0 0.219727 0.698242 0.085938 0.085938
0 0.127930 0.661621 0.109375 0.110352
0 0.121094 0.587402 0.097656 0.098633