0 0.060059 0.672852 0.084961 0.085938
0 0.056152 0.795410 0.110352 0.110352
0 0.056152 0.908203 0.110352 0.111328
0 0.908203 0.648438 0.109375 0.111328
0 0.910645 0.755371 0.110352 0.110352
0 0.910156 0.869629 0.097656 0.098633
0 0.806152 0.692871 0.110352 0.110352
0 0.807129 0.811035 0.110352 0.110352
0 0.821289 0.920410 0.109375 0.110352
0 0.722168 0.643066 0.110352 0.110352
0 0.715332 0.757324 0.110352 0.110352
0 0.716797 0.865723 0.109375 0.110352
0 0.626953 0.687988 0.097656 0.098633
0 0.625977 0.813965 0.097656 0.098633
0 0.629883 0.915527 0.109375 0.110352
0 0.530273 0.860840 0.097656 0.098633
0 0.523438 0.750000 0.097656 0.097656
0 0.534180 0.635742 0.097656 0.097656
0 0.434570 0.691406 0.109375 0.111328
0 0.433594 0.803223 0.109375 0.110352
0 0.429199 0.913574 0.110352 0.110352
0 0.341797 0.625977 0.085938 0.085938
0 0.332520 0.744629 0.110352 0.110352
0 0.334961 0.848633 0.085938 0.085938
0 0.243164 0.901855 0.097656 0.098633
0 0.239258 0.801758 0.097656 0.097656
0 0.246094 0.680664 0.097656 0.097656
0 0.153320 0.641602 0.109375 0.111328
0 0.149414 0.744629 0.097656 0.098633
0 0.152832 0.853516 0.084961 0.085938
0 0.912598 0.122559 0.110352 0.110352
0 0.913574 0.226562 0.110352 0.111328
0 0.918945 0.341309 0.097656 0.098633
0 0.916016 0.447754 0.097656 0.098633
0 0.822266 0.067871 0.085938 0.086914
0 0.818359 0.177246 0.097656 0.098633
0 0.817871 0.282715 0.110352 0.110352
0 0.819336 0.416504 0.109375 0.110352
0 0.728516 0.125000 0.097656 0.097656
0 0.729980 0.244629 0.110352 0.110352
0 0.731445 0.339355 0.109375 0.110352
0 0.727051 0.464844 0.084961 0.085938
0 0.641113 0.145996 0.110352 0.110352
0 0.623047 0.275879 0.109375 0.110352
0 0.630371 0.399414 0.110352 0.111328
0 0.541016 0.448730 0.109375 0.110352
0 0.529785 0.340820 0.110352 0.111328
0 0.536133 0.227539 0.109375 0.111328
0 0.541992 0.128418 0.097656 0.098633
0 0.447266 0.059570 0.097656 0.097656
0 0.447266 0.172852 0.097656 0.097656
0 0.443359 0.286133 0.097656 0.097656
0 0.351562 0.133789 0.097656 0.097656
0 0.349121 0.223145 0.110352 0.110352
0 0.348633 0.344238 0.097656 0.098633
0 0.350098 0.439453 0.110352 0.111328
0 0.435059 0.392578 0.110352 0.111328
0 0.251953 0.387207 0.097656 0.098633
0 0.255859 0.267578 0.085938 0.085938
0 0.255859 0.168457 0.109375 0.110352
0 0.167969 0.104980 0.097656 0.098633
0 0.180664 0.249512 0.109375 0.110352
0 0.167969 0.345215 0.109375 0.110352
0 0.153320 0.448242 0.097656 0.097656
0 0.072266 0.398926 0.109375 0.110352
0 0.068359 0.280762 0.109375 0.110352
1 0.069824 0.182617 0.084961 0.085938
0 0.067383 0.060547 0.097656 0.097656