0 0.950195 0.784180 0.097656 0.097656
0 0.946289 0.695801 0.097656 0.098633
0 0.859863 0.322266 0.110352 0.111328
0 0.855957 0.433105 0.110352 0.110352
0 0.859863 0.526367 0.110352 0.111328
0 0.853027 0.642090 0.110352 0.110352
0 0.767578 0.701660 0.109375 0.110352
0 0.761230 0.584961 0.110352 0.111328
0 0.761719 0.481934 0.109375 0.110352
0 0.768066 0.371582 0.110352 0.110352
0 0.765625 0.274902 0.109375 0.110352
0 0.673828 0.311523 0.109375 0.111328
0 0.669922 0.418457 0.097656 0.098633
0 0.668945 0.526367 0.097656 0.097656
0 0.668457 0.639160 0.110352 0.110352
0 0.669922 0.756348 0.097656 0.098633
0 0.666016 0.864746 0.097656 0.098633
0 0.758301 0.928223 0.110352 0.110352
0 0.755859 0.802246 0.109375 0.110352
0 0.568359 0.911133 0.097656 0.097656
0 0.575195 0.790527 0.097656 0.098633
0 0.574219 0.691406 0.097656 0.097656
0 0.569336 0.587402 0.097656 0.098633
0 0.570312 0.478027 0.109375 0.110352
0 0.574219 0.360840 0.097656 0.098633
0 0.579590 0.255371 0.110352 0.110352
0 0.479980 0.314941 0.110352 0.110352
0 0.482422 0.427246 0.109375 0.110352
0 0.484863 0.527344 0.110352 0.111328
0 0.478516 0.642090 0.109375 0.110352
0 0.479492 0.750977 0.109375 0.111328
0 0.475586 0.854004 0.109375 0.110352
0 0.374512 0.908691 0.110352 0.110352
0 0.381348 0.795410 0.110352 0.110352
0 0.373535 0.687012 0.110352 0.110352
0 0.382812 0.583008 0.097656 0.097656
0 0.384277 0.472656 0.110352 0.111328
0 0.393555 0.252441 0.109375 0.110352
0 0.386719 0.360840 0.109375 0.110352
0 0.287598 0.311035 0.110352 0.110352
0 0.288574 0.412598 0.110352 0.110352
0 0.282227 0.534668 0.109375 0.110352
0 0.281738 0.639160 0.110352 0.110352
0 0.276855 0.744629 0.110352 0.110352
0 0.273926 0.875488 0.110352 0.110352
0 0.184570 0.901855 0.097656 0.098633
0 0.177246 0.801270 0.110352 0.110352
0 0.187500 0.691895 0.109375 0.110352
0 0.194336 0.583008 0.109375 0.111328
0 0.196777 0.477539 0.110352 0.111328
0 0.187988 0.368652 0.110352 0.110352
0 0.191406 0.259277 0.097656 0.098633
0 0.097656 0.304199 0.109375 0.110352
0 0.104004 0.413574 0.110352 0.110352
0 0.084473 0.515137 0.110352 0.110352
0 0.090820 0.636230 0.109375 0.110352
1 0.091797 0.746582 0.109375 0.110352
0 0.086426 0.861328 0.110352 0.111328
0 0.768555 0.058594 0.085938 0.085938
0 0.579590 0.058594 0.084961 0.085938