0 0.527832 0.583984 0.073242 0.074219
0 0.615723 0.524414 0.073242 0.074219
0 0.823730 0.929688 0.073242 0.074219
0 0.905762 0.254395 0.110352 0.110352
0 0.911133 0.358887 0.109375 0.110352
0 0.912109 0.472168 0.097656 0.098633
0 0.911133 0.586426 0.097656 0.098633
0 0.911133 0.691406 0.085938 0.085938
0 0.809570 0.200684 0.085938 0.086914
0 0.811523 0.309082 0.109375 0.110352
0 0.812500 0.415527 0.097656 0.098633
0 0.811523 0.528809 0.097656 0.098633
0 0.817871 0.632812 0.084961 0.085938
0 0.814453 0.740234 0.097656 0.097656
0 0.712891 0.249512 0.109375 0.110352
0 0.717773 0.360840 0.097656 0.098633
0 0.714355 0.467773 0.084961 0.085938
0 0.716309 0.577148 0.084961 0.085938
0 0.722656 0.691406 0.097656 0.097656
0 0.617188 0.187012 0.097656 0.098633
0 0.615723 0.301758 0.084961 0.085938
0 0.621582 0.417969 0.084961 0.085938
0 0.622559 0.630859 0.073242 0.074219
0 0.618164 0.734863 0.060547 0.061523
0 0.907715 0.144531 0.084961 0.085938
0 0.810547 0.081543 0.109375 0.110352
0 0.716797 0.139160 0.109375 0.110352
0 0.621582 0.081543 0.110352 0.110352
0 0.530273 0.139160 0.097656 0.098633
0 0.529297 0.248047 0.097656 0.097656
0 0.527344 0.356445 0.097656 0.097656
0 0.534180 0.467773 0.085938 0.085938
1 0.433594 0.081055 0.085938 0.085938
1 0.146973 0.125000 0.084961 0.085938
0 0.067383 0.410645 0.097656 0.098633
0 0.057129 0.522949 0.110352 0.110352
0 0.148438 0.239258 0.109375 0.111328
0 0.143555 0.353516 0.085938 0.085938
0 0.145508 0.467773 0.085938 0.085938
0 0.238770 0.068848 0.110352 0.110352
0 0.237793 0.191406 0.110352 0.111328
0 0.238281 0.296875 0.097656 0.097656
0 0.242188 0.425781 0.097656 0.097656
0 0.341797 0.125488 0.097656 0.098633
0 0.343262 0.244141 0.084961 0.085938
0 0.344238 0.359375 0.084961 0.085938
0 0.335449 0.462891 0.084961 0.085938
0 0.441406 0.184082 0.097656 0.098633
0 0.441406 0.311035 0.109375 0.110352
0 0.439453 0.409180 0.085938 0.085938
0 0.439453 0.509766 0.097656 0.097656
1 0.528809 0.670898 0.073242 0.074219
0 0.435547 0.625000 0.097656 0.097656
0 0.429199 0.718750 0.073242 0.074219
0 0.341309 0.579102 0.084961 0.085938
0 0.341309 0.678223 0.073242 0.073242
0 0.239258 0.641113 0.097656 0.098633
0 0.245117 0.527344 0.085938 0.085938
0 0.148438 0.577148 0.085938 0.085938
0 0.145508 0.676270 0.085938 0.086914
0 0.056641 0.627441 0.097656 0.098633
0 0.054199 0.925293 0.073242 0.073242
0 0.136230 0.884277 0.073242 0.073242
0 0.140137 0.960449 0.073242 0.073242
0 0.235840 0.898926 0.073242 0.073242
0 0.435547 0.921387 0.097656 0.098633
0 0.531738 0.893555 0.084961 0.085938
0 0.623535 0.918945 0.084961 0.085938