0 0.556152 0.671875 0.073242 0.074219
0 0.083984 0.408691 0.097656 0.098633
0 0.085938 0.516602 0.085938 0.085938
0 0.084961 0.620605 0.097656 0.098633
0 0.084473 0.740234 0.084961 0.085938
0 0.090820 0.846191 0.097656 0.098633
0 0.173828 0.458496 0.097656 0.098633
0 0.180176 0.582031 0.084961 0.085938
0 0.180176 0.670410 0.084961 0.086914
0 0.177734 0.781250 0.085938 0.085938
0 0.178711 0.898438 0.085938 0.085938
0 0.272461 0.458496 0.097656 0.098633
0 0.277344 0.527344 0.097656 0.097656
0 0.270508 0.607910 0.097656 0.098633
0 0.283691 0.737305 0.084961 0.085938
0 0.290039 0.843750 0.085938 0.085938
0 0.283203 0.955078 0.085938 0.085938
0 0.370605 0.463867 0.084961 0.085938
0 0.374023 0.582031 0.085938 0.085938
0 0.371094 0.662598 0.097656 0.098633
0 0.366211 0.788086 0.085938 0.085938
0 0.370117 0.886719 0.085938 0.085938
0 0.464844 0.394531 0.085938 0.085938
0 0.464844 0.518555 0.085938 0.085938
0 0.461914 0.645996 0.085938 0.086914
0 0.461914 0.749023 0.085938 0.085938
0 0.464355 0.860352 0.084961 0.085938
0 0.563965 0.901367 0.084961 0.085938
0 0.552246 0.781250 0.084961 0.085938
0 0.549805 0.459961 0.097656 0.097656
0 0.556641 0.561523 0.097656 0.097656
0 0.657227 0.469238 0.097656 0.098633
0 0.664062 0.613770 0.097656 0.098633
0 0.653320 0.728516 0.085938 0.085938
0 0.648926 0.842773 0.084961 0.085938
0 0.647949 0.949219 0.084961 0.085938
0 0.741211 0.461914 0.085938 0.085938
0 0.745117 0.568359 0.097656 0.097656
0 0.742188 0.677734 0.085938 0.085938
0 0.738281 0.787109 0.085938 0.085938
0 0.735352 0.902832 0.097656 0.098633
0 0.836914 0.518555 0.085938 0.085938
0 0.836914 0.623047 0.085938 0.085938
0 0.837891 0.743652 0.097656 0.098633
0 0.833984 0.850586 0.085938 0.085938
0 0.832520 0.955078 0.084961 0.085938
0 0.933594 0.893555 0.085938 0.085938
0 0.927246 0.789551 0.084961 0.086914
0 0.930664 0.679199 0.097656 0.098633
0 0.932617 0.562988 0.097656 0.098633
0 0.928711 0.456543 0.097656 0.098633
0 0.942383 0.130371 0.097656 0.098633
0 0.927734 0.241699 0.109375 0.110352
0 0.929688 0.347656 0.085938 0.085938
0 0.829590 0.410156 0.084961 0.085938
0 0.836914 0.294434 0.097656 0.098633
0 0.842773 0.186035 0.097656 0.098633
0 0.838867 0.077148 0.085938 0.085938
0 0.745117 0.126465 0.097656 0.098633
0 0.742188 0.245605 0.097656 0.098633
0 0.742676 0.343750 0.084961 0.085938
0 0.648438 0.374023 0.097656 0.097656
0 0.648438 0.274902 0.109375 0.110352
0 0.651855 0.184082 0.110352 0.110352
0 0.646484 0.075684 0.097656 0.098633
0 0.555664 0.118652 0.097656 0.098633
0 0.560547 0.214844 0.097656 0.097656
0 0.549805 0.348633 0.085938 0.085938
0 0.461914 0.288086 0.097656 0.097656
0 0.468750 0.182617 0.097656 0.097656
0 0.468750 0.076660 0.097656 0.098633
0 0.377441 0.128906 0.110352 0.111328
0 0.371582 0.241211 0.084961 0.085938
0 0.372559 0.346680 0.084961 0.085938
0 0.270508 0.066406 0.097656 0.097656
0 0.274414 0.178711 0.097656 0.097656
0 0.278320 0.275879 0.109375 0.110352
0 0.280273 0.362793 0.097656 0.098633
0 0.176758 0.350098 0.097656 0.098633
0 0.180664 0.248535 0.097656 0.098633
0 0.175781 0.129395 0.097656 0.098633
0 0.090332 0.083496 0.110352 0.110352
0 0.084961 0.187012 0.097656 0.098633
0 0.089355 0.300293 0.110352 0.110352