0 0.282715 0.303711 0.073242 0.074219
0 0.189453 0.242676 0.060547 0.061523
0 0.291504 0.743652 0.073242 0.073242
0 0.364746 0.894531 0.073242 0.074219
0 0.478027 0.173828 0.073242 0.074219
1 0.288574 0.946289 0.073242 0.074219
1 0.283691 0.838379 0.073242 0.073242
0 0.190430 0.796875 0.085938 0.085938
0 0.190430 0.912109 0.085938 0.085938
1 0.379395 0.800781 0.073242 0.074219
1 0.379395 0.681152 0.073242 0.073242
0 0.944336 0.354004 0.097656 0.098633
0 0.940430 0.463379 0.097656 0.098633
0 0.940430 0.576660 0.097656 0.098633
0 0.942383 0.689453 0.097656 0.097656
0 0.942383 0.787109 0.109375 0.111328
0 0.937012 0.898926 0.110352 0.110352
0 0.846191 0.203125 0.084961 0.085938
0 0.843262 0.309570 0.084961 0.085938
0 0.846191 0.406250 0.084961 0.085938
0 0.843262 0.520508 0.084961 0.085938
0 0.845703 0.634766 0.097656 0.097656
0 0.843262 0.758789 0.084961 0.085938
0 0.848145 0.861328 0.084961 0.085938
0 0.753906 0.906738 0.097656 0.098633
0 0.748535 0.799805 0.110352 0.111328
0 0.754883 0.689453 0.097656 0.097656
0 0.760742 0.573730 0.109375 0.110352
0 0.759766 0.468262 0.097656 0.098633
1 0.755371 0.360352 0.084961 0.085938
0 0.754395 0.248047 0.084961 0.085938
0 0.660156 0.189453 0.085938 0.085938
0 0.661133 0.302734 0.085938 0.085938
0 0.656250 0.412109 0.097656 0.097656
0 0.666016 0.529297 0.109375 0.111328
0 0.661133 0.625488 0.097656 0.098633
0 0.667480 0.746582 0.110352 0.110352
0 0.662109 0.849121 0.109375 0.110352
0 0.568848 0.900879 0.110352 0.110352
0 0.574219 0.807617 0.109375 0.111328
0 0.561523 0.684082 0.109375 0.110352
0 0.561523 0.571777 0.109375 0.110352
0 0.565430 0.461426 0.109375 0.110352
0 0.569336 0.357422 0.109375 0.111328
0 0.575195 0.234863 0.097656 0.098633
0 0.480469 0.287109 0.085938 0.085938
0 0.476562 0.512207 0.097656 0.098633
0 0.472656 0.395020 0.085938 0.086914
0 0.379395 0.460938 0.084961 0.085938
0 0.376953 0.358398 0.085938 0.085938
0 0.469727 0.726562 0.085938 0.085938
0 0.474609 0.846680 0.085938 0.085938
0 0.472168 0.626953 0.084961 0.085938
0 0.473145 0.953125 0.084961 0.085938
0 0.374023 0.234863 0.097656 0.098633
0 0.290039 0.202148 0.097656 0.097656
0 0.284180 0.413086 0.097656 0.097656
0 0.285156 0.516113 0.097656 0.098633
0 0.291504 0.636719 0.084961 0.085938
0 0.376465 0.569336 0.084961 0.085938
0 0.197266 0.362305 0.109375 0.111328
0 0.190918 0.469238 0.110352 0.110352
0 0.191895 0.576660 0.110352 0.110352
0 0.192871 0.696777 0.110352 0.110352
0 0.102539 0.753906 0.085938 0.085938
0 0.103516 0.843750 0.085938 0.085938
0 0.107910 0.645508 0.084961 0.085938
0 0.104004 0.514160 0.110352 0.110352
0 0.100098 0.412598 0.110352 0.110352
0 0.104492 0.307617 0.085938 0.085938
0 0.107422 0.195801 0.097656 0.098633
0 0.105957 0.065430 0.084961 0.085938
0 0.193848 0.143555 0.084961 0.085938
0 0.291992 0.105957 0.097656 0.098633
0 0.382324 0.135742 0.084961 0.085938
0 0.470215 0.072266 0.084961 0.085938
0 0.569824 0.138672 0.110352 0.111328
0 0.664062 0.079102 0.097656 0.097656
0 0.754883 0.135254 0.097656 0.098633
0 0.850586 0.073730 0.097656 0.098633
0 0.948242 0.131348 0.097656 0.098633