0 0.224121 0.312012 0.073242 0.073242
0 0.579590 0.925781 0.084961 0.085938
0 0.389648 0.929199 0.097656 0.098633
0 0.861328 0.878906 0.085938 0.085938
0 0.765625 0.933594 0.097656 0.097656
0 0.672852 0.894531 0.109375 0.111328
0 0.802734 0.169434 0.048828 0.049805
0 0.105957 0.355957 0.061523 0.061523
0 0.871094 0.386719 0.097656 0.097656
0 0.868652 0.476074 0.110352 0.110352
0 0.868164 0.597168 0.097656 0.098633
0 0.869629 0.692383 0.110352 0.111328
0 0.771484 0.640137 0.097656 0.098633
0 0.775391 0.520508 0.085938 0.085938
0 0.775391 0.421387 0.109375 0.110352
0 0.687500 0.357910 0.097656 0.098633
0 0.700195 0.502441 0.109375 0.110352
0 0.687500 0.598145 0.109375 0.110352
0 0.672852 0.701172 0.097656 0.097656
0 0.591797 0.651855 0.109375 0.110352
0 0.587891 0.533691 0.109375 0.110352
1 0.589355 0.435547 0.084961 0.085938
0 0.595703 0.066406 0.097656 0.097656
0 0.586914 0.313477 0.097656 0.097656
0 0.493652 0.269531 0.084961 0.085938
0 0.488281 0.377441 0.097656 0.098633
0 0.488281 0.478516 0.097656 0.097656
0 0.488281 0.594238 0.109375 0.110352
0 0.489746 0.691895 0.110352 0.110352
0 0.391602 0.649902 0.109375 0.110352
0 0.392578 0.535645 0.097656 0.098633
0 0.403320 0.419922 0.109375 0.111328
0 0.394531 0.318848 0.109375 0.110352
0 0.404785 0.193848 0.110352 0.110352
0 0.301270 0.265137 0.110352 0.110352
0 0.311523 0.377930 0.085938 0.085938
0 0.114258 0.052734 0.097656 0.097656
0 0.218750 0.190430 0.085938 0.085938
0 0.219727 0.436523 0.097656 0.097656
0 0.201660 0.536621 0.110352 0.110352
0 0.198730 0.622559 0.110352 0.110352
0 0.303711 0.631836 0.109375 0.111328
0 0.294922 0.487793 0.097656 0.098633
1 0.103027 0.446777 0.073242 0.073242
0 0.107422 0.552246 0.097656 0.098633
0 0.103027 0.660645 0.110352 0.110352