0 0.951660 0.438965 0.073242 0.073242
0 0.853027 0.270020 0.061523 0.061523
0 0.947754 0.315918 0.061523 0.061523
0 0.674316 0.271973 0.061523 0.061523
0 0.953125 0.762695 0.085938 0.085938
0 0.090820 0.271484 0.085938 0.085938
0 0.105957 0.388672 0.084961 0.085938
0 0.101562 0.496094 0.085938 0.085938
0 0.104980 0.597656 0.084961 0.085938
0 0.100098 0.708984 0.084961 0.085938
0 0.101074 0.822266 0.084961 0.085938
0 0.187500 0.331055 0.097656 0.097656
0 0.200195 0.438477 0.097656 0.097656
0 0.196289 0.550293 0.109375 0.110352
0 0.194336 0.655762 0.109375 0.110352
0 0.196289 0.770996 0.097656 0.098633
0 0.193848 0.879395 0.110352 0.110352
0 0.292480 0.384766 0.110352 0.111328
0 0.296387 0.494141 0.110352 0.111328
0 0.295898 0.605957 0.109375 0.110352
0 0.291992 0.708496 0.097656 0.098633
0 0.294922 0.824707 0.109375 0.110352
0 0.286621 0.274414 0.084961 0.085938
0 0.386719 0.331543 0.097656 0.098633
0 0.386719 0.437500 0.097656 0.097656
0 0.389648 0.545898 0.097656 0.097656
0 0.391113 0.654297 0.110352 0.111328
0 0.391602 0.764160 0.097656 0.098633
0 0.482422 0.283691 0.109375 0.110352
0 0.485352 0.389160 0.097656 0.098633
0 0.487305 0.492676 0.097656 0.098633
0 0.478516 0.605469 0.109375 0.111328
0 0.480957 0.709961 0.110352 0.111328
0 0.488770 0.806641 0.110352 0.111328
0 0.576172 0.328613 0.097656 0.098633
0 0.578125 0.432129 0.097656 0.098633
0 0.580078 0.547363 0.109375 0.110352
0 0.577148 0.654297 0.097656 0.097656
0 0.579102 0.768555 0.097656 0.097656
0 0.669922 0.385254 0.097656 0.098633
0 0.672852 0.490723 0.097656 0.098633
0 0.671387 0.602051 0.110352 0.110352
0 0.670898 0.709473 0.097656 0.098633
0 0.764648 0.324707 0.097656 0.098633
0 0.766602 0.439941 0.085938 0.086914
0 0.763184 0.550781 0.084961 0.085938
0 0.766113 0.658203 0.084961 0.085938
0 0.766113 0.766602 0.073242 0.074219
0 0.858398 0.383789 0.085938 0.085938
0 0.855469 0.494141 0.085938 0.085938
0 0.857910 0.603027 0.073242 0.073242
1 0.859863 0.714355 0.073242 0.073242
0 0.955078 0.558594 0.085938 0.085938
0 0.952148 0.658691 0.085938 0.086914
0 0.864258 0.815918 0.097656 0.098633
0 0.950195 0.879395 0.097656 0.098633
0 0.858398 0.928223 0.097656 0.098633
0 0.768555 0.873047 0.097656 0.097656
0 0.670898 0.822266 0.109375 0.111328
0 0.669922 0.933594 0.097656 0.097656
0 0.576172 0.875977 0.097656 0.097656
0 0.482910 0.935059 0.110352 0.110352
0 0.384766 0.876465 0.097656 0.098633
0 0.286133 0.937988 0.109375 0.110352
0 0.103516 0.933105 0.097656 0.098633