0 0.669922 0.488770 0.085938 0.086914
0 0.184082 0.652344 0.073242 0.074219
0 0.949707 0.213867 0.073242 0.074219
0 0.946289 0.430664 0.097656 0.097656
0 0.853516 0.147461 0.109375 0.111328
0 0.857422 0.248047 0.109375 0.111328
0 0.850586 0.367676 0.097656 0.098633
0 0.851074 0.484375 0.084961 0.085938
0 0.764648 0.084961 0.109375 0.111328
0 0.765137 0.192383 0.084961 0.085938
0 0.761719 0.317871 0.097656 0.098633
0 0.769531 0.427246 0.097656 0.098633
0 0.667480 0.160156 0.084961 0.085938
0 0.660645 0.279297 0.084961 0.085938
0 0.666992 0.382812 0.085938 0.085938
0 0.582520 0.106934 0.024414 0.024414
0 0.576172 0.225586 0.037109 0.037109
0 0.578613 0.331543 0.024414 0.024414
0 0.572754 0.444824 0.024414 0.024414
0 0.480957 0.253418 0.024414 0.024414
0 0.480957 0.363770 0.024414 0.024414
0 0.477051 0.479004 0.024414 0.024414
0 0.481445 0.134277 0.097656 0.098633
0 0.473145 0.588379 0.024414 0.024414
0 0.476074 0.670410 0.024414 0.024414
0 0.573730 0.531738 0.024414 0.024414
0 0.566895 0.639160 0.024414 0.024414
0 0.666992 0.669922 0.037109 0.037109
0 0.664062 0.587402 0.109375 0.110352
0 0.773438 0.531250 0.085938 0.085938
0 0.773926 0.640137 0.073242 0.073242
0 0.854492 0.590332 0.097656 0.098633
0 0.845215 0.705566 0.061523 0.061523
0 0.946289 0.536621 0.097656 0.098633
0 0.190430 0.219238 0.097656 0.098633
0 0.194336 0.322754 0.109375 0.110352
0 0.185547 0.433594 0.097656 0.097656
0 0.190430 0.544922 0.097656 0.097656
1 0.092773 0.274414 0.085938 0.085938
0 0.093750 0.387695 0.097656 0.097656
0 0.089355 0.492676 0.110352 0.110352
0 0.089844 0.602051 0.097656 0.098633
0 0.094727 0.877930 0.085938 0.085938
0 0.192871 0.829102 0.036133 0.037109
0 0.193359 0.927734 0.097656 0.097656
0 0.288574 0.886719 0.084961 0.085938
0 0.388672 0.833496 0.060547 0.061523
0 0.380859 0.931641 0.085938 0.085938
0 0.477539 0.881836 0.085938 0.085938
0 0.574707 0.840332 0.061523 0.061523
0 0.571289 0.934082 0.097656 0.098633
0 0.668945 0.883301 0.097656 0.098633
0 0.758789 0.850586 0.048828 0.048828
0 0.755859 0.936035 0.097656 0.098633
0 0.844238 0.883301 0.073242 0.073242