0 0.797363 0.099609 0.110352 0.111328
0 0.616211 0.096191 0.109375 0.110352
0 0.514648 0.147461 0.085938 0.085938
0 0.420410 0.091309 0.084961 0.086914
0 0.231445 0.087402 0.097656 0.098633
0 0.135254 0.142578 0.084961 0.085938
0 0.136230 0.257812 0.110352 0.111328
0 0.131836 0.367188 0.097656 0.097656
0 0.131836 0.478516 0.097656 0.097656
0 0.130371 0.585938 0.084961 0.085938
0 0.130859 0.699219 0.085938 0.085938
0 0.227539 0.202148 0.085938 0.085938
0 0.226562 0.314453 0.097656 0.097656
0 0.230957 0.423828 0.110352 0.111328
0 0.223145 0.534180 0.110352 0.111328
0 0.229004 0.640137 0.110352 0.110352
0 0.320801 0.145508 0.084961 0.085938
0 0.323242 0.254883 0.085938 0.085938
0 0.320312 0.366211 0.085938 0.085938
0 0.326172 0.467773 0.109375 0.111328
0 0.323242 0.577148 0.109375 0.111328
0 0.318848 0.700684 0.110352 0.110352
0 0.415527 0.201660 0.110352 0.110352
0 0.416504 0.314941 0.110352 0.110352
0 0.424805 0.418457 0.109375 0.110352
0 0.418945 0.528809 0.109375 0.110352
0 0.417969 0.643555 0.109375 0.111328
0 0.517090 0.249512 0.110352 0.110352
0 0.515137 0.364746 0.110352 0.110352
0 0.509766 0.473145 0.097656 0.098633
0 0.512207 0.583008 0.084961 0.085938
0 0.512695 0.696289 0.097656 0.097656
0 0.611328 0.208496 0.109375 0.110352
0 0.613281 0.308105 0.109375 0.110352
0 0.603516 0.420410 0.097656 0.098633
0 0.608887 0.532715 0.110352 0.110352
0 0.601074 0.639160 0.110352 0.110352
0 0.691895 0.151855 0.110352 0.110352
0 0.700195 0.268066 0.109375 0.110352
0 0.701172 0.376465 0.109375 0.110352
0 0.701172 0.479004 0.097656 0.098633
0 0.706055 0.595215 0.109375 0.110352
0 0.792480 0.212402 0.110352 0.110352
0 0.796387 0.316895 0.110352 0.110352
0 0.793457 0.428223 0.110352 0.110352
0 0.791992 0.539551 0.109375 0.110352
0 0.792969 0.648926 0.109375 0.110352
0 0.884766 0.146484 0.109375 0.111328
0 0.888672 0.258789 0.109375 0.111328
0 0.886719 0.368652 0.097656 0.098633
0 0.894043 0.480957 0.110352 0.110352
0 0.886230 0.588379 0.110352 0.110352
0 0.888184 0.706543 0.110352 0.110352
0 0.889648 0.814941 0.109375 0.110352
0 0.889648 0.932129 0.097656 0.098633
0 0.794922 0.756348 0.109375 0.110352
0 0.791016 0.865723 0.109375 0.110352
0 0.703613 0.705566 0.110352 0.110352
0 0.694824 0.802246 0.110352 0.110352
0 0.698242 0.914062 0.097656 0.097656
0 0.605957 0.755371 0.110352 0.110352
0 0.607910 0.872070 0.110352 0.111328
0 0.509766 0.808594 0.109375 0.111328
0 0.508789 0.928223 0.060547 0.061523
0 0.415039 0.752930 0.109375 0.111328
0 0.417969 0.862793 0.109375 0.110352
0 0.320801 0.809082 0.110352 0.110352
0 0.316895 0.908691 0.061523 0.061523
0 0.227051 0.758301 0.061523 0.061523
0 0.222168 0.866699 0.061523 0.061523
0 0.133789 0.808105 0.109375 0.110352
0 0.127930 0.933594 0.085938 0.085938