0 0.069824 0.092773 0.073242 0.074219
0 0.922363 0.551758 0.084961 0.085938
0 0.916016 0.665039 0.097656 0.097656
0 0.913086 0.768066 0.097656 0.098633
0 0.910156 0.881348 0.097656 0.098633
0 0.811035 0.925293 0.110352 0.110352
1 0.824219 0.817383 0.097656 0.097656
0 0.814941 0.710449 0.110352 0.110352
0 0.818848 0.601074 0.110352 0.110352
1 0.721680 0.555664 0.097656 0.097656
0 0.715820 0.659668 0.097656 0.098633
0 0.717773 0.769043 0.097656 0.098633
0 0.720703 0.874512 0.109375 0.110352
0 0.626465 0.607910 0.110352 0.110352
0 0.625977 0.715332 0.097656 0.098633
0 0.618164 0.826172 0.097656 0.097656
0 0.625000 0.937988 0.085938 0.086914
0 0.530762 0.551270 0.110352 0.110352
0 0.533203 0.654297 0.109375 0.111328
0 0.529297 0.769043 0.097656 0.098633
0 0.527832 0.885742 0.110352 0.111328
0 0.436523 0.727051 0.109375 0.110352
0 0.433594 0.815430 0.097656 0.097656
0 0.438965 0.901367 0.110352 0.111328
0 0.357910 0.537109 0.110352 0.111328
0 0.349609 0.637207 0.109375 0.110352
0 0.349609 0.781738 0.109375 0.110352
0 0.345703 0.871582 0.097656 0.098633
0 0.240234 0.595215 0.109375 0.110352
0 0.249023 0.823242 0.097656 0.097656
0 0.250000 0.929688 0.097656 0.097656
0 0.151367 0.552246 0.097656 0.098633
0 0.085938 0.786621 0.048828 0.049805
0 0.150879 0.645996 0.110352 0.110352
0 0.915039 0.443848 0.109375 0.110352
0 0.817871 0.491699 0.110352 0.110352
0 0.722656 0.449707 0.109375 0.110352
0 0.615234 0.492676 0.109375 0.110352
0 0.628906 0.161133 0.097656 0.097656
0 0.822754 0.061035 0.073242 0.073242
0 0.725586 0.115723 0.109375 0.110352
0 0.534180 0.104980 0.109375 0.110352
0 0.534180 0.232422 0.097656 0.097656
0 0.531250 0.431641 0.109375 0.111328
0 0.447266 0.285645 0.097656 0.098633
0 0.443848 0.173828 0.110352 0.111328
0 0.363281 0.086426 0.097656 0.098633
0 0.359375 0.226074 0.109375 0.110352
0 0.363281 0.337402 0.109375 0.110352
0 0.349121 0.444336 0.110352 0.111328
0 0.248047 0.487305 0.109375 0.111328
0 0.249512 0.381836 0.110352 0.111328
0 0.249512 0.265625 0.084961 0.085938
0 0.072754 0.169922 0.084961 0.085938
0 0.072266 0.270996 0.097656 0.098633
0 0.169922 0.435059 0.097656 0.098633