0 0.229004 0.061523 0.073242 0.074219
0 0.596191 0.065918 0.073242 0.073242
0 0.593262 0.168945 0.073242 0.074219
0 0.699707 0.376953 0.073242 0.074219
0 0.870117 0.879395 0.109375 0.110352
0 0.781250 0.836426 0.097656 0.098633
0 0.780762 0.930176 0.110352 0.110352
0 0.506836 0.871094 0.085938 0.085938
0 0.407227 0.825684 0.109375 0.110352
0 0.310547 0.890625 0.097656 0.097656
0 0.222656 0.825684 0.109375 0.110352
0 0.125488 0.882812 0.110352 0.111328
0 0.877930 0.771484 0.109375 0.111328
0 0.879395 0.666016 0.110352 0.111328
0 0.879395 0.549805 0.084961 0.085938
0 0.884766 0.327637 0.097656 0.098633
0 0.887695 0.227539 0.109375 0.111328
0 0.881348 0.120605 0.110352 0.110352
0 0.408203 0.155273 0.085938 0.085938
0 0.519531 0.097168 0.085938 0.086914
0 0.518066 0.208984 0.084961 0.085938
0 0.587891 0.259766 0.085938 0.085938
0 0.511230 0.353516 0.084961 0.085938
0 0.598145 0.409180 0.084961 0.085938
0 0.702637 0.454102 0.084961 0.085938
0 0.601562 0.807617 0.085938 0.085938
0 0.504395 0.764160 0.110352 0.110352
0 0.508789 0.659180 0.097656 0.097656
0 0.512695 0.565430 0.097656 0.097656
0 0.702148 0.555176 0.097656 0.098633
0 0.596680 0.614746 0.097656 0.098633
0 0.599121 0.717773 0.084961 0.085938
0 0.512695 0.464844 0.085938 0.085938
0 0.594238 0.501953 0.084961 0.085938
0 0.414551 0.288574 0.110352 0.110352
0 0.412109 0.379395 0.109375 0.110352
0 0.407715 0.506836 0.110352 0.111328
0 0.411621 0.602051 0.110352 0.110352
0 0.417969 0.726562 0.109375 0.111328
0 0.321289 0.666504 0.109375 0.110352
0 0.321289 0.560059 0.109375 0.110352
0 0.317383 0.450684 0.109375 0.110352
0 0.228516 0.294922 0.085938 0.085938
0 0.228516 0.393555 0.085938 0.085938
0 0.222656 0.510254 0.097656 0.098633
0 0.221680 0.613281 0.097656 0.097656
0 0.126465 0.117676 0.110352 0.110352
0 0.129883 0.635742 0.085938 0.085938
0 0.127441 0.528320 0.084961 0.085938
0 0.135254 0.433594 0.084961 0.085938
0 0.127441 0.338867 0.084961 0.085938
0 0.131836 0.228516 0.085938 0.085938
0 0.317871 0.103516 0.084961 0.085938
0 0.316406 0.229492 0.085938 0.085938
0 0.314941 0.339844 0.084961 0.085938
0 0.230957 0.174805 0.084961 0.085938
0 0.125977 0.784668 0.097656 0.098633
0 0.799805 0.719238 0.097656 0.098633