1 0.574219 0.764648 0.085938 0.085938
1 0.196777 0.958496 0.061523 0.061523
0 0.490234 0.931641 0.085938 0.085938
0 0.856445 0.404297 0.085938 0.085938
0 0.858887 0.594727 0.084961 0.085938
0 0.767578 0.318848 0.109375 0.110352
0 0.766113 0.426758 0.084961 0.085938
0 0.765625 0.755859 0.085938 0.085938
0 0.763184 0.859863 0.110352 0.110352
0 0.865234 0.927734 0.097656 0.097656
0 0.864258 0.806641 0.097656 0.097656
0 0.857422 0.694824 0.085938 0.086914
0 0.672852 0.372070 0.085938 0.085938
0 0.672852 0.479980 0.097656 0.098633
0 0.668945 0.569824 0.097656 0.098633
0 0.669922 0.804199 0.097656 0.098633
0 0.669922 0.911621 0.097656 0.098633
0 0.583008 0.305664 0.097656 0.097656
0 0.578125 0.431641 0.097656 0.097656
0 0.576172 0.526855 0.097656 0.098633
0 0.577148 0.633301 0.097656 0.098633
0 0.570312 0.864746 0.097656 0.098633
0 0.485352 0.682617 0.085938 0.085938
0 0.489258 0.577148 0.085938 0.085938
0 0.486816 0.471680 0.084961 0.085938
0 0.486816 0.369141 0.084961 0.085938
0 0.394043 0.309082 0.110352 0.110352
0 0.390137 0.425293 0.110352 0.110352
0 0.383301 0.538574 0.110352 0.110352
0 0.381836 0.651367 0.109375 0.111328
0 0.385742 0.752930 0.109375 0.111328
0 0.290039 0.808594 0.109375 0.111328
0 0.297852 0.699707 0.109375 0.110352
0 0.297852 0.575684 0.109375 0.110352
0 0.298340 0.483398 0.110352 0.111328
0 0.304688 0.355957 0.109375 0.110352
0 0.194824 0.312988 0.110352 0.110352
0 0.192383 0.415527 0.109375 0.110352
0 0.200195 0.532715 0.097656 0.098633
0 0.200195 0.642090 0.097656 0.098633
0 0.202148 0.748535 0.097656 0.098633
0 0.202148 0.832031 0.097656 0.097656
0 0.099609 0.786621 0.097656 0.098633
0 0.112305 0.364746 0.109375 0.110352
0 0.109375 0.501465 0.109375 0.110352
0 0.101562 0.583008 0.085938 0.085938
0 0.109375 0.685059 0.109375 0.110352
0 0.864746 0.144531 0.084961 0.085938
0 0.860840 0.257812 0.084961 0.085938
0 0.765137 0.097168 0.110352 0.110352
0 0.771484 0.207520 0.109375 0.110352
0 0.683594 0.259766 0.109375 0.111328
0 0.674805 0.141113 0.109375 0.110352
0 0.586914 0.093262 0.109375 0.110352
0 0.576172 0.211426 0.109375 0.110352
0 0.489746 0.259766 0.084961 0.085938
0 0.489746 0.138672 0.084961 0.085938
0 0.386719 0.085449 0.109375 0.110352
0 0.391602 0.192871 0.109375 0.110352
0 0.295898 0.246582 0.109375 0.110352
0 0.294922 0.157715 0.109375 0.110352
0 0.206055 0.095215 0.097656 0.098633
0 0.204102 0.203613 0.109375 0.110352
0 0.111328 0.250000 0.109375 0.111328
0 0.104492 0.138184 0.097656 0.098633