0 0.865723 0.851562 0.110352 0.111328
0 0.773926 0.900879 0.110352 0.110352
0 0.771484 0.804199 0.109375 0.110352
0 0.679688 0.840820 0.109375 0.111328
0 0.675781 0.947754 0.097656 0.098633
0 0.580078 0.890137 0.097656 0.098633
0 0.585449 0.784668 0.110352 0.110352
0 0.485840 0.844238 0.110352 0.110352
0 0.399414 0.781738 0.109375 0.110352
0 0.392578 0.890137 0.109375 0.110352
0 0.293457 0.840332 0.110352 0.110352
0 0.294434 0.941895 0.110352 0.110352
0 0.193848 0.897949 0.110352 0.110352
0 0.197266 0.788574 0.097656 0.098633
0 0.103516 0.833496 0.109375 0.110352
0 0.109863 0.942871 0.110352 0.110352
0 0.881836 0.079590 0.109375 0.110352
0 0.879395 0.198242 0.110352 0.111328
0 0.870117 0.313965 0.109375 0.110352
0 0.877930 0.423340 0.109375 0.110352
0 0.867188 0.531250 0.109375 0.111328
0 0.771973 0.154785 0.110352 0.110352
0 0.774414 0.259277 0.109375 0.110352
0 0.778320 0.359375 0.097656 0.097656
0 0.779297 0.474121 0.097656 0.098633
0 0.774414 0.587891 0.085938 0.085938
0 0.684570 0.091309 0.097656 0.098633
0 0.686523 0.205566 0.097656 0.098633
0 0.682617 0.313965 0.097656 0.098633
0 0.687988 0.420410 0.084961 0.086914
0 0.686523 0.526855 0.109375 0.110352
0 0.589844 0.139160 0.097656 0.098633
0 0.588867 0.255371 0.097656 0.098633
0 0.585938 0.361816 0.097656 0.098633
0 0.590820 0.481445 0.097656 0.097656
0 0.585449 0.587891 0.084961 0.085938
0 0.491699 0.094727 0.084961 0.085938
0 0.491699 0.232422 0.084961 0.085938
0 0.488770 0.318359 0.084961 0.085938
0 0.490234 0.421387 0.109375 0.110352
0 0.496582 0.536133 0.122070 0.123047
0 0.398438 0.145508 0.097656 0.097656
0 0.406250 0.260254 0.097656 0.098633
0 0.396973 0.370605 0.110352 0.110352
0 0.396973 0.469238 0.110352 0.110352
0 0.393066 0.573730 0.110352 0.110352
0 0.301758 0.097168 0.097656 0.098633
0 0.306641 0.194824 0.097656 0.098633
0 0.304199 0.313477 0.084961 0.085938
0 0.302734 0.421387 0.097656 0.098633
0 0.303711 0.522949 0.109375 0.110352
0 0.207031 0.146973 0.097656 0.098633
0 0.203125 0.262695 0.085938 0.085938
0 0.206055 0.367676 0.097656 0.098633
0 0.207031 0.466797 0.097656 0.097656
0 0.200195 0.567871 0.109375 0.110352
0 0.107422 0.517090 0.109375 0.110352
0 0.104980 0.414551 0.110352 0.110352
0 0.107422 0.302734 0.109375 0.111328
0 0.107910 0.190918 0.110352 0.110352
1 0.121094 0.083008 0.097656 0.097656