0 0.095703 0.125488 0.097656 0.098633
0 0.097656 0.238770 0.097656 0.098633
0 0.094727 0.352051 0.097656 0.098633
0 0.095215 0.466309 0.122070 0.122070
0 0.193359 0.071289 0.097656 0.097656
0 0.192383 0.180176 0.109375 0.110352
0 0.189941 0.300781 0.122070 0.123047
0 0.195312 0.410645 0.109375 0.110352
0 0.189453 0.520020 0.097656 0.098633
0 0.286133 0.127930 0.097656 0.097656
0 0.284668 0.244141 0.110352 0.111328
0 0.280762 0.356445 0.122070 0.123047
0 0.283203 0.458496 0.109375 0.110352
0 0.380859 0.075195 0.085938 0.085938
0 0.382324 0.186523 0.110352 0.111328
0 0.374512 0.299805 0.122070 0.123047
0 0.374512 0.407715 0.110352 0.110352
0 0.469727 0.135254 0.097656 0.098633
0 0.479492 0.245605 0.109375 0.110352
0 0.477051 0.357422 0.122070 0.123047
0 0.476074 0.469238 0.061523 0.061523
0 0.379395 0.521973 0.110352 0.110352
0 0.571289 0.077637 0.097656 0.098633
0 0.575684 0.192383 0.122070 0.123047
0 0.568359 0.301270 0.109375 0.110352
0 0.571777 0.416016 0.122070 0.123047
0 0.574219 0.522461 0.109375 0.111328
0 0.664551 0.136230 0.110352 0.110352
0 0.656738 0.240234 0.122070 0.123047
0 0.665527 0.362793 0.110352 0.110352
0 0.666504 0.465820 0.122070 0.123047
0 0.755859 0.079590 0.097656 0.098633
0 0.755371 0.194824 0.122070 0.122070
0 0.759277 0.300781 0.122070 0.123047
0 0.758301 0.417480 0.110352 0.110352
0 0.754395 0.520508 0.122070 0.123047
0 0.848633 0.139160 0.109375 0.110352
0 0.849609 0.248535 0.109375 0.110352
0 0.849609 0.356445 0.085938 0.085938
0 0.854980 0.470215 0.110352 0.110352
0 0.950195 0.308105 0.097656 0.098633
0 0.947266 0.744629 0.097656 0.098633
0 0.945801 0.855957 0.096680 0.098633
0 0.843262 0.575684 0.110352 0.110352
0 0.851562 0.687012 0.097656 0.098633
0 0.849609 0.795410 0.097656 0.098633
0 0.844727 0.908203 0.097656 0.097656
0 0.754883 0.632324 0.097656 0.098633
0 0.756836 0.738281 0.097656 0.097656
0 0.755859 0.846680 0.097656 0.097656
0 0.662598 0.577148 0.122070 0.123047
0 0.662109 0.688477 0.097656 0.097656
0 0.662109 0.795898 0.097656 0.097656
0 0.664062 0.905273 0.097656 0.097656
0 0.564453 0.633789 0.097656 0.097656
0 0.571289 0.744141 0.097656 0.097656
0 0.562012 0.847656 0.084961 0.085938
0 0.562012 0.956055 0.084961 0.085938
0 0.479004 0.572266 0.110352 0.111328
0 0.474609 0.687500 0.097656 0.097656
0 0.473145 0.788086 0.073242 0.074219
0 0.470703 0.903809 0.097656 0.098633
0 0.377930 0.633301 0.109375 0.110352
0 0.377930 0.738770 0.097656 0.098633
0 0.374023 0.845703 0.085938 0.085938
0 0.285156 0.568848 0.109375 0.110352
0 0.289551 0.683105 0.110352 0.110352
0 0.286621 0.793457 0.110352 0.110352
0 0.285645 0.896973 0.122070 0.122070
0 0.193359 0.631348 0.097656 0.098633
0 0.187500 0.739746 0.097656 0.098633
0 0.190430 0.850098 0.097656 0.098633
0 0.193359 0.947754 0.097656 0.098633
0 0.103516 0.569824 0.097656 0.098633
0 0.094727 0.681152 0.085938 0.086914
0 0.091797 0.790039 0.085938 0.085938
0 0.094727 0.900879 0.097656 0.098633