0 0.793457 0.052246 0.073242 0.073242
0 0.497559 0.325195 0.073242 0.074219
0 0.690918 0.101562 0.073242 0.074219
0 0.778809 0.247559 0.073242 0.073242
0 0.597168 0.154785 0.073242 0.073242
0 0.864746 0.329590 0.073242 0.073242
0 0.861816 0.432617 0.073242 0.074219
0 0.295410 0.837891 0.073242 0.074219
0 0.688477 0.305664 0.085938 0.085938
0 0.676758 0.418945 0.085938 0.085938
0 0.788086 0.360840 0.085938 0.086914
0 0.786621 0.472656 0.084961 0.085938
0 0.856445 0.523438 0.085938 0.085938
0 0.779785 0.617188 0.084961 0.085938
0 0.866699 0.672852 0.084961 0.085938
0 0.777344 0.922852 0.097656 0.097656
0 0.781250 0.829102 0.097656 0.097656
0 0.865234 0.878418 0.097656 0.098633
0 0.781250 0.728516 0.085938 0.085938
0 0.862793 0.765625 0.084961 0.085938
0 0.683105 0.552246 0.110352 0.110352
0 0.680664 0.643066 0.109375 0.110352
0 0.676270 0.770508 0.110352 0.111328
0 0.680176 0.865723 0.110352 0.110352
0 0.589844 0.930176 0.109375 0.110352
0 0.589844 0.823730 0.109375 0.110352
0 0.585938 0.714355 0.109375 0.110352
0 0.497070 0.558594 0.085938 0.085938
0 0.497070 0.657227 0.085938 0.085938
0 0.491211 0.773926 0.097656 0.098633
0 0.490234 0.876953 0.097656 0.097656
0 0.397461 0.265137 0.097656 0.098633
0 0.395020 0.381348 0.110352 0.110352
0 0.296875 0.428223 0.097656 0.098633
0 0.306152 0.319824 0.110352 0.110352
0 0.208008 0.362793 0.109375 0.110352
0 0.120117 0.310547 0.085938 0.085938
0 0.109375 0.415039 0.085938 0.085938
0 0.113281 0.540039 0.085938 0.085938
0 0.106445 0.639648 0.085938 0.085938
0 0.112793 0.771484 0.084961 0.085938
0 0.220215 0.788086 0.084961 0.085938
0 0.216309 0.705078 0.084961 0.085938
0 0.206055 0.588867 0.085938 0.085938
0 0.207520 0.474609 0.084961 0.085938
0 0.301758 0.544922 0.085938 0.085938
0 0.299316 0.666992 0.084961 0.085938
0 0.300293 0.749023 0.084961 0.085938
0 0.398438 0.899414 0.085938 0.085938
0 0.395996 0.791992 0.084961 0.085938
0 0.403809 0.697266 0.084961 0.085938
0 0.395996 0.602539 0.084961 0.085938
0 0.400391 0.492188 0.085938 0.085938
0 0.586426 0.367188 0.084961 0.085938
0 0.584961 0.493164 0.085938 0.085938
0 0.583496 0.603516 0.084961 0.085938
0 0.499512 0.438477 0.084961 0.085938
0 0.793457 0.145996 0.073242 0.073242
0 0.688965 0.210938 0.073242 0.074219
0 0.121582 0.194824 0.110352 0.110352
0 0.120117 0.086426 0.109375 0.110352
0 0.210938 0.143066 0.097656 0.098633
0 0.311523 0.208008 0.109375 0.111328
0 0.211914 0.254883 0.085938 0.085938
0 0.307617 0.083008 0.085938 0.085938
0 0.396484 0.151855 0.109375 0.110352
0 0.496094 0.212891 0.085938 0.085938
0 0.502930 0.097656 0.085938 0.085938
0 0.872070 0.216797 0.085938 0.085938