0 0.207031 0.115723 0.109375 0.110352
0 0.882812 0.060059 0.097656 0.098633
0 0.879883 0.171387 0.097656 0.098633
0 0.775879 0.113770 0.110352 0.110352
0 0.684082 0.068848 0.110352 0.110352
0 0.683594 0.177734 0.109375 0.111328
0 0.590820 0.124023 0.097656 0.097656
0 0.497070 0.063477 0.109375 0.111328
0 0.491699 0.163086 0.110352 0.111328
0 0.398926 0.114746 0.110352 0.110352
0 0.307617 0.062988 0.109375 0.110352
0 0.111328 0.060059 0.109375 0.110352
0 0.114258 0.173340 0.048828 0.049805
0 0.206055 0.228027 0.048828 0.049805
0 0.300781 0.166016 0.048828 0.048828
0 0.111328 0.285645 0.109375 0.110352
0 0.208008 0.334961 0.109375 0.111328
0 0.310547 0.393555 0.085938 0.085938
0 0.304199 0.281250 0.084961 0.085938
0 0.400879 0.232422 0.084961 0.085938
0 0.397949 0.338867 0.084961 0.085938
0 0.405273 0.446289 0.097656 0.097656
0 0.400391 0.550781 0.097656 0.097656
0 0.395508 0.667480 0.097656 0.098633
0 0.494629 0.280762 0.073242 0.073242
0 0.497559 0.392578 0.084961 0.085938
0 0.496582 0.609375 0.073242 0.074219
0 0.583008 0.227051 0.097656 0.098633
0 0.588867 0.336426 0.097656 0.098633
0 0.583984 0.451660 0.097656 0.098633
0 0.593750 0.562500 0.097656 0.097656
0 0.595703 0.672852 0.097656 0.097656
0 0.686035 0.281738 0.110352 0.110352
0 0.687012 0.395996 0.110352 0.110352
0 0.681641 0.502441 0.109375 0.110352
0 0.680664 0.620605 0.109375 0.110352
0 0.681641 0.728516 0.109375 0.111328
0 0.780762 0.230957 0.110352 0.110352
0 0.777832 0.342285 0.110352 0.110352
0 0.771973 0.450684 0.110352 0.110352
0 0.779785 0.562988 0.110352 0.110352
0 0.781250 0.671387 0.109375 0.110352
0 0.881836 0.283691 0.109375 0.110352
0 0.881836 0.392090 0.097656 0.098633
0 0.877441 0.504395 0.110352 0.110352
0 0.880371 0.615723 0.110352 0.110352
0 0.879395 0.730957 0.110352 0.110352
1 0.870605 0.838379 0.110352 0.110352
0 0.869629 0.960938 0.073242 0.074219
0 0.770508 0.783691 0.109375 0.110352
0 0.773438 0.894531 0.109375 0.111328
0 0.684570 0.832031 0.109375 0.111328
0 0.685059 0.939453 0.084961 0.085938
0 0.584473 0.798828 0.110352 0.111328
0 0.587402 0.907227 0.084961 0.085938
0 0.495605 0.740234 0.084961 0.085938
0 0.502441 0.854004 0.024414 0.024414
0 0.496094 0.972656 0.037109 0.037109
0 0.403320 0.775879 0.097656 0.098633
0 0.401367 0.881348 0.097656 0.098633