0 0.197754 0.546387 0.073242 0.073242
0 0.198730 0.438477 0.084961 0.085938
0 0.123535 0.932617 0.084961 0.085938
0 0.774414 0.647949 0.060547 0.061523
0 0.406250 0.449707 0.060547 0.061523
0 0.672363 0.492188 0.073242 0.074219
0 0.122070 0.485840 0.097656 0.098633
0 0.122070 0.602539 0.097656 0.097656
0 0.122559 0.716797 0.073242 0.074219
0 0.117676 0.818359 0.073242 0.074219
0 0.222168 0.651367 0.073242 0.074219
0 0.216797 0.765625 0.097656 0.097656
0 0.219727 0.876953 0.097656 0.097656
0 0.308105 0.484863 0.084961 0.086914
0 0.312012 0.598145 0.110352 0.110352
0 0.316895 0.714355 0.110352 0.110352
0 0.311035 0.820801 0.110352 0.110352
0 0.310547 0.936523 0.109375 0.111328
0 0.413574 0.541504 0.122070 0.122070
0 0.416016 0.656738 0.097656 0.098633
0 0.406250 0.769043 0.097656 0.098633
0 0.406250 0.887207 0.097656 0.098633
0 0.497070 0.498047 0.085938 0.085938
0 0.501953 0.604004 0.097656 0.098633
0 0.494141 0.717285 0.097656 0.098633
0 0.498047 0.825195 0.085938 0.085938
0 0.507812 0.935059 0.097656 0.098633
0 0.585449 0.550781 0.084961 0.085938
0 0.587402 0.672852 0.084961 0.085938
0 0.591797 0.771973 0.085938 0.086914
0 0.591797 0.880859 0.085938 0.085938
0 0.673340 0.616211 0.084961 0.085938
0 0.671387 0.726562 0.084961 0.085938
0 0.671387 0.826172 0.084961 0.085938
0 0.665527 0.941406 0.084961 0.085938
0 0.778320 0.553711 0.048828 0.048828
0 0.770508 0.758789 0.085938 0.085938
0 0.770020 0.875000 0.084961 0.085938
0 0.764648 0.964355 0.048828 0.049805
0 0.873047 0.602539 0.060547 0.060547