0 0.686035 0.082031 0.073242 0.074219
0 0.110840 0.091797 0.084961 0.085938
0 0.112305 0.190918 0.097656 0.098633
0 0.117188 0.297363 0.097656 0.098633
0 0.121094 0.411621 0.097656 0.098633
0 0.114258 0.520996 0.097656 0.098633
0 0.116699 0.635742 0.084961 0.085938
0 0.201172 0.141113 0.109375 0.110352
0 0.207520 0.241699 0.110352 0.110352
0 0.204590 0.352051 0.110352 0.110352
0 0.210938 0.459961 0.109375 0.111328
0 0.203125 0.583496 0.097656 0.098633
0 0.295898 0.532715 0.097656 0.098633
0 0.299316 0.410645 0.084961 0.086914
0 0.301758 0.307617 0.085938 0.085938
0 0.305664 0.186523 0.085938 0.085938
0 0.304688 0.075195 0.097656 0.097656
0 0.392578 0.132812 0.085938 0.085938
0 0.400391 0.236328 0.097656 0.097656
0 0.398438 0.349609 0.097656 0.097656
0 0.399902 0.458008 0.084961 0.085938
0 0.386719 0.582520 0.097656 0.098633
0 0.295898 0.627930 0.097656 0.097656
0 0.494141 0.633301 0.109375 0.110352
0 0.500488 0.509766 0.110352 0.111328
0 0.494141 0.404297 0.097656 0.097656
0 0.500977 0.293945 0.097656 0.097656
0 0.500000 0.188477 0.097656 0.097656
0 0.497070 0.073730 0.097656 0.098633
0 0.590332 0.137695 0.110352 0.111328
0 0.592773 0.248535 0.097656 0.098633
0 0.594727 0.354980 0.097656 0.098633
0 0.595215 0.452637 0.110352 0.110352
0 0.592285 0.556641 0.110352 0.111328
0 0.690430 0.512695 0.097656 0.097656
0 0.680176 0.407227 0.084961 0.085938
0 0.690430 0.291504 0.097656 0.098633
0 0.689453 0.188477 0.097656 0.097656
0 0.788086 0.117188 0.097656 0.097656
0 0.781250 0.230469 0.097656 0.097656
0 0.777344 0.335449 0.097656 0.098633
0 0.781250 0.446289 0.097656 0.097656
0 0.778320 0.547852 0.085938 0.085938
0 0.682617 0.630859 0.097656 0.097656
0 0.875000 0.600098 0.097656 0.098633
0 0.870117 0.397949 0.097656 0.098633
0 0.873047 0.275879 0.097656 0.098633
0 0.880859 0.170410 0.097656 0.098633
0 0.876953 0.707031 0.097656 0.097656
0 0.876953 0.818359 0.097656 0.097656
0 0.870117 0.928711 0.085938 0.085938
0 0.774414 0.891602 0.085938 0.085938
0 0.782227 0.770508 0.097656 0.097656
0 0.774414 0.664062 0.097656 0.097656
0 0.685547 0.735352 0.097656 0.097656
0 0.679688 0.831543 0.097656 0.098633
0 0.584473 0.897949 0.110352 0.110352
0 0.597168 0.784668 0.110352 0.110352
0 0.588379 0.673340 0.110352 0.110352
0 0.501953 0.739746 0.097656 0.098633
0 0.487305 0.851074 0.109375 0.110352
0 0.396484 0.903809 0.097656 0.098633
0 0.402344 0.795410 0.097656 0.098633
0 0.398438 0.686523 0.085938 0.085938
0 0.304688 0.735840 0.097656 0.098633
0 0.301758 0.854980 0.097656 0.098633
0 0.302246 0.953125 0.084961 0.085938
0 0.208008 0.884277 0.109375 0.110352
0 0.211426 0.793457 0.110352 0.110352
0 0.206055 0.685059 0.097656 0.098633
0 0.115234 0.728027 0.097656 0.098633
0 0.120117 0.824219 0.097656 0.097656