0 0.839844 0.222656 0.085938 0.085938
0 0.081055 0.115723 0.109375 0.110352
0 0.083008 0.230957 0.097656 0.098633
0 0.080566 0.339355 0.110352 0.110352
0 0.182617 0.065918 0.109375 0.110352
0 0.178711 0.168457 0.097656 0.098633
0 0.181641 0.284668 0.109375 0.110352
0 0.277832 0.114258 0.110352 0.111328
0 0.278320 0.224121 0.097656 0.098633
0 0.365234 0.065430 0.109375 0.111328
0 0.367676 0.169922 0.110352 0.111328
0 0.375488 0.266602 0.110352 0.111328
0 0.463867 0.114258 0.097656 0.097656
0 0.465820 0.228516 0.097656 0.097656
0 0.558105 0.062012 0.110352 0.110352
0 0.557617 0.169434 0.097656 0.098633
0 0.652832 0.118164 0.084961 0.085938
0 0.652832 0.226562 0.073242 0.074219
0 0.744629 0.062988 0.073242 0.073242
1 0.746582 0.174316 0.073242 0.073242
0 0.838867 0.118652 0.085938 0.086914
0 0.934082 0.062500 0.084961 0.085938
0 0.935059 0.169922 0.084961 0.085938
0 0.938477 0.281738 0.085938 0.086914
0 0.750977 0.275879 0.097656 0.098633
0 0.933594 0.392578 0.085938 0.085938
0 0.929688 0.504395 0.097656 0.098633
0 0.932617 0.612305 0.085938 0.085938
0 0.932617 0.718750 0.097656 0.097656
0 0.836914 0.339355 0.097656 0.098633
0 0.836914 0.446777 0.097656 0.098633
0 0.839355 0.561523 0.084961 0.085938
0 0.842285 0.669922 0.084961 0.085938
0 0.840820 0.774414 0.097656 0.097656
0 0.745117 0.388184 0.097656 0.098633
0 0.748047 0.500977 0.097656 0.097656
0 0.744629 0.620117 0.084961 0.085938
0 0.743164 0.722656 0.097656 0.097656
0 0.655273 0.333008 0.097656 0.097656
0 0.652344 0.453125 0.085938 0.085938
0 0.654785 0.561523 0.073242 0.074219
0 0.652832 0.669922 0.073242 0.074219
0 0.645020 0.781738 0.073242 0.073242
0 0.557617 0.282227 0.109375 0.111328
0 0.556641 0.393555 0.097656 0.097656
0 0.560547 0.506836 0.097656 0.097656
0 0.561035 0.612305 0.084961 0.085938
0 0.562500 0.721191 0.097656 0.098633
0 0.462891 0.335938 0.097656 0.097656
0 0.462891 0.446777 0.097656 0.098633
0 0.465332 0.557617 0.084961 0.085938
0 0.463867 0.669434 0.097656 0.098633
0 0.463867 0.783691 0.097656 0.098633
0 0.369629 0.395020 0.110352 0.110352
0 0.371582 0.502441 0.110352 0.110352
0 0.368164 0.613281 0.085938 0.085938
0 0.370117 0.722168 0.097656 0.098633
0 0.271484 0.336426 0.097656 0.098633
0 0.268555 0.445801 0.097656 0.098633
0 0.277344 0.559082 0.097656 0.098633
0 0.278320 0.666504 0.097656 0.098633
0 0.275391 0.777832 0.097656 0.098633
0 0.172852 0.397949 0.109375 0.110352
0 0.171875 0.510254 0.109375 0.110352
0 0.175293 0.612793 0.110352 0.110352
0 0.171387 0.720215 0.110352 0.110352
0 0.082520 0.450684 0.110352 0.110352
0 0.073730 0.561035 0.110352 0.110352
0 0.079590 0.675293 0.110352 0.110352
0 0.079102 0.784180 0.109375 0.111328
0 0.081543 0.888184 0.110352 0.110352
0 0.176270 0.837402 0.110352 0.110352
0 0.277344 0.890137 0.109375 0.110352
0 0.370117 0.830566 0.109375 0.110352
0 0.464844 0.884766 0.097656 0.097656
0 0.558105 0.835938 0.073242 0.074219
0 0.560547 0.943359 0.097656 0.097656
0 0.649902 0.887695 0.073242 0.074219
0 0.748047 0.830566 0.097656 0.098633
0 0.744141 0.944336 0.085938 0.085938
0 0.840820 0.882324 0.097656 0.098633
0 0.934570 0.833496 0.085938 0.086914
0 0.934570 0.940918 0.097656 0.098633