0 0.215332 0.132324 0.073242 0.073242
1 0.497070 0.729980 0.085938 0.086914
0 0.114746 0.069824 0.073242 0.073242
0 0.120605 0.196777 0.073242 0.073242
0 0.121094 0.296387 0.109375 0.110352
0 0.123047 0.408691 0.109375 0.110352
0 0.215332 0.243164 0.084961 0.085938
0 0.213379 0.354980 0.110352 0.110352
0 0.211426 0.467773 0.122070 0.123047
0 0.313965 0.072266 0.122070 0.123047
0 0.316406 0.185059 0.109375 0.110352
0 0.303711 0.298340 0.109375 0.110352
0 0.307129 0.407715 0.110352 0.110352
0 0.406738 0.140625 0.122070 0.123047
0 0.413086 0.236816 0.109375 0.110352
0 0.417969 0.353027 0.109375 0.110352
0 0.411133 0.460449 0.109375 0.110352
0 0.501465 0.075195 0.122070 0.123047
0 0.513672 0.289062 0.085938 0.085938
0 0.497070 0.406738 0.109375 0.110352
0 0.602051 0.132812 0.122070 0.123047
0 0.602051 0.242188 0.110352 0.111328
0 0.600098 0.344238 0.110352 0.110352
0 0.593262 0.459473 0.110352 0.110352
0 0.689453 0.068848 0.109375 0.110352
0 0.694336 0.181641 0.109375 0.111328
0 0.693848 0.293945 0.122070 0.123047
0 0.691895 0.408691 0.110352 0.110352
0 0.789551 0.126465 0.110352 0.110352
0 0.792480 0.237305 0.122070 0.123047
0 0.791504 0.349609 0.122070 0.123047
0 0.796875 0.454102 0.109375 0.111328
0 0.885742 0.071777 0.097656 0.098633
0 0.884766 0.184082 0.097656 0.098633
0 0.891602 0.277344 0.097656 0.097656
0 0.885254 0.404297 0.122070 0.123047
0 0.890625 0.502930 0.097656 0.097656
0 0.881836 0.621094 0.097656 0.097656
0 0.894043 0.720703 0.110352 0.111328
0 0.895020 0.841797 0.122070 0.123047
0 0.893066 0.941895 0.110352 0.110352
0 0.791016 0.568359 0.097656 0.097656
0 0.799316 0.676270 0.110352 0.110352
0 0.792480 0.886230 0.110352 0.110352
0 0.691895 0.520508 0.110352 0.111328
0 0.691895 0.626465 0.110352 0.110352
0 0.695801 0.725098 0.110352 0.110352
0 0.692871 0.829590 0.073242 0.073242
0 0.693848 0.926270 0.073242 0.073242
0 0.598633 0.567871 0.109375 0.110352
0 0.597656 0.679199 0.109375 0.110352
0 0.500977 0.520020 0.109375 0.110352
0 0.503906 0.632812 0.085938 0.085938
0 0.406738 0.563965 0.110352 0.110352
0 0.402832 0.674316 0.110352 0.110352
0 0.407227 0.785645 0.097656 0.098633
0 0.303223 0.517090 0.110352 0.110352
0 0.314453 0.746582 0.097656 0.098633
0 0.305664 0.842773 0.097656 0.097656
0 0.209961 0.568848 0.109375 0.110352
0 0.209473 0.684570 0.122070 0.123047
0 0.214355 0.784180 0.122070 0.123047
0 0.121094 0.521973 0.109375 0.110352
0 0.115723 0.625977 0.122070 0.123047
0 0.112793 0.732422 0.122070 0.123047
0 0.109863 0.846680 0.122070 0.123047