0 0.897461 0.075684 0.097656 0.098633
0 0.899902 0.186523 0.084961 0.085938
0 0.898438 0.298340 0.097656 0.098633
0 0.898438 0.412598 0.097656 0.098633
0 0.806152 0.131348 0.110352 0.110352
0 0.802734 0.242188 0.085938 0.085938
0 0.804688 0.351074 0.097656 0.098633
0 0.703125 0.074707 0.097656 0.098633
0 0.711914 0.187988 0.097656 0.098633
0 0.712891 0.295410 0.097656 0.098633
0 0.709961 0.406738 0.097656 0.098633
0 0.606445 0.139160 0.109375 0.110352
0 0.609863 0.241699 0.110352 0.110352
0 0.605957 0.349121 0.110352 0.110352
0 0.517090 0.079590 0.110352 0.110352
0 0.508301 0.189941 0.110352 0.110352
0 0.514160 0.304199 0.110352 0.110352
0 0.513672 0.413086 0.109375 0.111328
0 0.427734 0.129883 0.085938 0.085938
0 0.416992 0.243164 0.097656 0.097656
0 0.420898 0.359375 0.097656 0.097656
0 0.323242 0.080566 0.109375 0.110352
0 0.325195 0.184570 0.109375 0.111328
0 0.327148 0.298828 0.109375 0.111328
0 0.321777 0.398438 0.110352 0.111328
0 0.227051 0.135742 0.110352 0.111328
0 0.224121 0.243164 0.110352 0.111328
0 0.229004 0.350098 0.110352 0.110352
0 0.129395 0.076172 0.110352 0.111328
0 0.133301 0.193848 0.110352 0.110352
0 0.137695 0.298340 0.109375 0.110352
0 0.036133 0.463379 0.048828 0.049805
0 0.130859 0.401367 0.048828 0.048828
0 0.140625 0.628906 0.085938 0.085938
0 0.134277 0.516602 0.084961 0.085938
0 0.230957 0.467773 0.084961 0.085938
0 0.228027 0.574219 0.084961 0.085938
0 0.235352 0.681641 0.097656 0.097656
0 0.230469 0.786133 0.097656 0.097656
0 0.225586 0.902832 0.097656 0.098633
0 0.324707 0.516113 0.073242 0.073242
0 0.327637 0.627930 0.084961 0.085938
0 0.326660 0.844727 0.073242 0.074219
0 0.413086 0.462402 0.097656 0.098633
0 0.418945 0.571777 0.097656 0.098633
0 0.414062 0.687012 0.097656 0.098633
0 0.423828 0.797852 0.097656 0.097656
0 0.425781 0.908203 0.097656 0.097656
0 0.516113 0.517090 0.110352 0.110352
0 0.517090 0.631348 0.110352 0.110352
0 0.511719 0.737793 0.109375 0.110352
0 0.510742 0.855957 0.109375 0.110352
0 0.610840 0.466309 0.110352 0.110352
0 0.607910 0.577637 0.110352 0.110352
0 0.602051 0.686035 0.110352 0.110352
0 0.609863 0.798340 0.110352 0.110352
0 0.611328 0.906738 0.109375 0.110352
0 0.711914 0.519043 0.109375 0.110352
0 0.711914 0.627441 0.097656 0.098633
0 0.707520 0.739746 0.110352 0.110352
0 0.710449 0.851074 0.110352 0.110352
0 0.804688 0.459473 0.109375 0.110352
0 0.811523 0.583496 0.109375 0.110352
0 0.804688 0.687012 0.109375 0.110352
0 0.804688 0.803223 0.109375 0.110352
0 0.801758 0.906738 0.109375 0.110352
0 0.899414 0.513672 0.097656 0.097656
0 0.895996 0.629395 0.110352 0.110352
0 0.902344 0.744629 0.109375 0.110352
0 0.897461 0.855957 0.097656 0.098633