0 0.262207 0.114258 0.073242 0.074219
0 0.170410 0.194824 0.073242 0.073242
0 0.362793 0.401367 0.073242 0.074219
0 0.931152 0.059082 0.073242 0.073242
0 0.165527 0.080566 0.061523 0.061523
0 0.072754 0.119141 0.084961 0.085938
0 0.075195 0.249023 0.085938 0.085938
0 0.367188 0.057129 0.109375 0.110352
0 0.366211 0.291504 0.097656 0.098633
0 0.546875 0.058594 0.085938 0.085938
0 0.461426 0.112305 0.084961 0.085938
0 0.929199 0.177734 0.084961 0.085938
0 0.837891 0.120117 0.097656 0.097656
0 0.834961 0.231934 0.097656 0.098633
0 0.739258 0.285156 0.097656 0.097656
0 0.735352 0.172363 0.097656 0.098633
0 0.645508 0.235840 0.097656 0.098633
0 0.547852 0.283691 0.097656 0.098633
0 0.928711 0.837402 0.109375 0.110352
0 0.826660 0.786621 0.110352 0.110352
0 0.832031 0.895996 0.109375 0.110352
0 0.638184 0.787598 0.110352 0.110352
0 0.737305 0.833496 0.109375 0.110352
0 0.636719 0.896973 0.097656 0.098633
0 0.546387 0.938965 0.110352 0.110352
0 0.547363 0.841309 0.110352 0.110352
0 0.449219 0.796875 0.085938 0.085938
0 0.453125 0.906250 0.085938 0.085938
0 0.361328 0.938477 0.109375 0.111328
0 0.366211 0.857910 0.097656 0.098633
0 0.276367 0.797852 0.085938 0.085938
0 0.260742 0.904785 0.097656 0.098633
0 0.168945 0.735352 0.097656 0.097656
0 0.171875 0.848633 0.097656 0.097656
0 0.169922 0.949707 0.097656 0.098633
0 0.069336 0.687500 0.085938 0.085938
0 0.070801 0.786133 0.084961 0.085938
0 0.073242 0.900391 0.085938 0.085938
0 0.930664 0.291016 0.097656 0.097656
0 0.920898 0.382324 0.097656 0.098633
0 0.924805 0.512207 0.097656 0.098633
0 0.926758 0.617676 0.109375 0.110352
0 0.919922 0.734863 0.097656 0.098633
0 0.831055 0.690918 0.097656 0.098633
0 0.833008 0.563965 0.109375 0.110352
0 0.827148 0.456543 0.109375 0.110352
0 0.833984 0.339355 0.109375 0.110352
0 0.740234 0.516113 0.097656 0.098633
0 0.736816 0.612793 0.110352 0.110352
0 0.733398 0.725098 0.097656 0.098633
0 0.647461 0.674316 0.109375 0.110352
0 0.647461 0.562988 0.097656 0.098633
0 0.644043 0.446289 0.084961 0.085938
0 0.650391 0.343262 0.097656 0.098633
0 0.548828 0.401855 0.097656 0.098633
0 0.543945 0.615234 0.097656 0.097656
0 0.546875 0.719727 0.085938 0.085938
0 0.455566 0.674805 0.084961 0.085938
0 0.452637 0.554688 0.084961 0.085938
0 0.458984 0.338867 0.085938 0.085938
0 0.362305 0.506836 0.097656 0.097656
0 0.362305 0.617188 0.097656 0.097656
0 0.361328 0.729492 0.097656 0.097656
0 0.268555 0.676270 0.097656 0.098633
0 0.272461 0.563477 0.097656 0.097656
0 0.267090 0.457031 0.084961 0.085938
0 0.270020 0.348633 0.110352 0.111328
0 0.178711 0.397461 0.097656 0.097656
0 0.169922 0.500977 0.097656 0.097656
0 0.163086 0.618652 0.097656 0.098633
0 0.070801 0.590820 0.084961 0.085938