0 0.367676 0.450684 0.073242 0.073242
0 0.460449 0.041992 0.073242 0.074219
0 0.274902 0.523438 0.073242 0.074219
0 0.570801 0.681152 0.073242 0.073242
0 0.452637 0.725098 0.061523 0.061523
0 0.934570 0.902832 0.109375 0.110352
1 0.936035 0.804688 0.084961 0.085938
0 0.940430 0.338867 0.085938 0.085938
0 0.942383 0.435547 0.097656 0.097656
0 0.840820 0.293457 0.109375 0.110352
0 0.933594 0.682617 0.097656 0.097656
0 0.840332 0.638672 0.084961 0.085938
0 0.834961 0.746582 0.097656 0.098633
0 0.834961 0.847656 0.097656 0.097656
0 0.739258 0.904785 0.097656 0.098633
0 0.750000 0.789062 0.109375 0.111328
0 0.741211 0.687988 0.109375 0.110352
0 0.751465 0.562988 0.110352 0.110352
0 0.744141 0.358398 0.097656 0.097656
0 0.656250 0.293457 0.109375 0.110352
0 0.647949 0.634277 0.110352 0.110352
0 0.658203 0.747070 0.085938 0.085938
0 0.559082 0.350586 0.110352 0.111328
0 0.468750 0.325684 0.109375 0.110352
0 0.460938 0.421875 0.097656 0.097656
0 0.365234 0.349121 0.097656 0.098633
0 0.373047 0.578125 0.097656 0.097656
0 0.565430 0.559570 0.085938 0.085938
0 0.566406 0.805664 0.097656 0.097656
0 0.548340 0.905762 0.110352 0.110352
0 0.641602 0.856934 0.097656 0.098633
1 0.449707 0.815918 0.073242 0.073242
0 0.454102 0.921387 0.097656 0.098633
0 0.371094 0.912598 0.097656 0.098633
0 0.278320 0.292969 0.097656 0.097656
0 0.269531 0.401367 0.085938 0.085938
0 0.281250 0.629883 0.097656 0.097656
0 0.182617 0.591797 0.085938 0.085938
0 0.185059 0.684082 0.110352 0.110352
0 0.177734 0.796387 0.097656 0.098633
0 0.269043 0.937012 0.073242 0.073242
0 0.091797 0.292480 0.097656 0.098633
1 0.084961 0.407227 0.085938 0.085938
0 0.087402 0.512695 0.084961 0.085938
0 0.088379 0.629395 0.110352 0.110352
0 0.092285 0.737793 0.110352 0.110352
0 0.090820 0.847168 0.109375 0.110352
0 0.937988 0.231934 0.110352 0.110352
0 0.942383 0.126953 0.097656 0.097656
0 0.845215 0.069824 0.110352 0.110352
0 0.851562 0.194336 0.109375 0.111328
0 0.754883 0.134277 0.109375 0.110352
0 0.655273 0.081055 0.097656 0.097656
0 0.563477 0.103516 0.085938 0.085938
0 0.559570 0.252441 0.097656 0.098633
0 0.467773 0.231934 0.109375 0.110352
0 0.370605 0.248535 0.110352 0.110352
0 0.276367 0.180664 0.097656 0.097656
0 0.088867 0.083008 0.097656 0.097656
0 0.083984 0.181641 0.085938 0.085938