0 0.203613 0.040527 0.073242 0.073242
0 0.559082 0.654297 0.084961 0.085938
0 0.555176 0.776855 0.110352 0.110352
0 0.555176 0.889648 0.110352 0.111328
0 0.455566 0.942871 0.110352 0.110352
0 0.454102 0.823242 0.109375 0.111328
0 0.455566 0.719238 0.110352 0.110352
0 0.369141 0.657715 0.097656 0.098633
0 0.369141 0.767090 0.109375 0.110352
0 0.371582 0.885254 0.110352 0.110352
0 0.266602 0.826660 0.097656 0.098633
0 0.270508 0.706055 0.097656 0.097656
0 0.175293 0.772461 0.084961 0.085938
0 0.178711 0.880371 0.109375 0.110352
0 0.079102 0.925781 0.097656 0.097656
0 0.078125 0.787598 0.097656 0.098633
0 0.078125 0.697754 0.109375 0.110352
0 0.933594 0.672852 0.109375 0.111328
0 0.932617 0.784668 0.109375 0.110352
0 0.928223 0.895020 0.110352 0.110352
0 0.840820 0.607422 0.085938 0.085938
0 0.831543 0.726074 0.110352 0.110352
0 0.833984 0.830078 0.085938 0.085938
0 0.838867 0.944824 0.097656 0.098633
0 0.742188 0.883301 0.097656 0.098633
0 0.738281 0.783203 0.097656 0.097656
0 0.745117 0.662109 0.097656 0.097656
0 0.652344 0.623047 0.109375 0.111328
0 0.648438 0.726074 0.097656 0.098633
0 0.651855 0.834961 0.084961 0.085938
0 0.946289 0.154297 0.097656 0.097656
0 0.942383 0.267578 0.097656 0.097656
0 0.085449 0.084473 0.061523 0.061523
0 0.850586 0.115234 0.097656 0.097656
0 0.848145 0.204590 0.110352 0.110352
0 0.847656 0.325684 0.097656 0.098633
0 0.849121 0.420898 0.110352 0.111328
0 0.934082 0.374023 0.110352 0.111328
0 0.750977 0.368652 0.097656 0.098633
0 0.754883 0.249023 0.085938 0.085938
0 0.754883 0.149902 0.109375 0.110352
0 0.666992 0.086426 0.097656 0.098633
0 0.679688 0.230957 0.109375 0.110352
0 0.666992 0.326660 0.109375 0.110352
0 0.652344 0.429688 0.097656 0.097656
0 0.571289 0.380371 0.109375 0.110352
0 0.567383 0.262207 0.109375 0.110352
1 0.568848 0.164062 0.084961 0.085938
0 0.467773 0.105957 0.097656 0.098633
0 0.467773 0.207031 0.097656 0.097656
0 0.467773 0.322754 0.109375 0.110352
0 0.469238 0.420410 0.110352 0.110352
0 0.371094 0.378418 0.109375 0.110352
0 0.372070 0.264160 0.097656 0.098633
0 0.382812 0.148438 0.109375 0.111328
0 0.291016 0.106445 0.085938 0.085938
0 0.199219 0.165039 0.097656 0.097656
0 0.181152 0.265137 0.110352 0.110352
0 0.178223 0.351074 0.110352 0.110352
0 0.283203 0.360352 0.109375 0.111328
0 0.274414 0.216309 0.097656 0.098633
1 0.082520 0.175293 0.073242 0.073242
0 0.086914 0.280762 0.097656 0.098633
0 0.082520 0.389160 0.110352 0.110352