0 0.131348 0.166504 0.073242 0.073242
0 0.126465 0.276855 0.110352 0.110352
0 0.129395 0.387695 0.122070 0.123047
0 0.128418 0.500000 0.122070 0.123047
0 0.133789 0.604492 0.109375 0.111328
0 0.224121 0.115723 0.061523 0.061523
0 0.222656 0.222168 0.097656 0.098633
0 0.221680 0.334473 0.097656 0.098633
0 0.228516 0.427734 0.097656 0.097656
0 0.222168 0.554688 0.122070 0.123047
0 0.322266 0.164551 0.097656 0.098633
0 0.316406 0.282715 0.097656 0.098633
0 0.315918 0.378906 0.122070 0.123047
0 0.314941 0.495117 0.122070 0.123047
0 0.314941 0.608398 0.122070 0.123047
0 0.418945 0.113770 0.060547 0.061523
0 0.411133 0.220215 0.097656 0.098633
0 0.411133 0.329590 0.097656 0.098633
0 0.413574 0.446289 0.122070 0.123047
0 0.411621 0.561523 0.122070 0.123047
0 0.508301 0.167969 0.084961 0.085938
0 0.503906 0.275879 0.097656 0.098633
0 0.507324 0.390137 0.122070 0.122070
0 0.511719 0.497559 0.097656 0.098633
0 0.506348 0.608398 0.122070 0.123047
0 0.600586 0.114746 0.060547 0.061523
0 0.603516 0.224121 0.097656 0.098633
0 0.598633 0.336426 0.097656 0.098633
0 0.599609 0.447754 0.097656 0.098633
0 0.603516 0.549316 0.097656 0.098633
0 0.692383 0.170898 0.085938 0.085938
0 0.693359 0.274902 0.097656 0.098633
0 0.695312 0.388184 0.097656 0.098633
0 0.692383 0.501465 0.097656 0.098633
0 0.692871 0.615723 0.122070 0.122070
0 0.790527 0.122070 0.036133 0.037109
0 0.791016 0.220703 0.097656 0.097656
0 0.790039 0.329590 0.109375 0.110352
0 0.787598 0.450195 0.122070 0.123047
0 0.792969 0.560059 0.109375 0.110352
0 0.787109 0.669434 0.097656 0.098633
0 0.886230 0.179688 0.084961 0.085938
0 0.883789 0.277344 0.097656 0.097656
0 0.882324 0.393555 0.110352 0.111328
0 0.878418 0.505859 0.122070 0.123047
0 0.880859 0.607910 0.109375 0.110352
0 0.882812 0.718262 0.109375 0.110352
0 0.887207 0.832520 0.110352 0.110352
0 0.884277 0.942871 0.110352 0.110352
0 0.791016 0.780762 0.097656 0.098633
0 0.785156 0.889160 0.097656 0.098633
0 0.701172 0.719238 0.097656 0.098633
0 0.692383 0.830566 0.085938 0.086914
0 0.689453 0.939453 0.085938 0.085938
0 0.602051 0.663574 0.122070 0.122070
0 0.602051 0.773926 0.122070 0.122070
0 0.600586 0.883301 0.097656 0.098633
0 0.502441 0.719727 0.122070 0.123047
0 0.505859 0.825684 0.097656 0.098633
0 0.503418 0.930176 0.110352 0.110352
0 0.411621 0.661133 0.122070 0.123047
0 0.416992 0.770020 0.097656 0.098633
0 0.411621 0.881836 0.084961 0.085938
0 0.316895 0.716797 0.122070 0.123047
0 0.315430 0.838867 0.109375 0.111328
0 0.316406 0.943359 0.109375 0.111328
0 0.227539 0.653320 0.097656 0.097656
0 0.218750 0.771484 0.097656 0.097656
0 0.230957 0.871094 0.110352 0.111328
0 0.127930 0.718750 0.097656 0.097656
0 0.136230 0.826660 0.110352 0.110352