0 0.938965 0.229004 0.061523 0.061523
0 0.262695 0.070312 0.085938 0.085938
0 0.263184 0.175293 0.061523 0.061523
0 0.263672 0.289551 0.097656 0.098633
1 0.262207 0.395996 0.110352 0.110352
0 0.355469 0.228516 0.085938 0.085938
0 0.370605 0.345703 0.084961 0.085938
0 0.166504 0.121094 0.084961 0.085938
0 0.167480 0.240723 0.110352 0.110352
0 0.167969 0.346191 0.109375 0.110352
0 0.079102 0.058105 0.097656 0.098633
0 0.069336 0.178223 0.060547 0.061523
0 0.071289 0.276855 0.109375 0.110352
0 0.069336 0.395996 0.109375 0.110352
0 0.067383 0.500488 0.109375 0.110352
0 0.066406 0.613770 0.109375 0.110352
0 0.074219 0.725098 0.109375 0.110352
0 0.166992 0.450684 0.097656 0.098633
0 0.166992 0.562012 0.109375 0.110352
0 0.169922 0.668457 0.097656 0.098633
0 0.170898 0.780762 0.109375 0.110352
0 0.266113 0.497559 0.110352 0.110352
0 0.261230 0.611816 0.110352 0.110352
0 0.265137 0.730957 0.110352 0.110352
0 0.267578 0.836426 0.109375 0.110352
0 0.366211 0.453125 0.085938 0.085938
0 0.369629 0.554688 0.084961 0.085938
0 0.364746 0.666016 0.084961 0.085938
0 0.365723 0.779297 0.084961 0.085938
0 0.452148 0.288086 0.097656 0.097656
0 0.464844 0.395508 0.097656 0.097656
0 0.460938 0.507324 0.109375 0.110352
0 0.458984 0.612793 0.109375 0.110352
0 0.460938 0.728027 0.097656 0.098633
0 0.458496 0.836426 0.110352 0.110352
0 0.557129 0.341797 0.110352 0.111328
0 0.561035 0.451172 0.110352 0.111328
0 0.560547 0.562988 0.109375 0.110352
0 0.556641 0.665527 0.097656 0.098633
0 0.559570 0.781738 0.109375 0.110352
0 0.551270 0.231445 0.084961 0.085938
0 0.651367 0.288574 0.097656 0.098633
0 0.651367 0.394531 0.097656 0.097656
0 0.654297 0.502930 0.097656 0.097656
0 0.655762 0.611328 0.110352 0.111328
0 0.656250 0.721191 0.097656 0.098633
0 0.747070 0.240723 0.109375 0.110352
0 0.750000 0.346191 0.097656 0.098633
0 0.751953 0.449707 0.097656 0.098633
0 0.743164 0.562500 0.109375 0.111328
0 0.745605 0.666992 0.110352 0.111328
0 0.753418 0.763672 0.110352 0.111328
0 0.840820 0.285645 0.097656 0.098633
0 0.842773 0.389160 0.097656 0.098633
0 0.844727 0.504395 0.109375 0.110352
0 0.841797 0.611328 0.097656 0.097656
0 0.843750 0.725586 0.097656 0.097656
0 0.934570 0.342285 0.097656 0.098633
0 0.937500 0.447754 0.097656 0.098633
0 0.936035 0.559082 0.110352 0.110352
0 0.935547 0.666504 0.097656 0.098633
0 0.935547 0.779297 0.109375 0.111328
0 0.934570 0.890625 0.097656 0.097656
0 0.840820 0.833008 0.097656 0.097656
0 0.840820 0.943848 0.097656 0.098633
0 0.747559 0.892090 0.110352 0.110352
0 0.649414 0.833496 0.097656 0.098633
0 0.646484 0.942871 0.097656 0.098633
0 0.550781 0.895020 0.109375 0.110352
0 0.368164 0.890137 0.097656 0.098633
0 0.168945 0.893066 0.109375 0.110352
0 0.070801 0.836914 0.110352 0.111328