0 0.466309 0.097656 0.073242 0.074219
0 0.569824 0.039062 0.073242 0.074219
0 0.948242 0.145996 0.097656 0.098633
0 0.857422 0.204590 0.109375 0.110352
0 0.376465 0.148438 0.084961 0.085938
0 0.567871 0.149414 0.084961 0.085938
0 0.857422 0.087402 0.097656 0.098633
0 0.760742 0.153809 0.097656 0.098633
0 0.757812 0.264648 0.085938 0.085938
0 0.661133 0.207031 0.097656 0.097656
0 0.563477 0.264160 0.097656 0.098633
0 0.666016 0.086914 0.085938 0.085938
0 0.285156 0.090820 0.097656 0.097656
0 0.282227 0.202637 0.097656 0.098633
0 0.186523 0.255859 0.097656 0.097656
0 0.182617 0.143066 0.097656 0.098633
0 0.092773 0.206543 0.097656 0.098633
0 0.940430 0.809082 0.097656 0.098633
0 0.852539 0.755371 0.097656 0.098633
0 0.847656 0.867188 0.097656 0.097656
0 0.750977 0.703613 0.109375 0.110352
0 0.751953 0.816406 0.109375 0.111328
0 0.755859 0.923340 0.109375 0.110352
0 0.648438 0.781250 0.097656 0.097656
0 0.651367 0.873535 0.109375 0.110352
0 0.562012 0.923340 0.110352 0.110352
0 0.567383 0.810059 0.097656 0.098633
0 0.467773 0.756348 0.109375 0.110352
0 0.461426 0.872070 0.110352 0.111328
0 0.376953 0.921387 0.097656 0.098633
0 0.375977 0.808105 0.109375 0.110352
0 0.273926 0.757324 0.110352 0.110352
0 0.279297 0.866699 0.109375 0.110352
0 0.186035 0.917480 0.110352 0.110352
0 0.085449 0.758301 0.110352 0.110352
0 0.184570 0.804199 0.109375 0.110352
0 0.083984 0.867676 0.097656 0.098633
0 0.945312 0.472168 0.097656 0.098633
0 0.947266 0.592285 0.097656 0.098633
0 0.950195 0.704102 0.097656 0.097656
0 0.855469 0.316895 0.097656 0.098633
0 0.853516 0.433105 0.097656 0.098633
0 0.855469 0.538086 0.097656 0.097656
0 0.849609 0.641602 0.097656 0.097656
0 0.755859 0.372559 0.097656 0.098633
0 0.752930 0.468750 0.109375 0.111328
0 0.750000 0.583984 0.109375 0.111328
0 0.655273 0.645996 0.097656 0.098633
0 0.667969 0.529297 0.097656 0.097656
0 0.673828 0.420898 0.085938 0.085938
0 0.664062 0.308594 0.097656 0.097656
0 0.561523 0.366211 0.109375 0.111328
0 0.561523 0.481445 0.097656 0.097656
0 0.557129 0.582520 0.110352 0.110352
0 0.556641 0.694824 0.097656 0.098633
0 0.467773 0.645020 0.097656 0.098633
0 0.466309 0.540527 0.110352 0.110352
0 0.466797 0.421387 0.097656 0.098633
0 0.467285 0.311523 0.110352 0.111328
0 0.468750 0.208008 0.097656 0.097656
0 0.377930 0.261719 0.097656 0.097656
0 0.368164 0.353027 0.097656 0.098633
0 0.372070 0.482910 0.097656 0.098633
0 0.374023 0.588379 0.109375 0.110352
0 0.367188 0.705566 0.097656 0.098633
0 0.278320 0.661621 0.097656 0.098633
0 0.280273 0.534668 0.109375 0.110352
0 0.274414 0.427246 0.109375 0.110352
0 0.281250 0.310059 0.109375 0.110352
0 0.187500 0.486816 0.097656 0.098633
0 0.184082 0.583496 0.110352 0.110352
0 0.180664 0.695801 0.097656 0.098633
0 0.094727 0.645020 0.109375 0.110352
0 0.094727 0.533691 0.097656 0.098633
0 0.091309 0.416992 0.084961 0.085938
0 0.097656 0.313965 0.097656 0.098633