0 0.260254 0.047363 0.073242 0.073242
0 0.253418 0.264648 0.084961 0.085938
0 0.258301 0.381348 0.073242 0.073242
0 0.348145 0.206543 0.073242 0.073242
0 0.354004 0.432617 0.084961 0.085938
0 0.347168 0.320801 0.061523 0.061523
0 0.350586 0.548828 0.085938 0.085938
0 0.354980 0.101074 0.073242 0.073242
0 0.165039 0.102051 0.085938 0.086914
0 0.252441 0.155762 0.073242 0.073242
0 0.255859 0.487305 0.085938 0.085938
0 0.256836 0.598633 0.097656 0.097656
0 0.160156 0.212891 0.085938 0.085938
0 0.156250 0.324707 0.097656 0.098633
0 0.159180 0.432617 0.085938 0.085938
0 0.159180 0.539062 0.097656 0.097656
0 0.063477 0.159668 0.097656 0.098633
0 0.063477 0.267090 0.097656 0.098633
0 0.065918 0.381836 0.084961 0.085938
0 0.068848 0.490234 0.084961 0.085938
0 0.067383 0.594727 0.097656 0.097656
0 0.067383 0.702637 0.097656 0.098633
0 0.072266 0.820801 0.097656 0.098633
0 0.075195 0.926758 0.097656 0.097656
0 0.161133 0.653809 0.085938 0.086914
0 0.161133 0.761230 0.097656 0.098633
0 0.160156 0.869629 0.097656 0.098633
0 0.260742 0.707520 0.097656 0.098633
0 0.253906 0.815918 0.097656 0.098633
0 0.252930 0.930664 0.085938 0.085938
0 0.350098 0.647461 0.084961 0.085938
0 0.350098 0.759766 0.084961 0.085938
0 0.350586 0.873535 0.097656 0.098633