0 0.092285 0.868164 0.084961 0.085938
0 0.940430 0.843750 0.109375 0.111328
0 0.838379 0.888184 0.110352 0.110352
0 0.754395 0.838379 0.110352 0.110352
0 0.659180 0.883301 0.097656 0.098633
0 0.555664 0.945312 0.097656 0.097656
0 0.566406 0.831055 0.097656 0.097656
0 0.466797 0.886719 0.109375 0.111328
0 0.374023 0.821289 0.085938 0.085938
0 0.364746 0.939941 0.110352 0.110352
0 0.278320 0.875977 0.097656 0.097656
0 0.185547 0.836914 0.109375 0.111328
0 0.181641 0.939941 0.097656 0.098633
0 0.947266 0.094238 0.097656 0.098633
0 0.948242 0.643066 0.097656 0.098633
0 0.847656 0.151367 0.097656 0.097656
0 0.854492 0.263184 0.085938 0.086914
0 0.850586 0.372559 0.097656 0.098633
0 0.850098 0.478027 0.110352 0.110352
0 0.851562 0.611816 0.109375 0.110352
0 0.758789 0.094238 0.097656 0.098633
0 0.757324 0.210938 0.110352 0.111328
0 0.760742 0.320312 0.097656 0.097656
0 0.762207 0.439941 0.110352 0.110352
0 0.763672 0.534668 0.109375 0.110352
0 0.759277 0.660156 0.084961 0.085938
0 0.663086 0.140625 0.097656 0.097656
0 0.668457 0.226562 0.110352 0.111328
0 0.673340 0.341309 0.110352 0.110352
0 0.655273 0.471191 0.109375 0.110352
0 0.662598 0.594727 0.110352 0.111328
0 0.573242 0.644043 0.109375 0.110352
0 0.562012 0.536133 0.110352 0.111328
0 0.568359 0.422852 0.109375 0.111328
0 0.574219 0.323730 0.097656 0.098633
0 0.579102 0.106934 0.109375 0.110352
0 0.575195 0.196777 0.097656 0.098633
0 0.478516 0.148438 0.097656 0.097656
0 0.479492 0.254883 0.097656 0.097656
0 0.479492 0.368164 0.097656 0.097656
0 0.475586 0.481445 0.097656 0.097656
0 0.315430 0.111816 0.048828 0.049805
0 0.383789 0.329102 0.097656 0.097656
0 0.381348 0.418457 0.110352 0.110352
0 0.380859 0.539551 0.097656 0.098633
0 0.382324 0.634766 0.110352 0.111328
0 0.467285 0.587891 0.110352 0.111328
0 0.284180 0.582520 0.097656 0.098633
0 0.288086 0.462891 0.085938 0.085938
0 0.288086 0.363770 0.109375 0.110352
0 0.200195 0.300293 0.097656 0.098633
0 0.212891 0.444824 0.109375 0.110352
0 0.200195 0.540527 0.109375 0.110352
0 0.185547 0.643555 0.097656 0.097656
0 0.104492 0.594238 0.109375 0.110352
0 0.100586 0.476074 0.109375 0.110352
1 0.102051 0.377930 0.084961 0.085938
0 0.099609 0.255859 0.097656 0.097656