0 0.637207 0.541504 0.073242 0.073242
0 0.638184 0.433594 0.084961 0.085938
0 0.264160 0.656250 0.073242 0.074219
0 0.248535 0.548828 0.073242 0.074219
0 0.066895 0.866699 0.073242 0.073242
0 0.562988 0.927734 0.084961 0.085938
0 0.263184 0.857910 0.073242 0.073242
0 0.365723 0.928223 0.073242 0.073242
0 0.367676 0.803223 0.073242 0.073242
0 0.264160 0.744629 0.073242 0.073242
0 0.359863 0.706055 0.073242 0.074219
0 0.845703 0.444824 0.060547 0.061523
0 0.090820 0.136719 0.085938 0.085938
0 0.057617 0.445801 0.060547 0.061523
0 0.061523 0.543457 0.060547 0.061523
0 0.061523 0.628418 0.060547 0.061523
0 0.070801 0.736816 0.061523 0.061523
0 0.145996 0.497559 0.061523 0.061523
0 0.153809 0.603027 0.073242 0.073242
0 0.167480 0.690918 0.073242 0.073242
0 0.165527 0.802246 0.073242 0.073242
0 0.168457 0.923340 0.073242 0.073242
0 0.235840 0.437012 0.061523 0.061523
0 0.354980 0.588867 0.073242 0.074219
0 0.465820 0.431152 0.097656 0.098633
0 0.471191 0.547852 0.110352 0.111328
0 0.477051 0.652344 0.110352 0.111328
0 0.472168 0.757812 0.073242 0.074219
0 0.470215 0.869141 0.073242 0.074219
0 0.561523 0.480957 0.097656 0.098633
0 0.561523 0.597656 0.097656 0.097656
0 0.562012 0.711914 0.073242 0.074219
0 0.557129 0.813477 0.073242 0.074219
0 0.661621 0.646484 0.073242 0.074219
0 0.656250 0.760742 0.097656 0.097656
0 0.659180 0.872070 0.097656 0.097656
0 0.747559 0.479980 0.084961 0.086914
0 0.751465 0.593262 0.110352 0.110352
0 0.756348 0.709473 0.110352 0.110352
0 0.750488 0.815918 0.110352 0.110352
0 0.750000 0.931641 0.109375 0.111328
0 0.853027 0.536621 0.122070 0.122070
0 0.855469 0.651855 0.097656 0.098633
0 0.845703 0.764160 0.097656 0.098633
0 0.845703 0.882324 0.097656 0.098633
0 0.936523 0.493164 0.085938 0.085938
0 0.941406 0.599121 0.097656 0.098633
0 0.933594 0.712402 0.097656 0.098633
0 0.937500 0.820312 0.085938 0.085938
0 0.947266 0.930176 0.097656 0.098633