0 0.580078 0.045410 0.048828 0.049805
0 0.671875 0.100098 0.048828 0.049805
0 0.766602 0.038086 0.048828 0.048828
0 0.485840 0.104492 0.084961 0.085938
0 0.297363 0.108398 0.073242 0.074219
0 0.112305 0.104980 0.060547 0.061523
0 0.101074 0.211426 0.110352 0.110352
0 0.098145 0.330566 0.110352 0.110352
0 0.100586 0.441406 0.097656 0.097656
0 0.103516 0.558594 0.109375 0.111328
0 0.194824 0.169434 0.110352 0.110352
0 0.198730 0.270996 0.110352 0.110352
0 0.198730 0.391113 0.110352 0.110352
0 0.193848 0.500488 0.110352 0.110352
0 0.197266 0.610352 0.097656 0.097656
0 0.294922 0.212402 0.085938 0.086914
0 0.381348 0.157715 0.073242 0.073242
0 0.486816 0.206543 0.110352 0.110352
0 0.577148 0.157715 0.109375 0.110352
0 0.673828 0.207031 0.109375 0.111328
0 0.776367 0.265625 0.085938 0.085938
0 0.770020 0.153320 0.084961 0.085938
0 0.866699 0.104492 0.084961 0.085938
0 0.863770 0.210938 0.084961 0.085938
0 0.871094 0.318359 0.097656 0.097656
0 0.866211 0.422852 0.097656 0.097656
0 0.861328 0.539551 0.097656 0.098633
0 0.960449 0.152832 0.073242 0.073242
0 0.962402 0.481445 0.073242 0.074219
0 0.968262 0.726074 0.024414 0.024414
0 0.961914 0.844727 0.037109 0.037109
0 0.964355 0.950684 0.024414 0.024414
0 0.866699 0.872559 0.024414 0.024414
0 0.866699 0.982910 0.024414 0.024414
0 0.869141 0.647949 0.097656 0.098633
0 0.867188 0.753418 0.097656 0.098633
0 0.576172 0.838379 0.097656 0.098633
0 0.580078 0.941895 0.109375 0.110352
1 0.478516 0.893555 0.085938 0.085938
0 0.390137 0.830078 0.110352 0.111328
0 0.388184 0.943359 0.110352 0.111328
0 0.290527 0.782227 0.110352 0.111328
0 0.290039 0.885742 0.109375 0.111328
0 0.192383 0.833496 0.109375 0.110352
0 0.197266 0.941895 0.097656 0.098633
0 0.195312 0.722656 0.109375 0.111328
0 0.098633 0.779785 0.109375 0.110352
0 0.095215 0.883789 0.084961 0.085938
0 0.100586 0.667480 0.109375 0.110352