0 0.269043 0.862305 0.073242 0.074219
0 0.443848 0.282227 0.073242 0.074219
0 0.445801 0.368164 0.073242 0.074219
0 0.646973 0.350098 0.073242 0.073242
0 0.640137 0.133789 0.073242 0.074219
0 0.365723 0.335449 0.073242 0.073242
0 0.558594 0.463379 0.060547 0.061523
0 0.363770 0.433105 0.073242 0.073242
0 0.922852 0.802734 0.048828 0.048828
0 0.828125 0.864258 0.048828 0.048828
0 0.738281 0.819336 0.048828 0.048828
0 0.733398 0.919922 0.048828 0.048828
0 0.643555 0.873047 0.037109 0.037109
0 0.461426 0.857422 0.036133 0.037109
1 0.187500 0.920410 0.060547 0.061523
1 0.085449 0.955566 0.036133 0.036133
1 0.360840 0.914551 0.061523 0.061523
0 0.542480 0.913086 0.024414 0.025391
0 0.181152 0.801758 0.084961 0.085938
0 0.083008 0.844727 0.085938 0.085938
0 0.916016 0.910645 0.048828 0.049805
0 0.931152 0.083496 0.110352 0.110352
0 0.935059 0.191895 0.110352 0.110352
0 0.933594 0.301270 0.109375 0.110352
0 0.930664 0.419434 0.097656 0.098633
0 0.825195 0.145020 0.097656 0.098633
0 0.821289 0.250488 0.097656 0.098633
0 0.832520 0.359375 0.084961 0.085938
0 0.736816 0.407227 0.084961 0.085938
0 0.725586 0.107422 0.085938 0.085938
0 0.728027 0.192871 0.084961 0.086914
0 0.734375 0.300781 0.097656 0.097656
0 0.561523 0.115723 0.060547 0.061523
0 0.561035 0.218750 0.073242 0.074219
0 0.563965 0.304688 0.084961 0.085938
0 0.554688 0.383789 0.085938 0.085938
0 0.429199 0.467285 0.061523 0.061523
0 0.182617 0.420898 0.085938 0.085938
0 0.450195 0.173340 0.097656 0.098633
0 0.366211 0.221191 0.097656 0.098633
0 0.380859 0.106445 0.085938 0.085938
0 0.287598 0.173828 0.084961 0.085938
0 0.278320 0.268066 0.097656 0.098633
0 0.265137 0.388672 0.084961 0.085938
0 0.187988 0.315918 0.110352 0.110352
0 0.180176 0.222168 0.110352 0.110352
0 0.183105 0.094727 0.110352 0.111328
0 0.094727 0.165039 0.085938 0.085938
0 0.089844 0.263672 0.109375 0.111328
0 0.090820 0.370605 0.097656 0.098633
0 0.085449 0.478516 0.084961 0.085938
0 0.644531 0.237793 0.097656 0.098633