0 0.774902 0.803711 0.073242 0.074219
0 0.117676 0.084473 0.122070 0.122070
0 0.209961 0.153320 0.085938 0.085938
0 0.301758 0.118164 0.085938 0.085938
0 0.398438 0.148438 0.085938 0.085938
0 0.491211 0.103027 0.097656 0.098633
0 0.586914 0.155273 0.097656 0.097656
0 0.686523 0.074707 0.097656 0.098633
0 0.775879 0.158203 0.084961 0.085938
0 0.862305 0.105957 0.097656 0.098633
0 0.118652 0.532715 0.110352 0.110352
0 0.118652 0.645508 0.084961 0.085938
0 0.117188 0.760254 0.109375 0.110352
0 0.113281 0.856934 0.109375 0.110352
0 0.209473 0.589844 0.084961 0.085938
0 0.206543 0.708008 0.084961 0.085938
0 0.211426 0.834961 0.084961 0.085938
0 0.207520 0.928223 0.084961 0.086914
0 0.302734 0.540527 0.097656 0.098633
0 0.304688 0.648438 0.085938 0.085938
0 0.303711 0.752441 0.097656 0.098633
0 0.303223 0.872070 0.084961 0.085938
0 0.392578 0.590332 0.097656 0.098633
0 0.398926 0.713867 0.084961 0.085938
0 0.398926 0.802246 0.084961 0.086914
0 0.396484 0.913086 0.085938 0.085938
0 0.491211 0.590332 0.097656 0.098633
0 0.496094 0.659180 0.097656 0.097656
0 0.489258 0.739746 0.097656 0.098633
0 0.502441 0.869141 0.084961 0.085938
0 0.589355 0.595703 0.084961 0.085938
0 0.592773 0.713867 0.085938 0.085938
0 0.589844 0.794434 0.097656 0.098633
0 0.584961 0.919922 0.085938 0.085938
0 0.683594 0.526367 0.085938 0.085938
0 0.683594 0.650391 0.085938 0.085938
0 0.680664 0.777832 0.085938 0.086914
0 0.680664 0.880859 0.085938 0.085938
0 0.770996 0.913086 0.084961 0.085938
0 0.768555 0.591797 0.097656 0.097656
0 0.775391 0.693359 0.097656 0.097656
0 0.875977 0.601074 0.097656 0.098633
0 0.882812 0.745605 0.097656 0.098633
0 0.872070 0.860352 0.085938 0.085938
0 0.867188 0.505859 0.097656 0.097656
0 0.867188 0.406738 0.109375 0.110352
0 0.870605 0.315918 0.110352 0.110352
0 0.865234 0.207520 0.097656 0.098633
0 0.774414 0.250488 0.097656 0.098633
0 0.779297 0.346680 0.097656 0.097656
0 0.768555 0.480469 0.085938 0.085938
0 0.680664 0.419922 0.097656 0.097656
0 0.687500 0.314453 0.097656 0.097656
0 0.687500 0.208496 0.097656 0.098633
0 0.596191 0.260742 0.110352 0.111328
0 0.590332 0.373047 0.084961 0.085938
0 0.591309 0.478516 0.084961 0.085938
0 0.489258 0.198242 0.097656 0.097656
0 0.493164 0.310547 0.097656 0.097656
0 0.497070 0.407715 0.109375 0.110352
0 0.499023 0.494629 0.097656 0.098633
0 0.395508 0.481934 0.097656 0.098633
0 0.399414 0.380371 0.097656 0.098633
0 0.394531 0.261230 0.097656 0.098633
0 0.309082 0.215332 0.110352 0.110352
0 0.303711 0.318848 0.097656 0.098633
0 0.308105 0.432129 0.110352 0.110352
0 0.208008 0.479492 0.085938 0.085938
0 0.210449 0.356934 0.084961 0.086914
0 0.206543 0.269531 0.084961 0.085938
0 0.115234 0.209473 0.109375 0.110352
0 0.109375 0.322754 0.109375 0.110352
0 0.115234 0.428711 0.085938 0.085938