1 0.920898 0.236328 0.097656 0.097656
0 0.915039 0.340332 0.097656 0.098633
0 0.916992 0.449707 0.097656 0.098633
0 0.919922 0.555176 0.109375 0.110352
0 0.914551 0.673340 0.110352 0.110352
0 0.915527 0.777344 0.110352 0.111328
0 0.920898 0.892090 0.097656 0.098633
0 0.825684 0.288574 0.110352 0.110352
0 0.825195 0.395996 0.097656 0.098633
0 0.817383 0.506836 0.097656 0.097656
0 0.824219 0.618652 0.085938 0.086914
0 0.820312 0.728027 0.097656 0.098633
0 0.819824 0.833496 0.110352 0.110352
0 0.729980 0.231934 0.110352 0.110352
0 0.732422 0.334961 0.109375 0.111328
0 0.728516 0.449707 0.097656 0.098633
0 0.727051 0.566406 0.110352 0.111328
0 0.730469 0.675781 0.097656 0.097656
0 0.731934 0.795410 0.110352 0.110352
0 0.733398 0.890137 0.109375 0.110352
0 0.635742 0.407715 0.109375 0.110352
0 0.632812 0.496094 0.097656 0.097656
0 0.638184 0.582031 0.110352 0.111328
0 0.643066 0.696777 0.110352 0.110352
0 0.625000 0.826660 0.109375 0.110352
0 0.531738 0.891602 0.110352 0.111328
0 0.538086 0.778320 0.109375 0.111328
0 0.543945 0.679199 0.097656 0.098633
0 0.557129 0.217773 0.110352 0.111328
0 0.548828 0.317871 0.109375 0.110352
0 0.548828 0.462402 0.109375 0.110352
0 0.544922 0.552246 0.097656 0.098633
0 0.439453 0.275879 0.109375 0.110352
0 0.448242 0.503906 0.097656 0.097656
0 0.449219 0.610352 0.097656 0.097656
0 0.449219 0.723633 0.097656 0.097656
0 0.445312 0.836914 0.097656 0.097656
0 0.350586 0.232910 0.097656 0.098633
0 0.285156 0.467285 0.048828 0.049805
0 0.350098 0.326660 0.110352 0.110352
0 0.353516 0.684570 0.097656 0.097656
0 0.351074 0.773926 0.110352 0.110352
0 0.350586 0.895020 0.097656 0.098633
0 0.437012 0.943359 0.110352 0.111328
0 0.253906 0.937988 0.097656 0.098633
0 0.257812 0.818359 0.085938 0.085938
0 0.257812 0.719238 0.109375 0.110352
0 0.169922 0.655762 0.097656 0.098633
0 0.182617 0.800293 0.109375 0.110352
0 0.169922 0.895996 0.109375 0.110352
0 0.070312 0.831543 0.109375 0.110352
1 0.071777 0.733398 0.084961 0.085938
0 0.076172 0.267578 0.085938 0.085938
0 0.078125 0.364258 0.097656 0.097656
0 0.069336 0.611328 0.097656 0.097656
0 0.921875 0.130371 0.109375 0.110352
0 0.814453 0.173340 0.109375 0.110352
0 0.730469 0.112305 0.109375 0.111328
0 0.548340 0.125000 0.110352 0.111328
0 0.447266 0.167969 0.109375 0.111328
0 0.448730 0.062500 0.110352 0.111328
0 0.170898 0.204102 0.085938 0.085938
0 0.073730 0.160645 0.110352 0.110352
0 0.078125 0.055664 0.097656 0.097656
0 0.168457 0.114258 0.084961 0.085938
0 0.369141 0.115723 0.097656 0.098633