0 0.623047 0.222656 0.085938 0.085938
0 0.816895 0.227051 0.073242 0.073242
0 0.810059 0.444336 0.084961 0.085938
0 0.814941 0.561035 0.073242 0.073242
0 0.904785 0.386230 0.073242 0.073242
0 0.910645 0.612305 0.084961 0.085938
0 0.903809 0.500488 0.061523 0.061523
0 0.907227 0.728516 0.085938 0.085938
0 0.911621 0.280762 0.073242 0.073242
0 0.061035 0.114258 0.110352 0.111328
0 0.061523 0.224121 0.097656 0.098633
0 0.148438 0.065430 0.109375 0.111328
0 0.150879 0.169922 0.110352 0.111328
0 0.158691 0.266602 0.110352 0.111328
0 0.247070 0.114258 0.097656 0.097656
0 0.249023 0.228516 0.097656 0.097656
0 0.341309 0.062012 0.110352 0.110352
0 0.340820 0.169434 0.097656 0.098633
0 0.436035 0.118164 0.084961 0.085938
0 0.436035 0.226562 0.073242 0.074219
0 0.527832 0.062988 0.073242 0.073242
1 0.529785 0.174316 0.073242 0.073242
0 0.622070 0.118652 0.085938 0.086914
0 0.717285 0.062500 0.084961 0.085938
0 0.718262 0.169922 0.084961 0.085938
0 0.812988 0.118652 0.061523 0.061523
0 0.721680 0.281738 0.085938 0.086914
0 0.534180 0.275879 0.097656 0.098633
0 0.906250 0.061523 0.085938 0.085938
0 0.907227 0.169922 0.085938 0.085938
0 0.809082 0.335449 0.073242 0.073242
0 0.812500 0.666992 0.085938 0.085938
0 0.813477 0.778320 0.097656 0.097656
0 0.716797 0.392578 0.085938 0.085938
0 0.712891 0.504395 0.097656 0.098633
0 0.715820 0.612305 0.085938 0.085938
0 0.715820 0.718750 0.097656 0.097656
0 0.620117 0.339355 0.097656 0.098633
0 0.620117 0.446777 0.097656 0.098633
0 0.622559 0.561523 0.084961 0.085938
0 0.625488 0.669922 0.084961 0.085938
0 0.624023 0.774414 0.097656 0.097656
0 0.528320 0.388184 0.097656 0.098633
0 0.531250 0.500977 0.097656 0.097656
0 0.527832 0.620117 0.084961 0.085938
0 0.526367 0.722656 0.097656 0.097656
0 0.438477 0.333008 0.097656 0.097656
0 0.435547 0.453125 0.085938 0.085938
0 0.437988 0.561523 0.073242 0.074219
0 0.436035 0.669922 0.073242 0.074219
0 0.428223 0.781738 0.073242 0.073242
0 0.340820 0.282227 0.109375 0.111328
0 0.339844 0.393555 0.097656 0.097656
0 0.343750 0.506836 0.097656 0.097656
0 0.344238 0.612305 0.084961 0.085938
0 0.345703 0.721191 0.097656 0.098633
0 0.246094 0.335938 0.097656 0.097656
0 0.246094 0.446777 0.097656 0.098633
0 0.248535 0.557617 0.084961 0.085938
0 0.247070 0.669434 0.097656 0.098633
0 0.247070 0.783691 0.097656 0.098633
0 0.152832 0.395020 0.110352 0.110352
0 0.154785 0.502441 0.110352 0.110352
0 0.151367 0.613281 0.085938 0.085938
0 0.153320 0.722168 0.097656 0.098633
0 0.054688 0.336426 0.097656 0.098633
0 0.051758 0.445801 0.097656 0.098633
0 0.060547 0.559082 0.097656 0.098633
0 0.061523 0.666504 0.097656 0.098633
0 0.058594 0.777832 0.097656 0.098633
0 0.060547 0.890137 0.109375 0.110352
0 0.153320 0.830566 0.109375 0.110352
0 0.248047 0.884766 0.097656 0.097656
0 0.341309 0.835938 0.073242 0.074219
0 0.343750 0.943359 0.097656 0.097656
0 0.433105 0.887695 0.073242 0.074219
0 0.531250 0.830566 0.097656 0.098633
0 0.527344 0.944336 0.085938 0.085938
0 0.624023 0.882324 0.097656 0.098633
0 0.717773 0.833496 0.085938 0.086914
0 0.717773 0.940918 0.097656 0.098633
0 0.817383 0.887207 0.097656 0.098633
0 0.906738 0.827148 0.084961 0.085938
0 0.906738 0.939453 0.084961 0.085938