0 0.275879 0.609375 0.073242 0.074219
0 0.184082 0.689941 0.073242 0.073242
0 0.376465 0.896484 0.073242 0.074219
0 0.944824 0.554199 0.073242 0.073242
0 0.179199 0.575684 0.061523 0.061523
0 0.090820 0.086426 0.097656 0.098633
0 0.091797 0.177734 0.085938 0.085938
0 0.099609 0.295898 0.085938 0.085938
0 0.099609 0.392090 0.097656 0.098633
0 0.091797 0.510742 0.085938 0.085938
0 0.086426 0.614258 0.084961 0.085938
0 0.088867 0.744141 0.085938 0.085938
0 0.197754 0.131836 0.084961 0.085938
0 0.193848 0.233398 0.110352 0.111328
0 0.192383 0.340332 0.109375 0.110352
0 0.191406 0.439941 0.109375 0.110352
0 0.291992 0.501465 0.109375 0.110352
0 0.297363 0.395020 0.110352 0.110352
0 0.295898 0.291992 0.109375 0.111328
0 0.294922 0.173828 0.097656 0.097656
0 0.293945 0.062988 0.097656 0.098633
0 0.382812 0.116699 0.109375 0.110352
0 0.383789 0.222168 0.097656 0.098633
0 0.382812 0.336426 0.109375 0.110352
0 0.376953 0.450684 0.097656 0.098633
0 0.380859 0.552246 0.109375 0.110352
0 0.379883 0.786621 0.097656 0.098633
0 0.560547 0.553711 0.085938 0.085938
0 0.472168 0.064453 0.084961 0.085938
0 0.474609 0.170898 0.085938 0.085938
0 0.477051 0.286133 0.084961 0.085938
0 0.473145 0.408203 0.084961 0.085938
0 0.472656 0.516113 0.097656 0.098633
0 0.475098 0.607422 0.084961 0.085938
0 0.566406 0.119629 0.109375 0.110352
0 0.563477 0.223145 0.097656 0.098633
0 0.564941 0.331543 0.110352 0.110352
0 0.565918 0.452148 0.084961 0.085938
0 0.664551 0.073730 0.110352 0.110352
0 0.666992 0.175293 0.109375 0.110352
0 0.660156 0.279297 0.097656 0.097656
0 0.655273 0.391113 0.109375 0.110352
0 0.661621 0.507324 0.110352 0.110352
0 0.760254 0.120605 0.110352 0.110352
0 0.756348 0.223633 0.110352 0.111328
0 0.748535 0.332520 0.110352 0.110352
0 0.751953 0.452637 0.109375 0.110352
0 0.861328 0.057129 0.097656 0.098633
0 0.859375 0.173828 0.085938 0.085938
0 0.862305 0.291016 0.085938 0.085938
0 0.941406 0.223633 0.097656 0.097656
0 0.950195 0.114258 0.085938 0.085938
0 0.942871 0.672852 0.084961 0.085938
0 0.937988 0.447266 0.084961 0.085938
0 0.857910 0.508789 0.084961 0.085938
0 0.851562 0.615234 0.097656 0.097656
0 0.848633 0.727051 0.097656 0.098633
0 0.752930 0.780273 0.097656 0.097656
0 0.749023 0.667480 0.097656 0.098633
0 0.659180 0.730957 0.097656 0.098633
0 0.561523 0.778809 0.097656 0.098633
0 0.944336 0.786133 0.097656 0.097656
0 0.934570 0.877441 0.097656 0.098633
0 0.847656 0.834473 0.109375 0.110352
0 0.657715 0.941406 0.084961 0.085938
0 0.664062 0.838379 0.097656 0.098633
0 0.562500 0.896973 0.097656 0.098633
0 0.472656 0.833984 0.085938 0.085938
0 0.280762 0.952148 0.084961 0.085938
0 0.283691 0.843750 0.110352 0.111328
0 0.192383 0.892578 0.097656 0.097656