0 0.908691 0.868164 0.110352 0.111328
0 0.809082 0.930664 0.110352 0.111328
0 0.714844 0.883301 0.109375 0.110352
0 0.623047 0.919922 0.109375 0.111328
0 0.528809 0.863770 0.110352 0.110352
0 0.429199 0.923340 0.110352 0.110352
0 0.342773 0.860840 0.109375 0.110352
0 0.236816 0.919434 0.110352 0.110352
0 0.140625 0.867676 0.097656 0.098633
0 0.911621 0.242188 0.084961 0.085938
0 0.916992 0.342773 0.085938 0.085938
0 0.913086 0.434570 0.085938 0.085938
0 0.912598 0.548828 0.084961 0.085938
0 0.907227 0.659668 0.097656 0.098633
0 0.833008 0.078125 0.085938 0.085938
0 0.825195 0.158691 0.109375 0.110352
0 0.822754 0.277344 0.110352 0.111328
0 0.813477 0.393066 0.109375 0.110352
0 0.821289 0.502441 0.109375 0.110352
0 0.810547 0.610352 0.109375 0.111328
0 0.722168 0.109375 0.110352 0.111328
0 0.715332 0.233887 0.110352 0.110352
0 0.717773 0.338379 0.109375 0.110352
0 0.721680 0.438477 0.097656 0.097656
0 0.722656 0.553223 0.097656 0.098633
0 0.717773 0.666992 0.085938 0.085938
0 0.625000 0.064941 0.085938 0.086914
0 0.627930 0.170410 0.097656 0.098633
0 0.629883 0.284668 0.097656 0.098633
0 0.625977 0.393066 0.097656 0.098633
0 0.631348 0.499512 0.084961 0.086914
0 0.629883 0.605957 0.109375 0.110352
0 0.532227 0.107422 0.085938 0.085938
0 0.533203 0.218262 0.097656 0.098633
0 0.532227 0.334473 0.097656 0.098633
0 0.529297 0.440918 0.097656 0.098633
0 0.534180 0.560547 0.097656 0.097656
0 0.528809 0.666992 0.084961 0.085938
0 0.443359 0.062012 0.097656 0.098633
0 0.435059 0.173828 0.084961 0.085938
0 0.435059 0.311523 0.084961 0.085938
0 0.432129 0.397461 0.084961 0.085938
0 0.433594 0.500488 0.109375 0.110352
0 0.439941 0.615234 0.122070 0.123047
0 0.345703 0.115723 0.097656 0.098633
0 0.341797 0.224609 0.097656 0.097656
0 0.349609 0.339355 0.097656 0.098633
0 0.340332 0.449707 0.110352 0.110352
0 0.340332 0.548340 0.110352 0.110352
0 0.336426 0.652832 0.110352 0.110352
0 0.252930 0.059082 0.097656 0.098633
0 0.245117 0.176270 0.097656 0.098633
0 0.250000 0.273926 0.097656 0.098633
0 0.247559 0.392578 0.084961 0.085938
0 0.246094 0.500488 0.097656 0.098633
0 0.247070 0.602051 0.109375 0.110352
0 0.153320 0.112793 0.097656 0.098633
0 0.150391 0.226074 0.097656 0.098633
0 0.146484 0.341797 0.085938 0.085938
0 0.149414 0.446777 0.097656 0.098633
0 0.150391 0.545898 0.097656 0.097656
0 0.143555 0.646973 0.109375 0.110352
1 0.064453 0.162109 0.097656 0.097656