0 0.592285 0.608398 0.073242 0.074219
0 0.690918 0.100586 0.084961 0.085938
0 0.122559 0.103516 0.084961 0.085938
0 0.216797 0.054199 0.097656 0.098633
0 0.312500 0.110840 0.097656 0.098633
0 0.417969 0.050781 0.097656 0.097656
0 0.501953 0.113281 0.097656 0.097656
0 0.784180 0.074219 0.085938 0.085938
0 0.877930 0.560547 0.097656 0.097656
0 0.880859 0.673828 0.097656 0.097656
0 0.878906 0.774902 0.097656 0.098633
0 0.875000 0.882812 0.085938 0.085938
0 0.778320 0.512695 0.085938 0.085938
0 0.779785 0.611328 0.084961 0.085938
0 0.782227 0.725586 0.085938 0.085938
0 0.783203 0.834961 0.085938 0.085938
0 0.783203 0.937500 0.085938 0.085938
0 0.684082 0.553711 0.084961 0.085938
0 0.680176 0.656250 0.084961 0.085938
0 0.680176 0.771484 0.084961 0.085938
0 0.678711 0.880371 0.109375 0.110352
0 0.584473 0.935059 0.110352 0.110352
0 0.585449 0.822754 0.110352 0.110352
0 0.586914 0.710938 0.097656 0.097656
0 0.498047 0.647461 0.085938 0.085938
0 0.482422 0.774902 0.097656 0.098633
0 0.488281 0.884277 0.097656 0.098633
0 0.396484 0.944824 0.097656 0.098633
0 0.402344 0.821777 0.097656 0.098633
0 0.301758 0.552246 0.097656 0.098633
0 0.208984 0.503906 0.097656 0.097656
0 0.210938 0.600098 0.097656 0.098633
0 0.206055 0.717285 0.109375 0.110352
0 0.203125 0.822754 0.109375 0.110352
0 0.111328 0.546387 0.097656 0.098633
0 0.118164 0.651855 0.097656 0.098633
0 0.112793 0.764160 0.110352 0.110352
0 0.109863 0.878418 0.110352 0.110352
0 0.887695 0.222656 0.097656 0.097656
0 0.878906 0.326172 0.097656 0.097656
0 0.872070 0.443848 0.097656 0.098633
0 0.779785 0.416016 0.084961 0.085938
0 0.599121 0.167969 0.084961 0.085938
0 0.586426 0.275879 0.110352 0.110352
0 0.491211 0.214355 0.109375 0.110352
0 0.491211 0.329590 0.097656 0.098633
0 0.416992 0.149902 0.085938 0.086914
0 0.417969 0.248535 0.097656 0.098633
0 0.412598 0.370117 0.084961 0.085938
0 0.310547 0.422852 0.097656 0.097656
0 0.304688 0.315918 0.097656 0.098633
0 0.304688 0.229980 0.097656 0.098633
0 0.210938 0.163574 0.097656 0.098633
0 0.209961 0.270996 0.109375 0.110352
0 0.208984 0.382812 0.097656 0.097656
0 0.123047 0.426758 0.097656 0.097656
0 0.115234 0.211914 0.097656 0.097656
0 0.120117 0.325195 0.097656 0.097656