0 0.356934 0.055664 0.073242 0.074219
0 0.168457 0.560059 0.073242 0.073242
0 0.747559 0.443848 0.073242 0.073242
0 0.652832 0.401367 0.073242 0.074219
0 0.929688 0.060059 0.097656 0.098633
0 0.929688 0.169434 0.097656 0.098633
0 0.833008 0.112793 0.097656 0.098633
0 0.837402 0.214844 0.073242 0.074219
0 0.740234 0.058105 0.097656 0.098633
0 0.740234 0.163086 0.085938 0.085938
0 0.646973 0.104492 0.084961 0.085938
0 0.643555 0.211914 0.097656 0.097656
0 0.545410 0.048828 0.084961 0.085938
0 0.551758 0.163086 0.097656 0.097656
0 0.451660 0.102539 0.073242 0.074219
0 0.447266 0.206543 0.060547 0.061523
1 0.357910 0.142578 0.073242 0.074219
0 0.264648 0.096680 0.097656 0.097656
0 0.258301 0.190430 0.073242 0.074219
0 0.170410 0.050781 0.084961 0.085938
0 0.170410 0.149902 0.073242 0.073242
0 0.068359 0.112793 0.097656 0.098633
0 0.064941 0.370605 0.073242 0.073242
0 0.067871 0.497559 0.073242 0.073242
0 0.073730 0.624512 0.073242 0.073242
0 0.074219 0.724121 0.109375 0.110352
0 0.076172 0.836426 0.109375 0.110352
0 0.162598 0.440430 0.122070 0.123047
0 0.168457 0.670898 0.084961 0.085938
0 0.166504 0.782715 0.110352 0.110352
0 0.164551 0.895508 0.122070 0.123047
0 0.264648 0.393066 0.097656 0.098633
0 0.267090 0.500000 0.122070 0.123047
0 0.269531 0.612793 0.109375 0.110352
0 0.256836 0.726074 0.109375 0.110352
0 0.260254 0.835449 0.110352 0.110352
0 0.360840 0.365234 0.084961 0.085938
0 0.361328 0.448242 0.097656 0.097656
0 0.359863 0.568359 0.122070 0.123047
0 0.366211 0.664551 0.109375 0.110352
0 0.371094 0.780762 0.109375 0.110352
0 0.364258 0.888184 0.109375 0.110352
0 0.452637 0.390625 0.084961 0.085938
0 0.454590 0.502930 0.122070 0.123047
0 0.466797 0.716797 0.085938 0.085938
0 0.450195 0.834473 0.109375 0.110352
0 0.546875 0.454102 0.097656 0.097656
0 0.555176 0.560547 0.122070 0.123047
0 0.555176 0.669922 0.110352 0.111328
0 0.553223 0.771973 0.110352 0.110352
0 0.546387 0.887207 0.110352 0.110352
0 0.642578 0.496582 0.109375 0.110352
0 0.647461 0.609375 0.109375 0.111328
0 0.646973 0.721680 0.122070 0.123047
0 0.645020 0.836426 0.110352 0.110352
0 0.742676 0.554199 0.110352 0.110352
0 0.745605 0.665039 0.122070 0.123047
0 0.744629 0.777344 0.122070 0.123047
0 0.750000 0.881836 0.109375 0.111328
0 0.840332 0.393066 0.061523 0.061523
0 0.838867 0.499512 0.097656 0.098633
0 0.837891 0.611816 0.097656 0.098633
0 0.844727 0.705078 0.097656 0.097656
0 0.838379 0.832031 0.122070 0.123047
0 0.938477 0.441895 0.097656 0.098633
0 0.932617 0.560059 0.097656 0.098633
0 0.932129 0.656250 0.122070 0.123047
0 0.931152 0.772461 0.122070 0.123047
0 0.931152 0.885742 0.122070 0.123047
0 0.843750 0.930664 0.097656 0.097656