0 0.129395 0.039551 0.073242 0.073242
0 0.787598 0.097656 0.073242 0.074219
0 0.694336 0.036621 0.060547 0.061523
0 0.796387 0.537598 0.073242 0.073242
0 0.869629 0.688477 0.073242 0.074219
0 0.869141 0.805664 0.085938 0.085938
0 0.870605 0.918945 0.084961 0.085938
1 0.788574 0.864258 0.073242 0.074219
0 0.690918 0.801758 0.084961 0.085938
0 0.687988 0.922852 0.084961 0.085938
0 0.601562 0.875977 0.085938 0.085938
0 0.507812 0.805176 0.097656 0.098633
0 0.503418 0.929199 0.110352 0.110352
0 0.416992 0.874512 0.109375 0.110352
0 0.230957 0.853516 0.084961 0.085938
0 0.128906 0.811523 0.097656 0.097656
0 0.117188 0.920410 0.109375 0.110352
1 0.793457 0.740234 0.073242 0.074219
1 0.788574 0.632324 0.073242 0.073242
0 0.695312 0.590820 0.085938 0.085938
0 0.695312 0.706055 0.085938 0.085938
1 0.884277 0.594727 0.073242 0.074219
1 0.884277 0.475098 0.073242 0.073242
0 0.884277 0.254883 0.084961 0.085938
0 0.881836 0.152344 0.085938 0.085938
0 0.502930 0.168945 0.085938 0.085938
0 0.319336 0.282227 0.085938 0.085938
0 0.410156 0.311523 0.085938 0.085938
0 0.789062 0.207031 0.097656 0.097656
0 0.790039 0.310059 0.097656 0.098633
0 0.796387 0.430664 0.084961 0.085938
0 0.881348 0.363281 0.084961 0.085938
0 0.702148 0.156250 0.109375 0.111328
0 0.695801 0.263184 0.110352 0.110352
0 0.696777 0.370605 0.110352 0.110352
0 0.697754 0.490723 0.110352 0.110352
0 0.607422 0.547852 0.085938 0.085938
0 0.608398 0.637695 0.085938 0.085938
0 0.612793 0.439453 0.084961 0.085938
0 0.608887 0.308105 0.110352 0.110352
0 0.604980 0.206543 0.110352 0.110352
0 0.609375 0.101562 0.085938 0.085938
0 0.505371 0.286133 0.110352 0.111328
0 0.501465 0.396973 0.110352 0.110352
0 0.503906 0.504395 0.097656 0.098633
0 0.508789 0.585449 0.097656 0.098633
0 0.409668 0.659180 0.084961 0.085938
0 0.411133 0.754395 0.097656 0.098633
0 0.507812 0.699707 0.097656 0.098633
0 0.612305 0.750488 0.097656 0.098633
0 0.413086 0.551270 0.097656 0.098633
0 0.315430 0.154297 0.097656 0.097656
1 0.421875 0.090820 0.097656 0.097656
0 0.415039 0.207031 0.085938 0.085938
0 0.317871 0.388672 0.084961 0.085938
0 0.415039 0.458008 0.085938 0.085938
0 0.235352 0.342773 0.085938 0.085938
0 0.228027 0.216797 0.084961 0.085938
0 0.320312 0.702148 0.097656 0.097656
0 0.319336 0.587402 0.097656 0.098633
0 0.320801 0.487305 0.084961 0.085938
0 0.238281 0.436523 0.097656 0.097656
0 0.227539 0.541016 0.085938 0.085938
0 0.231445 0.642578 0.085938 0.085938
0 0.224609 0.751465 0.085938 0.086914
0 0.129883 0.162109 0.097656 0.097656
0 0.132324 0.263672 0.084961 0.085938
0 0.129883 0.366211 0.097656 0.097656
0 0.128906 0.480957 0.097656 0.098633
0 0.129395 0.593750 0.084961 0.085938
0 0.135742 0.704102 0.085938 0.085938
1 0.224121 0.120117 0.084961 0.085938
0 0.317871 0.921387 0.110352 0.110352
0 0.319824 0.815430 0.084961 0.085938