0 0.285645 0.881836 0.073242 0.074219
0 0.097656 0.099121 0.097656 0.098633
0 0.097656 0.233398 0.097656 0.097656
0 0.197266 0.152832 0.097656 0.098633
0 0.199219 0.058105 0.097656 0.098633
0 0.284180 0.121582 0.097656 0.098633
0 0.286621 0.236328 0.084961 0.085938
0 0.380859 0.060547 0.109375 0.111328
0 0.373047 0.184082 0.097656 0.098633
0 0.465820 0.133301 0.097656 0.098633
0 0.569824 0.058594 0.084961 0.085938
0 0.556641 0.183105 0.097656 0.098633
0 0.465820 0.228516 0.097656 0.097656
0 0.664062 0.233887 0.109375 0.110352
0 0.670410 0.110352 0.110352 0.111328
0 0.762207 0.157227 0.110352 0.111328
0 0.860352 0.113281 0.097656 0.097656
0 0.948242 0.148438 0.085938 0.085938
0 0.852539 0.231445 0.097656 0.097656
0 0.100098 0.673828 0.084961 0.085938
0 0.103516 0.791992 0.085938 0.085938
0 0.100586 0.872559 0.097656 0.098633
0 0.194336 0.604492 0.085938 0.085938
0 0.194336 0.728516 0.085938 0.085938
0 0.191406 0.855957 0.085938 0.086914
0 0.279297 0.669922 0.097656 0.097656
0 0.286133 0.771484 0.097656 0.097656
0 0.386719 0.679199 0.097656 0.098633
0 0.393555 0.823730 0.097656 0.098633
0 0.382812 0.938477 0.085938 0.085938
0 0.470703 0.671875 0.085938 0.085938
0 0.474609 0.778320 0.097656 0.097656
0 0.471680 0.887695 0.085938 0.085938
0 0.566406 0.728516 0.085938 0.085938
0 0.566406 0.833008 0.085938 0.085938
0 0.660156 0.889160 0.097656 0.098633
0 0.662109 0.772949 0.097656 0.098633
0 0.658203 0.666504 0.097656 0.098633
0 0.754883 0.720215 0.109375 0.110352
0 0.754883 0.823730 0.097656 0.098633
0 0.757812 0.932129 0.097656 0.098633
0 0.849609 0.661621 0.097656 0.098633
0 0.854492 0.777344 0.097656 0.097656
0 0.848145 0.879883 0.084961 0.085938
0 0.945312 0.923340 0.097656 0.098633
0 0.946289 0.704590 0.097656 0.098633
0 0.948242 0.595215 0.097656 0.098633
0 0.944336 0.492188 0.085938 0.085938
0 0.944336 0.264648 0.097656 0.097656
0 0.855469 0.335938 0.097656 0.097656
0 0.849609 0.432129 0.097656 0.098633
0 0.847656 0.555176 0.097656 0.098633
0 0.760742 0.611816 0.109375 0.110352
0 0.754395 0.498535 0.110352 0.110352
0 0.767090 0.385254 0.110352 0.110352
0 0.758301 0.273926 0.110352 0.110352
0 0.671875 0.340332 0.097656 0.098633
0 0.657227 0.451660 0.109375 0.110352
0 0.659180 0.557617 0.085938 0.085938
0 0.559082 0.620117 0.084961 0.085938
0 0.566406 0.504395 0.097656 0.098633
0 0.572266 0.395996 0.097656 0.098633
0 0.568359 0.287109 0.085938 0.085938
0 0.474609 0.336426 0.097656 0.098633
0 0.471680 0.455566 0.097656 0.098633
0 0.472168 0.553711 0.084961 0.085938
0 0.377930 0.583984 0.097656 0.097656
0 0.377930 0.484863 0.109375 0.110352
0 0.381348 0.394043 0.110352 0.110352
0 0.375977 0.285645 0.097656 0.098633
0 0.285156 0.328613 0.097656 0.098633
0 0.290039 0.424805 0.097656 0.097656
0 0.279297 0.558594 0.085938 0.085938
0 0.191406 0.498047 0.097656 0.097656
0 0.198242 0.392578 0.097656 0.097656
0 0.198242 0.286621 0.097656 0.098633
0 0.106934 0.338867 0.110352 0.111328
0 0.101074 0.451172 0.084961 0.085938
0 0.102051 0.556641 0.084961 0.085938