0 0.882324 0.128906 0.073242 0.074219
0 0.864258 0.903320 0.109375 0.111328
0 0.864258 0.794434 0.109375 0.110352
0 0.869141 0.681152 0.097656 0.098633
0 0.866211 0.570312 0.097656 0.097656
0 0.870117 0.449219 0.097656 0.097656
0 0.866211 0.356934 0.109375 0.110352
0 0.780273 0.406250 0.097656 0.097656
0 0.770508 0.527344 0.097656 0.097656
0 0.778320 0.623535 0.097656 0.098633
0 0.771484 0.735352 0.097656 0.097656
0 0.773926 0.850098 0.110352 0.110352
1 0.392578 0.638672 0.085938 0.085938
0 0.107910 0.902344 0.084961 0.085938
0 0.205078 0.861328 0.085938 0.085938
0 0.205078 0.951172 0.085938 0.085938
0 0.300781 0.892578 0.085938 0.085938
0 0.308594 0.805664 0.085938 0.085938
0 0.674805 0.278320 0.085938 0.085938
0 0.677246 0.468750 0.084961 0.085938
0 0.585938 0.192871 0.109375 0.110352
0 0.584473 0.300781 0.084961 0.085938
0 0.583984 0.629883 0.085938 0.085938
0 0.581543 0.733887 0.110352 0.110352
0 0.582520 0.854004 0.110352 0.110352
0 0.679688 0.913574 0.097656 0.098633
0 0.683594 0.801758 0.097656 0.097656
0 0.682617 0.680664 0.097656 0.097656
0 0.675781 0.568848 0.085938 0.086914
0 0.491211 0.246094 0.085938 0.085938
0 0.491211 0.354004 0.097656 0.098633
0 0.487305 0.443848 0.097656 0.098633
0 0.488281 0.678223 0.097656 0.098633
0 0.488281 0.785645 0.097656 0.098633
0 0.481445 0.905762 0.097656 0.098633
0 0.391113 0.951172 0.084961 0.085938
0 0.401367 0.179688 0.097656 0.097656
0 0.396484 0.305664 0.097656 0.097656
0 0.394531 0.400879 0.097656 0.098633
0 0.395508 0.507324 0.097656 0.098633
0 0.388672 0.738770 0.097656 0.098633
0 0.387695 0.844238 0.097656 0.098633
0 0.303711 0.556641 0.085938 0.085938
0 0.307617 0.451172 0.085938 0.085938
0 0.305176 0.345703 0.084961 0.085938
0 0.305176 0.243164 0.084961 0.085938
0 0.212402 0.183105 0.110352 0.110352
0 0.208496 0.299316 0.110352 0.110352
0 0.201660 0.412598 0.110352 0.110352
0 0.200195 0.525391 0.109375 0.111328
0 0.204102 0.626953 0.109375 0.111328
0 0.108398 0.682617 0.109375 0.111328
0 0.116211 0.573730 0.109375 0.110352
0 0.116211 0.449707 0.109375 0.110352
0 0.116699 0.357422 0.110352 0.111328
0 0.123047 0.229980 0.109375 0.110352
0 0.785156 0.082031 0.085938 0.085938
0 0.785156 0.185059 0.097656 0.098633
0 0.679199 0.131836 0.084961 0.085938
0 0.589844 0.081543 0.109375 0.110352
0 0.501953 0.133789 0.109375 0.111328
0 0.394531 0.085449 0.109375 0.110352
0 0.308105 0.133789 0.084961 0.085938
0 0.209961 0.066895 0.109375 0.110352
0 0.114258 0.120605 0.109375 0.110352