0 0.159668 0.882324 0.073242 0.073242
0 0.233887 0.955078 0.073242 0.074219
0 0.906738 0.447266 0.084961 0.085938
0 0.902832 0.569824 0.110352 0.110352
0 0.902832 0.682617 0.110352 0.111328
0 0.902344 0.784180 0.109375 0.111328
0 0.903809 0.895996 0.110352 0.110352
0 0.806641 0.949219 0.097656 0.097656
0 0.801758 0.839844 0.097656 0.097656
0 0.803223 0.735840 0.110352 0.110352
0 0.801758 0.616211 0.109375 0.111328
0 0.803223 0.512207 0.110352 0.110352
0 0.716797 0.450684 0.097656 0.098633
0 0.716797 0.560059 0.109375 0.110352
0 0.719238 0.678223 0.110352 0.110352
0 0.713867 0.790527 0.109375 0.110352
0 0.708496 0.895996 0.110352 0.110352
0 0.613281 0.829590 0.097656 0.098633
0 0.614258 0.619629 0.097656 0.098633
0 0.618164 0.499023 0.097656 0.097656
0 0.522949 0.565430 0.084961 0.085938
0 0.526367 0.673340 0.109375 0.110352
0 0.516113 0.785156 0.110352 0.111328
0 0.426758 0.718750 0.097656 0.097656
0 0.425781 0.580566 0.097656 0.098633
0 0.425781 0.490723 0.109375 0.110352
0 0.333984 0.450684 0.097656 0.098633
0 0.337891 0.567871 0.109375 0.110352
0 0.340332 0.679688 0.084961 0.085938
0 0.060547 0.500977 0.048828 0.048828
0 0.235840 0.514160 0.084961 0.086914
0 0.235840 0.610352 0.084961 0.085938
0 0.248535 0.735352 0.110352 0.111328
0 0.155762 0.757324 0.110352 0.110352
0 0.056152 0.711914 0.084961 0.085938
0 0.147949 0.559570 0.084961 0.085938
0 0.149414 0.666016 0.048828 0.048828
0 0.353027 0.923828 0.084961 0.085938
0 0.058594 0.943359 0.109375 0.111328
0 0.053711 0.608887 0.048828 0.049805
0 0.918945 0.173340 0.109375 0.110352
0 0.815430 0.115723 0.109375 0.110352
0 0.816895 0.213379 0.110352 0.110352
0 0.718750 0.171387 0.109375 0.110352
0 0.719727 0.057129 0.097656 0.098633
0 0.528809 0.058105 0.110352 0.110352
0 0.525879 0.144043 0.110352 0.110352
0 0.630859 0.153320 0.109375 0.111328
0 0.434570 0.073730 0.097656 0.098633
0 0.430176 0.182129 0.110352 0.110352
0 0.346680 0.142578 0.097656 0.097656
0 0.351562 0.064941 0.097656 0.098633
0 0.249512 0.089355 0.073242 0.073242
0 0.255859 0.187988 0.097656 0.098633
0 0.068359 0.117676 0.097656 0.098633