0 0.227539 0.270020 0.109375 0.110352
0 0.893555 0.206543 0.085938 0.086914
0 0.407715 0.370117 0.073242 0.074219
0 0.890625 0.100586 0.085938 0.085938
0 0.802246 0.049316 0.024414 0.024414
0 0.796387 0.162598 0.024414 0.024414
0 0.704590 0.081543 0.024414 0.024414
0 0.700684 0.196777 0.024414 0.024414
0 0.696777 0.306152 0.024414 0.024414
0 0.699707 0.388184 0.024414 0.024414
0 0.797363 0.249512 0.024414 0.024414
0 0.790527 0.356934 0.024414 0.024414
0 0.890625 0.387695 0.037109 0.037109
0 0.887695 0.305176 0.109375 0.110352
0 0.409180 0.151367 0.097656 0.097656
0 0.414062 0.262695 0.097656 0.097656
0 0.317383 0.105469 0.097656 0.097656
0 0.312988 0.210449 0.110352 0.110352
0 0.313477 0.319824 0.097656 0.098633
0 0.225586 0.154297 0.097656 0.097656
0 0.229980 0.375488 0.073242 0.073242
0 0.125000 0.105957 0.109375 0.110352
0 0.126953 0.213379 0.097656 0.098633
0 0.130859 0.317871 0.097656 0.098633
0 0.038574 0.369629 0.073242 0.073242
0 0.044922 0.538574 0.060547 0.061523
0 0.134277 0.592773 0.084961 0.085938
0 0.129883 0.700684 0.097656 0.098633
0 0.133301 0.814941 0.122070 0.122070
0 0.137695 0.922363 0.097656 0.098633
0 0.226562 0.539551 0.060547 0.061523
0 0.229492 0.648926 0.097656 0.098633
0 0.224609 0.761230 0.097656 0.098633
0 0.225586 0.872559 0.097656 0.098633
0 0.318359 0.595703 0.085938 0.085938
0 0.319336 0.699707 0.097656 0.098633
0 0.321289 0.812988 0.097656 0.098633
0 0.318359 0.926270 0.097656 0.098633
0 0.416504 0.546875 0.036133 0.037109
0 0.416992 0.645508 0.097656 0.097656
0 0.416016 0.754395 0.109375 0.110352
0 0.413574 0.875000 0.122070 0.123047
0 0.512207 0.604492 0.084961 0.085938
0 0.509766 0.702148 0.097656 0.097656
0 0.508301 0.818359 0.110352 0.111328
0 0.504395 0.930664 0.122070 0.123047
0 0.612305 0.551270 0.060547 0.061523
0 0.604492 0.649414 0.085938 0.085938
0 0.605957 0.760742 0.110352 0.111328
0 0.598145 0.874023 0.122070 0.123047
0 0.701172 0.599609 0.085938 0.085938
0 0.693359 0.709473 0.097656 0.098633
0 0.703125 0.819824 0.109375 0.110352
0 0.700684 0.931641 0.122070 0.123047
0 0.798340 0.558105 0.061523 0.061523
0 0.794922 0.651855 0.097656 0.098633
0 0.799316 0.766602 0.122070 0.123047
0 0.791992 0.875488 0.109375 0.110352
0 0.892578 0.601074 0.097656 0.098633
0 0.888184 0.710449 0.110352 0.110352
0 0.880371 0.814453 0.122070 0.123047
0 0.889160 0.937012 0.110352 0.110352