0 0.133301 0.502930 0.073242 0.074219
0 0.895996 0.065918 0.110352 0.110352
0 0.900879 0.177246 0.110352 0.110352
0 0.901367 0.289062 0.109375 0.111328
0 0.900391 0.389648 0.097656 0.097656
0 0.903320 0.509277 0.109375 0.110352
0 0.803711 0.127930 0.097656 0.097656
0 0.808594 0.239258 0.097656 0.097656
0 0.804688 0.350098 0.109375 0.110352
0 0.808594 0.457520 0.109375 0.110352
0 0.708984 0.172852 0.109375 0.111328
0 0.713867 0.282227 0.097656 0.097656
0 0.712402 0.391113 0.110352 0.110352
0 0.709473 0.500488 0.110352 0.110352
0 0.618652 0.115234 0.110352 0.111328
0 0.615723 0.225098 0.110352 0.110352
0 0.620605 0.341309 0.110352 0.110352
0 0.613770 0.450684 0.110352 0.110352
0 0.518066 0.060059 0.110352 0.110352
0 0.520020 0.179199 0.110352 0.110352
0 0.520508 0.282715 0.109375 0.110352
0 0.518555 0.393066 0.109375 0.110352
0 0.515625 0.503418 0.097656 0.098633
0 0.427734 0.117676 0.109375 0.110352
0 0.424805 0.226074 0.109375 0.110352
0 0.425781 0.339355 0.097656 0.098633
0 0.430664 0.442871 0.097656 0.098633
0 0.330078 0.062988 0.109375 0.110352
0 0.333008 0.175293 0.109375 0.110352
0 0.329590 0.278809 0.110352 0.110352
0 0.329590 0.392090 0.110352 0.110352
0 0.327637 0.501465 0.110352 0.110352
0 0.233398 0.114746 0.097656 0.098633
0 0.230469 0.225098 0.097656 0.098633
0 0.232422 0.335449 0.097656 0.098633
0 0.233398 0.448242 0.097656 0.097656
0 0.233398 0.549805 0.097656 0.097656
0 0.142578 0.055176 0.097656 0.098633
0 0.139648 0.175293 0.109375 0.110352
0 0.135742 0.283691 0.097656 0.098633
0 0.133789 0.385742 0.097656 0.097656
0 0.139648 0.611328 0.085938 0.085938
0 0.137695 0.722168 0.097656 0.098633
0 0.132812 0.844238 0.097656 0.098633
0 0.236328 0.673340 0.097656 0.098633
0 0.227539 0.783203 0.085938 0.085938
0 0.229492 0.891113 0.097656 0.098633
0 0.328613 0.611816 0.110352 0.110352
0 0.334473 0.722168 0.110352 0.110352
0 0.334473 0.833496 0.110352 0.110352
0 0.417969 0.559082 0.109375 0.110352
0 0.420898 0.672363 0.109375 0.110352
0 0.422363 0.775879 0.110352 0.110352
0 0.424316 0.898926 0.110352 0.110352
0 0.517578 0.617676 0.109375 0.110352
0 0.523438 0.727051 0.109375 0.110352
0 0.517578 0.836426 0.109375 0.110352
0 0.607910 0.560547 0.110352 0.111328
0 0.612305 0.677734 0.097656 0.097656
0 0.614258 0.780762 0.109375 0.110352
0 0.617188 0.895020 0.097656 0.098633
0 0.710449 0.617188 0.110352 0.111328
0 0.710449 0.732422 0.110352 0.111328
0 0.706543 0.842285 0.110352 0.110352
0 0.802734 0.563965 0.109375 0.110352
0 0.808594 0.679688 0.109375 0.111328
0 0.807129 0.787109 0.110352 0.111328
0 0.808105 0.899414 0.110352 0.111328
0 0.902344 0.621582 0.097656 0.098633
0 0.898438 0.735840 0.109375 0.110352
0 0.898438 0.840820 0.109375 0.111328