0 0.742676 0.187988 0.073242 0.073242
0 0.815918 0.338867 0.073242 0.074219
0 0.931641 0.855469 0.085938 0.085938
0 0.917480 0.512207 0.084961 0.086914
0 0.923828 0.616211 0.097656 0.097656
0 0.916992 0.747559 0.097656 0.098633
0 0.815430 0.456055 0.085938 0.085938
0 0.816895 0.569336 0.084961 0.085938
0 0.824219 0.682617 0.097656 0.097656
0 0.828125 0.785645 0.109375 0.110352
0 0.838379 0.922852 0.084961 0.085938
0 0.733887 0.843750 0.110352 0.111328
0 0.736328 0.742188 0.109375 0.111328
0 0.734375 0.626465 0.097656 0.098633
1 0.734863 0.514648 0.073242 0.074219
0 0.637207 0.452148 0.084961 0.085938
0 0.634277 0.573242 0.084961 0.085938
0 0.636719 0.682129 0.109375 0.110352
0 0.639648 0.790527 0.097656 0.098633
0 0.645508 0.914062 0.085938 0.085938
0 0.559082 0.849609 0.084961 0.085938
0 0.562012 0.737305 0.084961 0.085938
0 0.562500 0.631348 0.097656 0.098633
0 0.547852 0.526367 0.085938 0.085938
0 0.454102 0.455566 0.097656 0.098633
0 0.449707 0.579590 0.110352 0.110352
0 0.450684 0.686035 0.110352 0.110352
0 0.454590 0.795410 0.096680 0.098633
0 0.455566 0.899414 0.084961 0.085938
0 0.363281 0.524902 0.109375 0.110352
0 0.363281 0.631348 0.097656 0.098633
0 0.362793 0.741699 0.110352 0.110352
0 0.360352 0.854980 0.109375 0.110352
0 0.177246 0.503906 0.084961 0.085938
0 0.188477 0.633789 0.097656 0.097656
0 0.184570 0.738770 0.097656 0.098633
0 0.171875 0.854980 0.097656 0.098633
0 0.075195 0.461914 0.097656 0.097656
0 0.063477 0.570801 0.109375 0.110352
0 0.072266 0.685547 0.097656 0.097656
0 0.070312 0.801270 0.097656 0.098633
0 0.072266 0.912109 0.097656 0.097656
1 0.739746 0.390625 0.073242 0.074219
1 0.734863 0.282715 0.073242 0.073242
0 0.641602 0.241211 0.085938 0.085938
0 0.641602 0.356445 0.085938 0.085938
1 0.830566 0.245117 0.073242 0.074219
1 0.830566 0.125488 0.073242 0.073242
0 0.920898 0.170898 0.085938 0.085938
0 0.925781 0.291016 0.085938 0.085938
0 0.923340 0.071289 0.084961 0.085938
0 0.924316 0.397461 0.084961 0.085938
0 0.742676 0.081055 0.084961 0.085938
0 0.644043 0.141113 0.110352 0.110352
0 0.553711 0.198242 0.085938 0.085938
0 0.554688 0.288086 0.085938 0.085938
0 0.559082 0.089844 0.084961 0.085938
0 0.450195 0.154785 0.097656 0.098633
0 0.455078 0.235840 0.097656 0.098633
0 0.355957 0.309570 0.084961 0.085938
0 0.357422 0.404785 0.097656 0.098633
0 0.454102 0.350098 0.097656 0.098633
0 0.558594 0.400879 0.097656 0.098633
0 0.359375 0.201660 0.097656 0.098633
0 0.361328 0.108398 0.085938 0.085938
0 0.266602 0.352539 0.097656 0.097656
0 0.265625 0.237793 0.097656 0.098633
0 0.267090 0.137695 0.084961 0.085938
0 0.184570 0.086914 0.097656 0.097656
0 0.173828 0.191406 0.085938 0.085938
0 0.177734 0.292969 0.085938 0.085938
0 0.170898 0.401855 0.085938 0.086914
0 0.075195 0.131348 0.097656 0.098633
0 0.075684 0.244141 0.084961 0.085938
0 0.082031 0.354492 0.085938 0.085938
0 0.264160 0.571777 0.110352 0.110352
0 0.265625 0.693848 0.109375 0.110352
0 0.265625 0.809082 0.109375 0.110352
0 0.260742 0.904785 0.109375 0.110352
0 0.266113 0.465820 0.084961 0.085938