0 0.073242 0.148926 0.097656 0.098633
0 0.168945 0.092285 0.109375 0.110352
0 0.258789 0.147461 0.097656 0.097656
0 0.355469 0.083984 0.097656 0.097656
0 0.454590 0.140625 0.110352 0.111328
0 0.547852 0.085449 0.097656 0.098633
0 0.549805 0.196289 0.097656 0.097656
0 0.548828 0.311523 0.085938 0.085938
0 0.549316 0.416504 0.061523 0.061523
0 0.549805 0.530762 0.097656 0.098633
1 0.548340 0.637207 0.110352 0.110352
0 0.641602 0.469727 0.085938 0.085938
0 0.656738 0.586914 0.084961 0.085938
0 0.453125 0.254883 0.097656 0.097656
0 0.452637 0.362305 0.084961 0.085938
0 0.453613 0.481934 0.110352 0.110352
0 0.454102 0.587402 0.109375 0.110352
0 0.354980 0.178711 0.110352 0.111328
0 0.365234 0.299316 0.097656 0.098633
0 0.355469 0.419434 0.060547 0.061523
0 0.357422 0.518066 0.109375 0.110352
0 0.355469 0.637207 0.109375 0.110352
0 0.265625 0.249512 0.097656 0.098633
0 0.269531 0.365723 0.097656 0.098633
0 0.261719 0.471191 0.097656 0.098633
0 0.261719 0.579590 0.097656 0.098633
0 0.167969 0.195801 0.097656 0.098633
0 0.168945 0.305176 0.097656 0.098633
0 0.169434 0.421387 0.073242 0.073242
0 0.170898 0.525879 0.097656 0.098633
0 0.168945 0.639160 0.097656 0.098633
0 0.078613 0.255371 0.110352 0.110352
0 0.071289 0.353027 0.097656 0.098633
0 0.068359 0.482910 0.097656 0.098633
0 0.074219 0.588379 0.109375 0.110352
0 0.076660 0.688965 0.110352 0.110352
0 0.075195 0.810547 0.085938 0.085938
0 0.075195 0.916992 0.097656 0.097656
0 0.171387 0.747559 0.110352 0.110352
0 0.170410 0.852539 0.110352 0.111328
0 0.265625 0.689941 0.109375 0.110352
0 0.263184 0.807129 0.110352 0.110352
0 0.265137 0.913574 0.110352 0.110352
0 0.353516 0.741699 0.109375 0.110352
0 0.352539 0.854980 0.109375 0.110352
0 0.453125 0.691895 0.097656 0.098633
0 0.453125 0.803223 0.109375 0.110352
0 0.456055 0.909668 0.097656 0.098633
0 0.552246 0.738770 0.110352 0.110352
0 0.547363 0.853027 0.110352 0.110352
0 0.652344 0.694336 0.085938 0.085938
0 0.655762 0.795898 0.084961 0.085938
0 0.650879 0.907227 0.084961 0.085938
0 0.738281 0.529297 0.097656 0.097656
0 0.750977 0.636719 0.097656 0.097656
0 0.747070 0.748535 0.109375 0.110352
0 0.745117 0.854004 0.109375 0.110352
0 0.843262 0.583008 0.110352 0.111328
0 0.847168 0.692383 0.110352 0.111328
0 0.846680 0.804199 0.109375 0.110352
0 0.842773 0.906738 0.097656 0.098633
0 0.837402 0.472656 0.084961 0.085938
0 0.937500 0.529785 0.097656 0.098633
0 0.937500 0.635742 0.097656 0.097656
0 0.940430 0.744141 0.097656 0.097656
0 0.941895 0.852539 0.110352 0.111328