0 0.280762 0.716309 0.073242 0.073242
0 0.370605 0.862305 0.073242 0.074219
0 0.371582 0.757324 0.073242 0.073242
0 0.467285 0.800293 0.073242 0.073242
0 0.187012 0.779297 0.084961 0.085938
0 0.282715 0.811523 0.073242 0.074219
0 0.287598 0.927734 0.073242 0.074219
0 0.470703 0.905273 0.085938 0.085938
0 0.842285 0.843750 0.073242 0.074219
0 0.826660 0.736328 0.073242 0.074219
0 0.842285 0.932129 0.073242 0.073242
0 0.937988 0.893555 0.073242 0.074219
0 0.663574 0.092773 0.084961 0.085938
0 0.662598 0.215820 0.084961 0.085938
0 0.572266 0.046875 0.085938 0.085938
0 0.566406 0.154297 0.085938 0.085938
0 0.478516 0.100098 0.097656 0.098633
0 0.379883 0.158691 0.097656 0.098633
0 0.284180 0.099121 0.097656 0.098633
0 0.282227 0.212402 0.097656 0.098633
0 0.188477 0.162109 0.085938 0.085938
0 0.097656 0.099121 0.097656 0.098633
0 0.096191 0.219727 0.084961 0.085938
0 0.099609 0.327148 0.097656 0.097656
0 0.093262 0.421875 0.084961 0.085938
0 0.188477 0.272461 0.085938 0.085938
0 0.190430 0.375977 0.085938 0.085938
0 0.284180 0.317383 0.085938 0.085938
0 0.281250 0.424805 0.085938 0.085938
0 0.385254 0.265625 0.084961 0.085938
0 0.376953 0.366699 0.097656 0.098633
0 0.476562 0.218262 0.097656 0.098633
0 0.474609 0.319824 0.097656 0.098633
1 0.566406 0.262695 0.085938 0.085938
0 0.571289 0.372559 0.097656 0.098633
0 0.668945 0.324219 0.085938 0.085938
0 0.094727 0.624023 0.097656 0.097656
0 0.098633 0.737305 0.097656 0.097656
0 0.098633 0.841797 0.097656 0.097656
0 0.185059 0.675781 0.073242 0.074219
0 0.192383 0.897461 0.085938 0.085938
0 0.279297 0.618652 0.060547 0.061523
0 0.367188 0.650879 0.060547 0.061523
0 0.455566 0.603027 0.061523 0.061523
0 0.456543 0.689941 0.061523 0.061523
0 0.561523 0.670410 0.048828 0.049805
0 0.560547 0.773926 0.048828 0.049805
0 0.563965 0.883301 0.073242 0.073242
0 0.635742 0.633301 0.060547 0.061523
0 0.639648 0.730957 0.060547 0.061523
0 0.639648 0.815918 0.060547 0.061523
0 0.648926 0.924316 0.061523 0.061523
0 0.724121 0.685059 0.061523 0.061523
0 0.731934 0.790527 0.073242 0.073242
0 0.745605 0.878418 0.073242 0.073242
0 0.813965 0.624512 0.061523 0.061523
0 0.933105 0.776367 0.073242 0.074219