0 0.062988 0.806641 0.073242 0.074219
0 0.925781 0.090332 0.109375 0.110352
0 0.924805 0.209473 0.109375 0.110352
0 0.830078 0.046875 0.085938 0.085938
0 0.830078 0.146973 0.109375 0.110352
0 0.832031 0.255371 0.097656 0.098633
0 0.738770 0.086426 0.110352 0.110352
0 0.739746 0.198730 0.110352 0.110352
0 0.644531 0.132324 0.109375 0.110352
0 0.639648 0.247070 0.109375 0.111328
0 0.742676 0.305664 0.110352 0.111328
0 0.551758 0.082031 0.109375 0.111328
0 0.547852 0.200195 0.109375 0.111328
0 0.457520 0.134766 0.110352 0.111328
0 0.449707 0.252441 0.110352 0.110352
0 0.351562 0.075195 0.097656 0.097656
0 0.354004 0.193359 0.084961 0.085938
0 0.252441 0.141113 0.110352 0.110352
0 0.254883 0.251465 0.109375 0.110352
0 0.161133 0.099121 0.109375 0.110352
0 0.157227 0.198730 0.097656 0.098633
0 0.065430 0.133301 0.097656 0.098633
0 0.065918 0.257324 0.110352 0.110352
0 0.064941 0.355957 0.110352 0.110352
0 0.062500 0.478027 0.097656 0.098633
0 0.063965 0.584961 0.110352 0.111328
0 0.158203 0.307129 0.097656 0.098633
0 0.155273 0.423340 0.109375 0.110352
0 0.154297 0.535645 0.109375 0.110352
0 0.154785 0.642090 0.110352 0.110352
0 0.252930 0.363770 0.109375 0.110352
0 0.251953 0.476074 0.109375 0.110352
0 0.254883 0.584473 0.109375 0.110352
0 0.352539 0.301270 0.097656 0.098633
0 0.341797 0.423340 0.097656 0.098633
0 0.350586 0.540527 0.097656 0.098633
0 0.349609 0.635254 0.097656 0.098633
0 0.448730 0.364746 0.110352 0.110352
0 0.451660 0.468262 0.110352 0.110352
0 0.459473 0.577637 0.084961 0.086914
0 0.542969 0.312012 0.109375 0.110352
0 0.547852 0.413574 0.109375 0.110352
0 0.548828 0.528809 0.109375 0.110352
0 0.547363 0.645996 0.110352 0.110352
0 0.630371 0.356445 0.110352 0.111328
0 0.641602 0.471191 0.109375 0.110352
0 0.642578 0.583496 0.109375 0.110352
0 0.734863 0.420898 0.110352 0.111328
0 0.730957 0.530762 0.110352 0.110352
0 0.737305 0.635254 0.109375 0.110352
0 0.834961 0.357422 0.097656 0.097656
0 0.830566 0.472656 0.110352 0.111328
0 0.827637 0.581055 0.110352 0.111328
0 0.929688 0.309082 0.097656 0.098633
0 0.930664 0.416504 0.097656 0.098633
0 0.928711 0.528320 0.097656 0.097656
0 0.924805 0.637695 0.097656 0.097656
0 0.926270 0.749023 0.110352 0.111328
0 0.923340 0.858887 0.110352 0.110352
0 0.825684 0.693848 0.110352 0.110352
0 0.827637 0.812988 0.110352 0.110352
0 0.828125 0.916504 0.109375 0.110352
0 0.735352 0.751465 0.109375 0.110352
0 0.732422 0.859863 0.109375 0.110352
0 0.637695 0.696777 0.109375 0.110352
0 0.640625 0.809082 0.109375 0.110352
0 0.637207 0.912598 0.110352 0.110352
0 0.541016 0.748535 0.097656 0.098633
0 0.538086 0.858887 0.097656 0.098633
0 0.450195 0.688965 0.097656 0.098633
0 0.447266 0.809082 0.109375 0.110352
0 0.443359 0.917480 0.097656 0.098633
0 0.347656 0.751465 0.097656 0.098633
0 0.342773 0.854004 0.097656 0.098633
0 0.250488 0.693848 0.110352 0.110352
0 0.248535 0.803223 0.110352 0.110352
0 0.254395 0.915527 0.110352 0.110352
0 0.161133 0.757812 0.085938 0.085938
0 0.164062 0.861328 0.085938 0.085938
0 0.060547 0.687988 0.097656 0.098633
0 0.060547 0.913086 0.085938 0.085938