0 0.864746 0.148438 0.110352 0.111328
0 0.855469 0.257812 0.097656 0.097656
0 0.865234 0.375488 0.109375 0.110352
0 0.766602 0.084961 0.109375 0.111328
0 0.765625 0.204590 0.060547 0.061523
0 0.761719 0.311035 0.109375 0.110352
0 0.763672 0.421387 0.109375 0.110352
0 0.674805 0.139160 0.109375 0.110352
0 0.666504 0.247559 0.110352 0.110352
0 0.670410 0.367676 0.110352 0.110352
0 0.577637 0.085449 0.110352 0.110352
0 0.573730 0.185059 0.061523 0.061523
0 0.574707 0.306152 0.110352 0.110352
0 0.574219 0.422363 0.109375 0.110352
0 0.483887 0.034668 0.061523 0.061523
0 0.479004 0.143066 0.061523 0.061523
0 0.480469 0.253418 0.109375 0.110352
0 0.479492 0.372559 0.109375 0.110352
0 0.390625 0.084473 0.109375 0.110352
0 0.384766 0.209961 0.085938 0.085938
0 0.384766 0.310059 0.109375 0.110352
0 0.386719 0.418457 0.097656 0.098633
0 0.289551 0.139160 0.110352 0.110352
0 0.293457 0.249512 0.110352 0.110352
0 0.294434 0.361816 0.110352 0.110352
0 0.196777 0.078613 0.110352 0.110352
0 0.198730 0.195801 0.110352 0.110352
0 0.199219 0.295410 0.109375 0.110352
0 0.194336 0.410156 0.109375 0.111328
0 0.297363 0.468750 0.110352 0.111328
0 0.107422 0.131348 0.109375 0.110352
0 0.106445 0.245117 0.109375 0.111328
0 0.102539 0.363281 0.109375 0.111328
0 0.097656 0.475098 0.109375 0.110352
0 0.102539 0.576660 0.109375 0.110352
0 0.103516 0.691895 0.109375 0.110352
0 0.102051 0.809082 0.110352 0.110352
0 0.185059 0.519531 0.110352 0.111328
0 0.196289 0.634277 0.109375 0.110352
0 0.197266 0.746582 0.109375 0.110352
0 0.289551 0.583984 0.110352 0.111328
0 0.285645 0.693848 0.110352 0.110352
0 0.291992 0.798340 0.109375 0.110352
0 0.389648 0.520508 0.097656 0.097656
0 0.385254 0.635742 0.110352 0.111328
0 0.382324 0.744141 0.110352 0.111328
0 0.484375 0.472168 0.097656 0.098633
0 0.485352 0.579590 0.097656 0.098633
0 0.483398 0.691406 0.097656 0.097656
0 0.479492 0.800781 0.097656 0.097656
0 0.574707 0.530762 0.110352 0.110352
0 0.572266 0.641113 0.109375 0.110352
0 0.570312 0.748535 0.109375 0.110352
0 0.572266 0.848633 0.109375 0.111328
0 0.665527 0.477051 0.110352 0.110352
0 0.668457 0.588379 0.110352 0.110352
0 0.669434 0.690918 0.110352 0.110352
0 0.665039 0.809082 0.097656 0.098633
0 0.757812 0.536621 0.109375 0.110352
0 0.762695 0.645996 0.097656 0.098633
0 0.761230 0.749512 0.110352 0.110352
0 0.864258 0.472168 0.097656 0.098633
0 0.860352 0.580566 0.097656 0.098633
0 0.867188 0.695801 0.109375 0.110352
0 0.868652 0.807129 0.110352 0.110352
0 0.864746 0.926270 0.110352 0.110352
0 0.758301 0.862793 0.110352 0.110352
0 0.666016 0.924805 0.097656 0.097656
0 0.480957 0.912109 0.110352 0.111328
0 0.380371 0.856934 0.110352 0.110352
0 0.290039 0.914551 0.109375 0.110352
0 0.192383 0.859863 0.109375 0.110352
0 0.095703 0.911621 0.097656 0.098633