0 0.794434 0.618164 0.073242 0.074219
0 0.796387 0.704102 0.073242 0.074219
0 0.716309 0.671387 0.073242 0.073242
0 0.909180 0.799316 0.060547 0.061523
0 0.714355 0.769043 0.073242 0.073242
0 0.912109 0.451660 0.060547 0.061523
0 0.911621 0.554688 0.073242 0.074219
0 0.914551 0.640625 0.084961 0.085938
0 0.905273 0.719727 0.085938 0.085938
0 0.779785 0.803223 0.061523 0.061523
0 0.533203 0.756836 0.085938 0.085938
0 0.906250 0.110840 0.109375 0.110352
0 0.913574 0.207520 0.110352 0.110352
0 0.911133 0.322754 0.109375 0.110352
0 0.815430 0.049805 0.085938 0.085938
0 0.810547 0.160645 0.109375 0.110352
0 0.812988 0.267090 0.110352 0.110352
0 0.812500 0.367188 0.109375 0.111328
0 0.800781 0.509277 0.097656 0.098633
0 0.716797 0.557129 0.097656 0.098633
0 0.731445 0.442383 0.085938 0.085938
0 0.717285 0.099121 0.084961 0.086914
0 0.723633 0.203125 0.097656 0.097656
0 0.716797 0.334473 0.097656 0.098633
0 0.616699 0.156250 0.084961 0.085938
0 0.624023 0.269531 0.097656 0.097656
0 0.627930 0.372559 0.109375 0.110352
0 0.638184 0.509766 0.084961 0.085938
0 0.628906 0.604004 0.097656 0.098633
0 0.615723 0.724609 0.084961 0.085938
0 0.538574 0.651855 0.110352 0.110352
0 0.530762 0.558105 0.110352 0.110352
0 0.533691 0.430664 0.110352 0.111328
0 0.536133 0.329102 0.109375 0.111328
0 0.534180 0.213379 0.097656 0.098633
1 0.534668 0.101562 0.073242 0.074219
0 0.434082 0.160156 0.084961 0.085938
0 0.436523 0.269043 0.109375 0.110352
0 0.439453 0.377441 0.097656 0.098633
0 0.445312 0.500977 0.085938 0.085938
0 0.440430 0.599609 0.109375 0.111328
0 0.441406 0.706543 0.097656 0.098633
0 0.436035 0.814453 0.084961 0.085938
0 0.359863 0.770020 0.084961 0.086914
0 0.349609 0.665039 0.085938 0.085938
0 0.350098 0.545898 0.084961 0.085938
0 0.358887 0.436523 0.084961 0.085938
0 0.361816 0.324219 0.084961 0.085938
0 0.362305 0.218262 0.097656 0.098633
0 0.347656 0.113281 0.085938 0.085938
0 0.249512 0.166504 0.110352 0.110352
0 0.250488 0.272949 0.110352 0.110352
0 0.254395 0.382324 0.096680 0.098633
0 0.255371 0.486328 0.084961 0.085938
0 0.248047 0.602051 0.097656 0.098633
0 0.245117 0.719238 0.109375 0.110352
0 0.256836 0.823242 0.097656 0.097656
0 0.162598 0.543457 0.084961 0.086914
0 0.063965 0.604492 0.084961 0.085938
0 0.163086 0.111816 0.109375 0.110352
0 0.163086 0.218262 0.097656 0.098633
0 0.162598 0.328613 0.110352 0.110352
0 0.160156 0.441895 0.109375 0.110352
0 0.154297 0.641113 0.097656 0.098633
0 0.159668 0.759766 0.084961 0.085938
0 0.070312 0.805664 0.085938 0.085938
0 0.065430 0.706055 0.097656 0.097656
0 0.063965 0.158691 0.110352 0.110352
0 0.065430 0.280762 0.109375 0.110352
0 0.065430 0.395996 0.109375 0.110352
0 0.060547 0.491699 0.109375 0.110352
0 0.065918 0.052734 0.084961 0.085938