0 0.868652 0.566406 0.084961 0.085938
0 0.872070 0.657715 0.085938 0.086914
0 0.116699 0.129883 0.084961 0.085938
0 0.120605 0.234375 0.084961 0.085938
0 0.114258 0.354980 0.097656 0.098633
0 0.119141 0.450195 0.097656 0.097656
0 0.113281 0.562012 0.097656 0.098633
0 0.105957 0.672363 0.110352 0.110352
0 0.104492 0.785645 0.097656 0.098633
0 0.205078 0.718262 0.097656 0.098633
0 0.214844 0.620605 0.097656 0.098633
0 0.211914 0.503418 0.109375 0.110352
0 0.209473 0.404297 0.084961 0.085938
0 0.210938 0.283691 0.097656 0.098633
0 0.212402 0.170898 0.084961 0.085938
0 0.214844 0.067871 0.097656 0.098633
0 0.300293 0.123535 0.110352 0.110352
0 0.301270 0.226562 0.110352 0.111328
0 0.307617 0.335938 0.109375 0.111328
0 0.306641 0.451660 0.097656 0.098633
0 0.303711 0.564941 0.097656 0.098633
0 0.296875 0.668945 0.097656 0.097656
0 0.300781 0.769043 0.109375 0.110352
0 0.399414 0.726074 0.097656 0.098633
0 0.399414 0.615723 0.109375 0.110352
0 0.397949 0.514160 0.110352 0.110352
0 0.399902 0.079590 0.110352 0.110352
0 0.402344 0.181152 0.109375 0.110352
0 0.401367 0.298340 0.097656 0.098633
0 0.400391 0.399902 0.097656 0.098633
0 0.491699 0.134277 0.110352 0.110352
0 0.495117 0.238770 0.097656 0.098633
0 0.492188 0.335938 0.097656 0.097656
0 0.492188 0.455566 0.097656 0.098633
0 0.498047 0.561035 0.097656 0.098633
0 0.497070 0.683105 0.097656 0.098633
0 0.493652 0.783203 0.084961 0.085938
0 0.587891 0.733887 0.097656 0.098633
0 0.585449 0.618652 0.110352 0.110352
0 0.590820 0.511719 0.109375 0.111328
0 0.594727 0.400879 0.097656 0.098633
0 0.594727 0.298340 0.109375 0.110352
0 0.590820 0.181641 0.085938 0.085938
0 0.588379 0.076172 0.084961 0.085938
0 0.686523 0.129395 0.097656 0.098633
0 0.685547 0.241211 0.097656 0.097656
0 0.683594 0.348145 0.097656 0.098633
0 0.691406 0.461426 0.109375 0.110352
0 0.678711 0.572754 0.097656 0.098633
0 0.682617 0.685059 0.097656 0.098633
0 0.683594 0.790527 0.097656 0.098633
0 0.789062 0.730469 0.097656 0.097656
0 0.789551 0.627930 0.084961 0.085938
0 0.779297 0.510742 0.109375 0.111328
0 0.779297 0.420898 0.109375 0.111328
0 0.781250 0.055176 0.097656 0.098633
1 0.778320 0.199707 0.097656 0.098633
0 0.779297 0.295898 0.097656 0.097656
0 0.876953 0.134766 0.097656 0.097656
0 0.880859 0.242676 0.097656 0.098633
0 0.875977 0.355957 0.097656 0.098633
0 0.874023 0.445801 0.097656 0.098633
0 0.873047 0.792969 0.097656 0.097656
0 0.862305 0.894043 0.109375 0.110352
0 0.788086 0.829590 0.085938 0.086914
0 0.789062 0.928223 0.097656 0.098633
0 0.675781 0.909668 0.097656 0.098633
0 0.582031 0.843262 0.097656 0.098633
0 0.486328 0.891602 0.097656 0.097656
0 0.399414 0.841797 0.097656 0.097656
0 0.300293 0.881836 0.110352 0.111328
1 0.208984 0.946289 0.085938 0.085938
0 0.206055 0.812500 0.097656 0.097656
0 0.113281 0.890137 0.109375 0.110352