0 0.105469 0.064941 0.097656 0.098633
0 0.109375 0.172363 0.109375 0.110352
0 0.109863 0.290527 0.110352 0.110352
0 0.104980 0.406738 0.110352 0.110352
0 0.200195 0.120605 0.109375 0.110352
0 0.200195 0.231934 0.097656 0.098633
0 0.197266 0.346191 0.109375 0.110352
0 0.294922 0.073242 0.097656 0.097656
0 0.294922 0.184570 0.097656 0.097656
0 0.293457 0.291992 0.084961 0.085938
0 0.293945 0.405273 0.085938 0.085938
0 0.394043 0.129883 0.110352 0.111328
0 0.386230 0.240234 0.110352 0.111328
0 0.392090 0.346191 0.110352 0.110352
0 0.483398 0.072266 0.085938 0.085938
0 0.489258 0.173828 0.109375 0.111328
0 0.486328 0.283203 0.109375 0.111328
0 0.481934 0.406738 0.110352 0.110352
0 0.587891 0.124512 0.109375 0.110352
0 0.582031 0.234863 0.109375 0.110352
0 0.581055 0.349609 0.109375 0.111328
0 0.678223 0.070801 0.110352 0.110352
0 0.672852 0.179199 0.097656 0.098633
0 0.675293 0.289062 0.084961 0.085938
0 0.675781 0.402344 0.097656 0.097656
0 0.766602 0.126465 0.097656 0.098633
0 0.771973 0.238770 0.110352 0.110352
0 0.764160 0.345215 0.110352 0.110352
0 0.864258 0.082520 0.109375 0.110352
0 0.864258 0.185059 0.097656 0.098633
0 0.869141 0.301270 0.109375 0.110352
0 0.866699 0.411621 0.110352 0.110352
0 0.857910 0.508301 0.110352 0.110352
0 0.861328 0.620117 0.097656 0.097656
0 0.862793 0.730469 0.110352 0.111328
0 0.862793 0.849121 0.110352 0.110352
0 0.769043 0.461426 0.110352 0.110352
0 0.770996 0.578125 0.110352 0.111328
0 0.761719 0.687500 0.097656 0.097656
0 0.771484 0.805176 0.109375 0.110352
0 0.672852 0.514648 0.109375 0.111328
0 0.671875 0.634277 0.060547 0.061523
0 0.667969 0.740723 0.109375 0.110352
0 0.669922 0.851074 0.109375 0.110352
0 0.578125 0.458984 0.109375 0.111328
0 0.581055 0.568848 0.109375 0.110352
0 0.572754 0.677246 0.110352 0.110352
0 0.576660 0.797363 0.110352 0.110352
0 0.483887 0.515137 0.110352 0.110352
0 0.479980 0.614746 0.061523 0.061523
0 0.480957 0.735840 0.110352 0.110352
0 0.480469 0.852051 0.109375 0.110352
0 0.390137 0.464355 0.061523 0.061523
0 0.385254 0.572754 0.061523 0.061523
0 0.386719 0.683105 0.109375 0.110352
0 0.385742 0.802246 0.109375 0.110352
0 0.296875 0.514160 0.109375 0.110352
0 0.291016 0.639648 0.085938 0.085938
0 0.291016 0.739746 0.109375 0.110352
0 0.292969 0.848145 0.097656 0.098633
0 0.199219 0.456543 0.109375 0.110352
0 0.195801 0.568848 0.110352 0.110352
0 0.199707 0.679199 0.110352 0.110352
0 0.200684 0.791504 0.110352 0.110352
0 0.103027 0.508301 0.110352 0.110352
0 0.104980 0.625488 0.110352 0.110352
0 0.105469 0.725098 0.109375 0.110352
0 0.100586 0.839844 0.109375 0.111328
0 0.203613 0.898438 0.110352 0.111328
0 0.295898 0.950195 0.097656 0.097656
0 0.390625 0.901855 0.097656 0.098633
0 0.571777 0.906738 0.110352 0.110352
0 0.770508 0.901855 0.097656 0.098633