0 0.232910 0.936523 0.073242 0.074219
0 0.407715 0.356445 0.073242 0.074219
0 0.409668 0.442383 0.073242 0.074219
0 0.610840 0.424316 0.073242 0.073242
0 0.604004 0.208008 0.073242 0.074219
0 0.329590 0.409668 0.073242 0.073242
0 0.522461 0.537598 0.060547 0.061523
0 0.327637 0.507324 0.073242 0.073242
0 0.886719 0.876953 0.048828 0.048828
0 0.791992 0.938477 0.048828 0.048828
0 0.702148 0.893555 0.048828 0.048828
0 0.607422 0.947266 0.037109 0.037109
0 0.425293 0.931641 0.036133 0.037109
0 0.145020 0.875977 0.084961 0.085938
0 0.046875 0.918945 0.085938 0.085938
0 0.895020 0.157715 0.110352 0.110352
0 0.898926 0.266113 0.110352 0.110352
0 0.897461 0.375488 0.109375 0.110352
0 0.894531 0.493652 0.097656 0.098633
0 0.793945 0.109863 0.097656 0.098633
0 0.789062 0.219238 0.097656 0.098633
0 0.785156 0.324707 0.097656 0.098633
0 0.796387 0.433594 0.084961 0.085938
0 0.700684 0.481445 0.084961 0.085938
0 0.706543 0.064453 0.084961 0.085938
0 0.689453 0.181641 0.085938 0.085938
0 0.691895 0.267090 0.084961 0.086914
0 0.698242 0.375000 0.097656 0.097656
0 0.617188 0.103027 0.097656 0.098633
0 0.525391 0.189941 0.060547 0.061523
0 0.524902 0.292969 0.073242 0.074219
0 0.527832 0.378906 0.084961 0.085938
0 0.518555 0.458008 0.085938 0.085938
0 0.393066 0.541504 0.061523 0.061523
0 0.146484 0.495117 0.085938 0.085938
0 0.524414 0.061035 0.109375 0.110352
0 0.425781 0.105469 0.109375 0.111328
0 0.414062 0.247559 0.097656 0.098633
0 0.330078 0.295410 0.097656 0.098633
0 0.344727 0.180664 0.085938 0.085938
0 0.330078 0.072754 0.097656 0.098633
0 0.241211 0.110840 0.109375 0.110352
0 0.251465 0.248047 0.084961 0.085938
0 0.242188 0.342285 0.097656 0.098633
0 0.229004 0.462891 0.084961 0.085938
0 0.151855 0.390137 0.110352 0.110352
0 0.144043 0.296387 0.110352 0.110352
0 0.146973 0.168945 0.110352 0.111328
0 0.149414 0.067383 0.109375 0.111328
0 0.052734 0.115723 0.097656 0.098633
0 0.058594 0.239258 0.085938 0.085938
0 0.054688 0.444824 0.097656 0.098633
0 0.049316 0.552734 0.084961 0.085938
0 0.608398 0.312012 0.097656 0.098633