0 0.132812 0.553223 0.085938 0.086914
0 0.896484 0.092285 0.097656 0.098633
0 0.893555 0.206543 0.097656 0.098633
0 0.892578 0.312988 0.097656 0.098633
0 0.891602 0.427246 0.097656 0.098633
0 0.889648 0.540527 0.097656 0.098633
0 0.795410 0.045898 0.084961 0.085938
0 0.798340 0.158203 0.084961 0.085938
0 0.794922 0.265137 0.097656 0.098633
0 0.799805 0.375488 0.097656 0.098633
0 0.795898 0.490234 0.085938 0.085938
0 0.707031 0.100098 0.097656 0.098633
0 0.705078 0.206543 0.097656 0.098633
0 0.703125 0.319824 0.097656 0.098633
0 0.705078 0.427246 0.097656 0.098633
0 0.703613 0.547852 0.084961 0.085938
0 0.609375 0.155762 0.109375 0.110352
0 0.610840 0.270996 0.110352 0.110352
0 0.615234 0.372559 0.097656 0.098633
0 0.604492 0.481445 0.097656 0.097656
1 0.509277 0.107910 0.110352 0.110352
1 0.413574 0.155762 0.110352 0.110352
0 0.511230 0.206543 0.110352 0.110352
0 0.508301 0.321777 0.110352 0.110352
0 0.511230 0.439453 0.110352 0.111328
0 0.508789 0.546875 0.085938 0.085938
0 0.412598 0.278320 0.073242 0.074219
0 0.416016 0.376953 0.097656 0.097656
0 0.409180 0.495117 0.097656 0.097656
0 0.313477 0.101074 0.109375 0.110352
0 0.316406 0.211914 0.109375 0.111328
0 0.320312 0.312500 0.109375 0.111328
0 0.313477 0.432129 0.097656 0.098633
0 0.313965 0.548828 0.084961 0.085938
0 0.227539 0.149414 0.109375 0.111328
0 0.228027 0.256836 0.084961 0.085938
0 0.224609 0.382324 0.097656 0.098633
0 0.232422 0.491699 0.097656 0.098633
0 0.127441 0.116211 0.110352 0.111328
0 0.130371 0.224609 0.084961 0.085938
0 0.123535 0.343750 0.084961 0.085938
0 0.129883 0.447266 0.085938 0.085938
0 0.045410 0.171387 0.024414 0.024414
0 0.039062 0.290039 0.037109 0.037109
0 0.041504 0.395996 0.024414 0.024414
0 0.035645 0.509277 0.024414 0.024414
0 0.036621 0.596191 0.024414 0.024414
0 0.029785 0.703613 0.024414 0.024414
0 0.129883 0.734375 0.037109 0.037109
0 0.126953 0.651855 0.109375 0.110352
0 0.236328 0.595703 0.085938 0.085938
0 0.236816 0.704590 0.073242 0.073242
0 0.317383 0.654785 0.097656 0.098633
0 0.308105 0.770020 0.061523 0.061523
0 0.409180 0.601074 0.097656 0.098633
0 0.414062 0.708496 0.097656 0.098633
0 0.517578 0.658203 0.097656 0.097656
0 0.608887 0.596680 0.084961 0.085938
0 0.607422 0.708008 0.097656 0.097656
0 0.707031 0.655273 0.097656 0.097656
0 0.700684 0.750000 0.084961 0.085938
0 0.795898 0.600586 0.085938 0.085938
0 0.797852 0.704102 0.085938 0.085938
0 0.891602 0.645508 0.085938 0.085938
0 0.888672 0.752930 0.085938 0.085938
0 0.037598 0.904785 0.061523 0.061523
0 0.131836 0.947754 0.097656 0.098633
0 0.221680 0.915039 0.048828 0.048828
0 0.307129 0.947754 0.073242 0.073242
0 0.511230 0.945312 0.073242 0.074219
0 0.886719 0.946777 0.060547 0.061523