0 0.093262 0.127441 0.073242 0.073242
0 0.082520 0.908203 0.084961 0.085938
0 0.087891 0.779297 0.085938 0.085938
0 0.087891 0.668945 0.085938 0.085938
0 0.092285 0.250977 0.110352 0.111328
0 0.087891 0.344727 0.097656 0.097656
0 0.089844 0.462891 0.097656 0.097656
0 0.087891 0.562988 0.097656 0.098633
0 0.180664 0.845703 0.085938 0.085938
0 0.197266 0.734863 0.097656 0.098633
0 0.191406 0.624512 0.109375 0.110352
0 0.188965 0.516602 0.084961 0.085938
0 0.194336 0.408203 0.085938 0.085938
0 0.199219 0.301758 0.109375 0.111328
0 0.199707 0.200684 0.110352 0.110352
0 0.283203 0.139160 0.097656 0.098633
0 0.280762 0.250977 0.084961 0.085938
0 0.284668 0.355469 0.084961 0.085938
0 0.278320 0.476074 0.097656 0.098633
0 0.283203 0.571289 0.097656 0.097656
0 0.277344 0.683105 0.097656 0.098633
0 0.270020 0.793457 0.110352 0.110352
0 0.268555 0.906738 0.097656 0.098633
0 0.369141 0.839355 0.097656 0.098633
0 0.378906 0.741699 0.097656 0.098633
0 0.375977 0.624512 0.109375 0.110352
0 0.373535 0.525391 0.084961 0.085938
0 0.375000 0.404785 0.097656 0.098633
0 0.376465 0.291992 0.084961 0.085938
0 0.378906 0.188965 0.097656 0.098633
0 0.477539 0.138184 0.109375 0.110352
0 0.464355 0.244629 0.110352 0.110352
0 0.465332 0.347656 0.110352 0.111328
0 0.471680 0.457031 0.109375 0.111328
0 0.470703 0.572754 0.097656 0.098633
0 0.467773 0.686035 0.097656 0.098633
0 0.460938 0.790039 0.097656 0.097656
0 0.464844 0.890137 0.109375 0.110352
0 0.563477 0.847168 0.097656 0.098633
0 0.563477 0.736816 0.109375 0.110352
0 0.562012 0.635254 0.110352 0.110352
0 0.563965 0.200684 0.110352 0.110352
0 0.566406 0.302246 0.109375 0.110352
0 0.565430 0.419434 0.097656 0.098633
0 0.564453 0.520996 0.097656 0.098633
0 0.654297 0.164551 0.109375 0.110352
0 0.655762 0.255371 0.110352 0.110352
0 0.659180 0.359863 0.097656 0.098633
0 0.656250 0.457031 0.097656 0.097656
0 0.656250 0.576660 0.097656 0.098633
0 0.662109 0.682129 0.097656 0.098633
0 0.661133 0.804199 0.097656 0.098633
0 0.657715 0.904297 0.084961 0.085938
0 0.751953 0.854980 0.097656 0.098633
0 0.749512 0.739746 0.110352 0.110352
0 0.754883 0.632812 0.109375 0.111328
0 0.758789 0.521973 0.097656 0.098633
0 0.758789 0.419434 0.109375 0.110352
0 0.754883 0.302734 0.085938 0.085938
0 0.752441 0.197266 0.084961 0.085938
0 0.857422 0.149414 0.085938 0.085938
0 0.850586 0.250488 0.097656 0.098633
0 0.849609 0.362305 0.097656 0.097656
0 0.847656 0.469238 0.097656 0.098633
0 0.855469 0.582520 0.109375 0.110352
0 0.842773 0.693848 0.097656 0.098633
0 0.846680 0.806152 0.097656 0.098633
0 0.847656 0.911621 0.097656 0.098633
0 0.953613 0.749023 0.084961 0.085938
0 0.943359 0.631836 0.109375 0.111328
0 0.943359 0.541992 0.109375 0.111328
0 0.945312 0.176270 0.097656 0.098633
1 0.942383 0.320801 0.097656 0.098633
0 0.943359 0.416992 0.097656 0.097656
0 0.952148 0.950684 0.085938 0.086914
0 0.370117 0.933594 0.097656 0.097656