0 0.463379 0.697266 0.073242 0.074219
0 0.551270 0.637695 0.073242 0.074219
0 0.086426 0.140625 0.110352 0.111328
0 0.176270 0.086914 0.110352 0.111328
0 0.269531 0.140625 0.097656 0.097656
0 0.375000 0.089355 0.109375 0.110352
0 0.467285 0.143066 0.110352 0.110352
0 0.552734 0.083496 0.109375 0.110352
0 0.651367 0.142090 0.109375 0.110352
0 0.753418 0.094238 0.110352 0.110352
0 0.844238 0.151855 0.110352 0.110352
0 0.937500 0.091797 0.109375 0.111328
0 0.932617 0.197754 0.109375 0.110352
0 0.937012 0.314941 0.110352 0.110352
0 0.936035 0.417480 0.110352 0.110352
0 0.944336 0.529785 0.097656 0.098633
0 0.938477 0.635254 0.097656 0.098633
0 0.939453 0.754395 0.097656 0.098633
0 0.943848 0.856445 0.073242 0.074219
0 0.841309 0.367676 0.110352 0.110352
0 0.846680 0.472168 0.109375 0.110352
0 0.847656 0.585449 0.097656 0.098633
0 0.846680 0.699707 0.097656 0.098633
0 0.846680 0.804688 0.085938 0.085938
0 0.745117 0.313965 0.085938 0.086914
0 0.747070 0.422363 0.109375 0.110352
0 0.748047 0.528809 0.097656 0.098633
0 0.747070 0.642090 0.097656 0.098633
0 0.753418 0.746094 0.084961 0.085938
0 0.750000 0.853516 0.097656 0.097656
0 0.648438 0.362793 0.109375 0.110352
0 0.653320 0.474121 0.097656 0.098633
0 0.649902 0.581055 0.084961 0.085938
0 0.651855 0.690430 0.084961 0.085938
0 0.658203 0.804688 0.097656 0.097656
0 0.552734 0.300293 0.097656 0.098633
0 0.551270 0.415039 0.084961 0.085938
0 0.557129 0.531250 0.084961 0.085938
0 0.558105 0.744141 0.073242 0.074219
0 0.553711 0.848145 0.060547 0.061523
0 0.843262 0.257812 0.084961 0.085938
0 0.746094 0.194824 0.109375 0.110352
0 0.652344 0.252441 0.109375 0.110352
0 0.557129 0.194824 0.110352 0.110352
0 0.465820 0.252441 0.097656 0.098633
0 0.464844 0.361328 0.097656 0.097656
0 0.462891 0.469727 0.097656 0.097656
0 0.469727 0.581055 0.085938 0.085938
1 0.369141 0.194336 0.085938 0.085938
1 0.082520 0.238281 0.084961 0.085938
0 0.083984 0.352539 0.109375 0.111328
0 0.079102 0.466797 0.085938 0.085938
0 0.081055 0.581055 0.085938 0.085938
0 0.174316 0.182129 0.110352 0.110352
0 0.173340 0.304688 0.110352 0.111328
0 0.173828 0.410156 0.097656 0.097656
0 0.177734 0.539062 0.097656 0.097656
0 0.277344 0.238770 0.097656 0.098633
0 0.278809 0.357422 0.084961 0.085938
0 0.279785 0.472656 0.084961 0.085938
0 0.270996 0.576172 0.084961 0.085938
0 0.376953 0.297363 0.097656 0.098633
0 0.376953 0.424316 0.109375 0.110352
0 0.375000 0.522461 0.085938 0.085938
0 0.375000 0.623047 0.097656 0.097656
1 0.464355 0.784180 0.073242 0.074219
0 0.371094 0.738281 0.097656 0.097656
0 0.364746 0.832031 0.073242 0.074219
0 0.276855 0.692383 0.084961 0.085938
0 0.276855 0.791504 0.073242 0.073242
0 0.174805 0.754395 0.097656 0.098633
0 0.180664 0.640625 0.085938 0.085938
0 0.083984 0.690430 0.085938 0.085938
0 0.081055 0.789551 0.085938 0.086914