0 0.849121 0.168945 0.073242 0.074219
0 0.090820 0.057617 0.097656 0.097656
0 0.091797 0.162598 0.097656 0.098633
0 0.091309 0.284180 0.084961 0.085938
0 0.087891 0.389160 0.097656 0.098633
0 0.092773 0.503906 0.085938 0.085938
0 0.090820 0.585449 0.097656 0.098633
0 0.090820 0.719727 0.097656 0.097656
0 0.190430 0.639160 0.097656 0.098633
0 0.188477 0.120117 0.085938 0.085938
0 0.184570 0.224121 0.085938 0.086914
0 0.182129 0.336914 0.084961 0.085938
0 0.187012 0.439941 0.110352 0.110352
0 0.192383 0.544434 0.097656 0.098633
0 0.275391 0.065430 0.085938 0.085938
0 0.273926 0.178711 0.084961 0.085938
0 0.275391 0.277832 0.097656 0.098633
0 0.280273 0.384277 0.097656 0.098633
0 0.284180 0.498535 0.097656 0.098633
0 0.277344 0.607910 0.097656 0.098633
0 0.279785 0.722656 0.084961 0.085938
0 0.659180 0.050293 0.085938 0.086914
0 0.378906 0.050293 0.097656 0.098633
0 0.378906 0.118652 0.097656 0.098633
0 0.364258 0.228027 0.109375 0.110352
0 0.370605 0.328613 0.110352 0.110352
0 0.367676 0.438965 0.110352 0.110352
0 0.374023 0.546875 0.109375 0.111328
0 0.366211 0.670410 0.097656 0.098633
0 0.458984 0.619629 0.097656 0.098633
0 0.462402 0.497559 0.084961 0.086914
0 0.464844 0.394531 0.085938 0.085938
0 0.468750 0.273438 0.085938 0.085938
0 0.467773 0.162109 0.097656 0.097656
0 0.464844 0.055176 0.097656 0.098633
0 0.560547 0.111328 0.097656 0.097656
0 0.555664 0.219727 0.085938 0.085938
0 0.563477 0.323242 0.097656 0.097656
0 0.561523 0.436523 0.097656 0.097656
0 0.562988 0.544922 0.084961 0.085938
0 0.549805 0.669434 0.097656 0.098633
0 0.458984 0.714844 0.097656 0.097656
0 0.657227 0.720215 0.109375 0.110352
0 0.663574 0.596680 0.110352 0.111328
0 0.657227 0.491211 0.097656 0.097656
0 0.664062 0.380859 0.097656 0.097656
0 0.663086 0.275391 0.097656 0.097656
0 0.660156 0.160645 0.097656 0.098633
0 0.753418 0.109863 0.110352 0.110352
0 0.753418 0.224609 0.110352 0.111328
0 0.755859 0.335449 0.097656 0.098633
0 0.757812 0.441895 0.097656 0.098633
0 0.758301 0.539551 0.110352 0.110352
0 0.755371 0.643555 0.110352 0.111328
0 0.853516 0.599609 0.097656 0.097656
0 0.843262 0.494141 0.084961 0.085938
0 0.853516 0.378418 0.097656 0.098633
0 0.854004 0.055664 0.084961 0.085938
0 0.852539 0.275391 0.097656 0.097656
0 0.948730 0.057129 0.084961 0.086914
0 0.944336 0.317383 0.097656 0.097656
0 0.940430 0.422363 0.097656 0.098633
0 0.944336 0.533203 0.097656 0.097656
0 0.941406 0.634766 0.085938 0.085938
0 0.845703 0.717773 0.097656 0.097656
0 0.945312 0.857422 0.097656 0.097656
0 0.937500 0.750977 0.097656 0.097656
0 0.848633 0.822266 0.097656 0.097656
0 0.842773 0.918457 0.097656 0.098633
0 0.760254 0.871582 0.110352 0.110352
0 0.751465 0.760254 0.110352 0.110352
0 0.665039 0.826660 0.097656 0.098633
0 0.650391 0.937988 0.109375 0.110352
0 0.565430 0.882324 0.097656 0.098633
0 0.561523 0.773438 0.085938 0.085938
0 0.467773 0.822754 0.097656 0.098633
0 0.464844 0.941895 0.097656 0.098633
0 0.374512 0.880371 0.110352 0.110352
0 0.369141 0.771973 0.097656 0.098633
0 0.278320 0.814941 0.097656 0.098633
0 0.283203 0.911133 0.097656 0.097656
0 0.191406 0.878906 0.097656 0.097656
0 0.191406 0.772949 0.097656 0.098633
0 0.100098 0.825195 0.110352 0.111328
0 0.094238 0.937500 0.084961 0.085938