0 0.374023 0.432129 0.109375 0.110352
0 0.554199 0.532227 0.073242 0.074219
0 0.946289 0.105469 0.037109 0.037109
0 0.948730 0.211426 0.024414 0.024414
0 0.942871 0.324707 0.024414 0.024414
0 0.851074 0.133301 0.024414 0.024414
0 0.851074 0.243652 0.024414 0.024414
0 0.847168 0.358887 0.024414 0.024414
0 0.843262 0.468262 0.024414 0.024414
0 0.846191 0.550293 0.024414 0.024414
0 0.943848 0.411621 0.024414 0.024414
0 0.937012 0.519043 0.024414 0.024414
0 0.560547 0.099121 0.097656 0.098633
0 0.564453 0.202637 0.109375 0.110352
0 0.555664 0.313477 0.097656 0.097656
0 0.560547 0.424805 0.097656 0.097656
1 0.462891 0.154297 0.085938 0.085938
0 0.463867 0.267578 0.097656 0.097656
0 0.459473 0.372559 0.110352 0.110352
0 0.459961 0.481934 0.097656 0.098633
0 0.374512 0.090820 0.110352 0.111328
0 0.372559 0.204102 0.110352 0.111328
0 0.372070 0.316406 0.097656 0.097656
0 0.376465 0.537598 0.073242 0.073242
0 0.274414 0.146484 0.109375 0.111328
0 0.271484 0.268066 0.109375 0.110352
0 0.273438 0.375488 0.097656 0.098633
0 0.277344 0.479980 0.097656 0.098633
0 0.176758 0.094238 0.109375 0.110352
0 0.181641 0.202637 0.097656 0.098633
0 0.182617 0.312988 0.097656 0.098633
0 0.182617 0.419434 0.097656 0.098633
0 0.185059 0.531738 0.073242 0.073242
0 0.079590 0.144531 0.084961 0.085938
0 0.083984 0.246582 0.097656 0.098633
0 0.085938 0.369629 0.097656 0.098633
0 0.085938 0.479004 0.097656 0.098633
0 0.094727 0.751465 0.097656 0.098633
0 0.088867 0.869629 0.097656 0.098633
0 0.191406 0.700684 0.060547 0.061523
0 0.183594 0.807129 0.097656 0.098633
0 0.183594 0.916504 0.097656 0.098633
0 0.280762 0.754883 0.084961 0.085938
0 0.276367 0.862793 0.097656 0.098633
0 0.373047 0.701660 0.060547 0.061523
0 0.375977 0.811035 0.097656 0.098633
0 0.371094 0.923340 0.097656 0.098633
0 0.464844 0.757812 0.085938 0.085938
0 0.465820 0.861816 0.097656 0.098633
0 0.562988 0.708984 0.036133 0.037109
0 0.563477 0.807617 0.097656 0.097656
0 0.562500 0.916504 0.109375 0.110352
0 0.658691 0.766602 0.084961 0.085938
0 0.656250 0.864258 0.097656 0.097656
0 0.758789 0.713379 0.060547 0.061523
0 0.750977 0.811523 0.085938 0.085938
0 0.752441 0.922852 0.110352 0.111328
0 0.847656 0.761719 0.085938 0.085938
0 0.839844 0.871582 0.097656 0.098633
0 0.944824 0.720215 0.061523 0.061523
0 0.941406 0.813965 0.097656 0.098633