0 0.519531 0.377441 0.085938 0.086914
0 0.895020 0.145996 0.110352 0.110352
0 0.897949 0.263672 0.110352 0.111328
0 0.895508 0.371094 0.085938 0.085938
0 0.799316 0.102539 0.073242 0.074219
0 0.802734 0.201172 0.097656 0.097656
0 0.795898 0.319336 0.097656 0.097656
0 0.707031 0.136719 0.109375 0.111328
0 0.700195 0.256348 0.097656 0.098633
0 0.700684 0.373047 0.084961 0.085938
0 0.614746 0.081055 0.084961 0.085938
0 0.611328 0.206543 0.097656 0.098633
0 0.619141 0.315918 0.097656 0.098633
0 0.517090 0.048828 0.084961 0.085938
0 0.510254 0.167969 0.084961 0.085938
0 0.516602 0.271484 0.085938 0.085938
0 0.425781 0.114258 0.037109 0.037109
0 0.428223 0.220215 0.024414 0.024414
0 0.422363 0.333496 0.024414 0.024414
0 0.330566 0.142090 0.024414 0.024414
0 0.330566 0.252441 0.024414 0.024414
0 0.326660 0.367676 0.024414 0.024414
0 0.322754 0.477051 0.024414 0.024414
0 0.325684 0.559082 0.024414 0.024414
0 0.423340 0.420410 0.024414 0.024414
0 0.416504 0.527832 0.024414 0.024414
0 0.516602 0.558594 0.037109 0.037109
0 0.513672 0.476074 0.109375 0.110352
0 0.623047 0.419922 0.085938 0.085938
0 0.623535 0.528809 0.073242 0.073242
0 0.704102 0.479004 0.097656 0.098633
0 0.694824 0.594238 0.061523 0.061523
0 0.795898 0.425293 0.097656 0.098633
0 0.800781 0.532715 0.097656 0.098633
0 0.904297 0.482422 0.097656 0.097656
0 0.042480 0.717773 0.036133 0.037109
0 0.138184 0.775391 0.084961 0.085938
0 0.135742 0.873047 0.097656 0.097656
0 0.238281 0.722168 0.060547 0.061523
0 0.230469 0.820312 0.085938 0.085938
0 0.231934 0.931641 0.110352 0.111328
0 0.327148 0.770508 0.085938 0.085938
0 0.319336 0.880371 0.097656 0.098633
0 0.424316 0.729004 0.061523 0.061523
0 0.420898 0.822754 0.097656 0.098633
0 0.425293 0.937500 0.122070 0.123047
0 0.518555 0.771973 0.097656 0.098633
0 0.514160 0.881348 0.110352 0.110352
0 0.608398 0.739258 0.048828 0.048828
0 0.605469 0.824707 0.097656 0.098633
0 0.693848 0.771973 0.073242 0.073242
0 0.698242 0.884277 0.109375 0.110352
0 0.804199 0.824219 0.122070 0.123047
0 0.792480 0.932617 0.122070 0.123047
0 0.897949 0.769531 0.073242 0.074219
0 0.903320 0.881836 0.097656 0.097656