0 0.465332 0.116699 0.073242 0.073242
0 0.561035 0.167969 0.084961 0.085938
0 0.554199 0.056152 0.061523 0.061523
0 0.557617 0.284180 0.085938 0.085938
0 0.462891 0.222656 0.085938 0.085938
0 0.463867 0.333984 0.097656 0.097656
0 0.363281 0.060059 0.097656 0.098633
0 0.366211 0.167969 0.085938 0.085938
0 0.366211 0.274414 0.097656 0.097656
0 0.272949 0.117188 0.084961 0.085938
0 0.275879 0.225586 0.084961 0.085938
0 0.274414 0.330078 0.097656 0.097656
0 0.181641 0.056641 0.097656 0.097656
0 0.178223 0.175781 0.084961 0.085938
0 0.176758 0.278320 0.097656 0.097656
0 0.088379 0.117188 0.073242 0.074219
0 0.086426 0.225586 0.073242 0.074219
0 0.078613 0.337402 0.073242 0.073242
0 0.083496 0.443359 0.073242 0.074219
0 0.080078 0.555664 0.097656 0.097656
0 0.085449 0.666992 0.084961 0.085938
0 0.083984 0.777832 0.097656 0.098633
0 0.181641 0.386230 0.097656 0.098633
0 0.177734 0.500000 0.085938 0.085938
0 0.175781 0.602539 0.097656 0.097656
0 0.176758 0.716797 0.085938 0.085938
0 0.179688 0.833008 0.085938 0.085938
0 0.274414 0.437988 0.097656 0.098633
0 0.279297 0.556152 0.097656 0.098633
0 0.282227 0.662109 0.097656 0.097656
0 0.281250 0.779297 0.097656 0.097656
0 0.368164 0.389160 0.085938 0.086914
0 0.368164 0.496582 0.097656 0.098633
0 0.367188 0.604980 0.097656 0.098633
0 0.368164 0.734863 0.097656 0.098633
0 0.467773 0.442871 0.097656 0.098633
0 0.460938 0.551270 0.097656 0.098633
0 0.459961 0.666016 0.085938 0.085938
0 0.463379 0.775391 0.084961 0.085938
0 0.557129 0.382812 0.084961 0.085938
0 0.557129 0.495117 0.084961 0.085938
0 0.557617 0.608887 0.097656 0.098633
0 0.559570 0.720703 0.085938 0.085938
0 0.555664 0.832031 0.085938 0.085938
0 0.370605 0.845703 0.084961 0.085938
0 0.556641 0.939453 0.085938 0.085938
0 0.460449 0.883789 0.084961 0.085938
1 0.366699 0.940430 0.084961 0.085938
0 0.277344 0.887695 0.085938 0.085938
0 0.182617 0.937012 0.097656 0.098633
0 0.081543 0.890625 0.084961 0.085938