0 0.432617 0.357910 0.109375 0.110352
0 0.912598 0.086426 0.110352 0.110352
0 0.903809 0.196777 0.110352 0.110352
0 0.909668 0.311035 0.110352 0.110352
0 0.909180 0.419922 0.109375 0.111328
0 0.823242 0.136719 0.085938 0.085938
0 0.812500 0.250000 0.097656 0.097656
0 0.816406 0.366211 0.097656 0.097656
0 0.718750 0.087402 0.109375 0.110352
0 0.720703 0.191406 0.109375 0.111328
0 0.722656 0.305664 0.109375 0.111328
0 0.717285 0.405273 0.110352 0.111328
0 0.622559 0.142578 0.110352 0.111328
0 0.619629 0.250000 0.110352 0.111328
0 0.624512 0.356934 0.110352 0.110352
0 0.524902 0.083008 0.110352 0.111328
0 0.528809 0.200684 0.110352 0.110352
0 0.533203 0.305176 0.109375 0.110352
0 0.433594 0.144043 0.097656 0.098633
0 0.430664 0.250488 0.109375 0.110352
0 0.337891 0.086426 0.097656 0.098633
0 0.333008 0.197754 0.109375 0.110352
0 0.336914 0.302246 0.109375 0.110352
0 0.339844 0.415527 0.048828 0.049805
0 0.431641 0.470215 0.048828 0.049805
0 0.526367 0.408203 0.048828 0.048828
0 0.243652 0.145996 0.110352 0.110352
0 0.243652 0.256348 0.110352 0.110352
0 0.246582 0.368652 0.110352 0.110352
0 0.245605 0.474609 0.084961 0.085938
0 0.148438 0.083496 0.097656 0.098633
0 0.144043 0.193848 0.110352 0.110352
0 0.149414 0.305176 0.097656 0.098633
0 0.056641 0.252441 0.109375 0.110352
0 0.055664 0.356934 0.109375 0.110352
0 0.057129 0.478516 0.073242 0.074219
0 0.054688 0.582520 0.085938 0.086914
0 0.141113 0.527832 0.073242 0.073242
0 0.246582 0.576660 0.110352 0.110352
0 0.336914 0.527832 0.109375 0.110352
0 0.433594 0.577148 0.109375 0.111328
0 0.536133 0.635742 0.085938 0.085938
0 0.529785 0.523438 0.084961 0.085938
0 0.626465 0.474609 0.084961 0.085938
0 0.623535 0.581055 0.084961 0.085938
0 0.630859 0.688477 0.097656 0.097656
0 0.625977 0.792969 0.097656 0.097656
0 0.621094 0.909668 0.097656 0.098633
0 0.720215 0.522949 0.073242 0.073242
0 0.723145 0.634766 0.084961 0.085938
0 0.722168 0.851562 0.073242 0.074219
0 0.808594 0.469238 0.097656 0.098633
0 0.814453 0.578613 0.097656 0.098633
0 0.809570 0.693848 0.097656 0.098633
0 0.819336 0.804688 0.097656 0.097656
0 0.821289 0.915039 0.097656 0.097656
0 0.911621 0.523926 0.110352 0.110352
0 0.912598 0.638184 0.110352 0.110352
0 0.907227 0.744629 0.109375 0.110352
0 0.906250 0.862793 0.109375 0.110352