0 0.291504 0.511230 0.073242 0.073242
0 0.292480 0.403320 0.084961 0.085938
0 0.217285 0.897461 0.084961 0.085938
0 0.128418 0.941406 0.084961 0.085938
0 0.868164 0.612793 0.060547 0.061523
0 0.500000 0.414551 0.060547 0.061523
0 0.766113 0.457031 0.073242 0.074219
0 0.120117 0.400879 0.097656 0.098633
0 0.125488 0.517578 0.110352 0.111328
0 0.131348 0.622070 0.110352 0.111328
0 0.126465 0.727539 0.073242 0.074219
0 0.124512 0.838867 0.073242 0.074219
0 0.215820 0.450684 0.097656 0.098633
0 0.215820 0.567383 0.097656 0.097656
0 0.216309 0.681641 0.073242 0.074219
0 0.211426 0.783203 0.073242 0.074219
0 0.315918 0.616211 0.073242 0.074219
0 0.310547 0.730469 0.097656 0.097656
0 0.313477 0.841797 0.097656 0.097656
0 0.401855 0.449707 0.084961 0.086914
0 0.405762 0.562988 0.110352 0.110352
0 0.410645 0.679199 0.110352 0.110352
0 0.404785 0.785645 0.110352 0.110352
0 0.404297 0.901367 0.109375 0.111328
0 0.507324 0.506348 0.122070 0.122070
0 0.509766 0.621582 0.097656 0.098633
0 0.500000 0.733887 0.097656 0.098633
0 0.500000 0.852051 0.097656 0.098633
0 0.590820 0.462891 0.085938 0.085938
0 0.595703 0.568848 0.097656 0.098633
0 0.587891 0.682129 0.097656 0.098633
0 0.591797 0.790039 0.085938 0.085938
0 0.601562 0.899902 0.097656 0.098633
0 0.679199 0.515625 0.084961 0.085938
0 0.681152 0.637695 0.084961 0.085938
0 0.685547 0.736816 0.085938 0.086914
0 0.685547 0.845703 0.085938 0.085938
0 0.767090 0.581055 0.084961 0.085938
0 0.765137 0.691406 0.084961 0.085938
0 0.765137 0.791016 0.084961 0.085938
0 0.759277 0.906250 0.084961 0.085938
0 0.872070 0.518555 0.048828 0.048828
0 0.864258 0.723633 0.085938 0.085938
0 0.863770 0.839844 0.084961 0.085938
0 0.858398 0.929199 0.048828 0.049805
0 0.966797 0.567383 0.060547 0.060547