0 0.172363 0.766113 0.073242 0.073242
0 0.929199 0.209961 0.073242 0.074219
0 0.830566 0.824219 0.073242 0.074219
0 0.737305 0.763184 0.060547 0.061523
0 0.924805 0.878906 0.085938 0.085938
0 0.545898 0.895508 0.085938 0.085938
0 0.921875 0.755371 0.097656 0.098633
0 0.837891 0.722656 0.097656 0.097656
0 0.832031 0.933594 0.097656 0.097656
0 0.745117 0.882812 0.109375 0.111328
0 0.647949 0.933105 0.110352 0.110352
0 0.652344 0.828125 0.085938 0.085938
0 0.655273 0.716309 0.097656 0.098633
0 0.549805 0.771973 0.097656 0.098633
0 0.358398 0.880859 0.097656 0.097656
0 0.354980 0.765625 0.084961 0.085938
0 0.453125 0.715820 0.085938 0.085938
1 0.464844 0.817383 0.097656 0.097656
0 0.458008 0.933594 0.085938 0.085938
0 0.270996 0.943359 0.084961 0.085938
0 0.073242 0.937500 0.085938 0.085938
0 0.172852 0.888672 0.097656 0.097656
0 0.081055 0.820801 0.097656 0.098633
0 0.083496 0.713867 0.084961 0.085938
0 0.174316 0.439453 0.073242 0.074219
0 0.171387 0.540039 0.073242 0.074219
0 0.073730 0.489258 0.084961 0.085938
0 0.083008 0.055664 0.097656 0.097656
0 0.078125 0.153320 0.097656 0.097656
0 0.080078 0.274414 0.085938 0.085938
0 0.081543 0.386230 0.084961 0.086914
0 0.080078 0.602539 0.085938 0.085938
0 0.170410 0.662109 0.084961 0.085938
0 0.175781 0.326172 0.085938 0.085938
0 0.172852 0.217285 0.097656 0.098633
0 0.175781 0.107910 0.085938 0.086914
0 0.272949 0.051758 0.084961 0.085938
0 0.271484 0.166504 0.109375 0.110352
0 0.267578 0.263184 0.109375 0.110352
0 0.266113 0.429688 0.084961 0.085938
0 0.273438 0.498535 0.097656 0.098633
0 0.269531 0.609863 0.097656 0.098633
1 0.267090 0.846680 0.084961 0.085938
0 0.364258 0.655762 0.097656 0.098633
0 0.362793 0.550781 0.084961 0.085938
0 0.360840 0.114258 0.084961 0.085938
0 0.365723 0.241211 0.084961 0.085938
0 0.361816 0.334473 0.084961 0.086914
0 0.367188 0.437012 0.097656 0.098633
0 0.460938 0.604980 0.097656 0.098633
0 0.458984 0.054688 0.085938 0.085938
0 0.458008 0.158691 0.097656 0.098633
0 0.457520 0.278320 0.084961 0.085938
0 0.463867 0.384277 0.097656 0.098633
0 0.456055 0.508789 0.097656 0.097656
0 0.553223 0.120117 0.084961 0.085938
0 0.553223 0.208496 0.084961 0.086914
0 0.550781 0.319336 0.085938 0.085938
0 0.551758 0.436523 0.085938 0.085938
0 0.551758 0.529785 0.097656 0.098633
0 0.549805 0.659668 0.097656 0.098633
0 0.653809 0.585938 0.084961 0.085938
0 0.650391 0.065430 0.097656 0.097656
0 0.643555 0.145996 0.097656 0.098633
0 0.656738 0.275391 0.084961 0.085938
0 0.663086 0.381836 0.085938 0.085938
0 0.656250 0.493164 0.085938 0.085938
0 0.741699 0.664062 0.084961 0.085938
0 0.747070 0.120117 0.085938 0.085938
0 0.744141 0.200684 0.097656 0.098633
0 0.739258 0.326172 0.085938 0.085938
0 0.743164 0.424805 0.085938 0.085938
0 0.735352 0.550781 0.085938 0.085938
0 0.837891 0.056641 0.085938 0.085938
0 0.834961 0.184082 0.085938 0.086914
0 0.834961 0.287109 0.085938 0.085938
0 0.837402 0.398438 0.084961 0.085938
0 0.836914 0.489746 0.097656 0.098633
0 0.839844 0.626465 0.097656 0.098633
0 0.930176 0.656250 0.084961 0.085938
0 0.930176 0.541016 0.084961 0.085938
0 0.937012 0.439453 0.084961 0.085938
0 0.925293 0.319336 0.084961 0.085938
0 0.929688 0.099609 0.097656 0.097656
0 0.275391 0.736328 0.085938 0.085938