0 0.668457 0.321289 0.073242 0.074219
0 0.943359 0.614746 0.109375 0.110352
0 0.941895 0.722656 0.084961 0.085938
0 0.848633 0.667969 0.085938 0.085938
0 0.848633 0.775879 0.097656 0.098633
0 0.844727 0.865723 0.097656 0.098633
0 0.758789 0.601562 0.097656 0.097656
0 0.753906 0.727539 0.097656 0.097656
0 0.751953 0.822754 0.097656 0.098633
0 0.752930 0.929199 0.097656 0.098633
0 0.665039 0.873047 0.085938 0.085938
0 0.662598 0.767578 0.084961 0.085938
0 0.662598 0.665039 0.084961 0.085938
0 0.569824 0.604980 0.110352 0.110352
0 0.565918 0.721191 0.110352 0.110352
0 0.559082 0.834473 0.110352 0.110352
0 0.473633 0.871582 0.109375 0.110352
0 0.474121 0.779297 0.110352 0.111328
0 0.480469 0.651855 0.109375 0.110352
0 0.370605 0.608887 0.110352 0.110352
0 0.368164 0.711426 0.109375 0.110352
0 0.375977 0.828613 0.097656 0.098633
0 0.375977 0.937988 0.097656 0.098633
0 0.288086 0.660645 0.109375 0.110352
0 0.285156 0.797363 0.109375 0.110352
0 0.277344 0.878906 0.085938 0.085938
0 0.196289 0.712891 0.085938 0.085938
0 0.185547 0.807617 0.109375 0.111328
0 0.183105 0.906738 0.110352 0.110352
0 0.092773 0.884277 0.097656 0.098633
0 0.096680 0.773926 0.097656 0.098633
0 0.100586 0.663574 0.109375 0.110352
0 0.943848 0.165527 0.110352 0.110352
0 0.940918 0.393066 0.110352 0.110352
0 0.859375 0.555664 0.109375 0.111328
0 0.850586 0.437012 0.109375 0.110352
0 0.846680 0.330566 0.109375 0.110352
0 0.855469 0.231934 0.097656 0.098633
0 0.855957 0.113770 0.110352 0.110352
0 0.755371 0.062500 0.110352 0.111328
0 0.762695 0.173340 0.109375 0.110352
0 0.761719 0.272949 0.109375 0.110352
0 0.762695 0.389160 0.109375 0.110352
0 0.751953 0.507324 0.109375 0.110352
0 0.665527 0.555664 0.084961 0.085938
0 0.665527 0.434570 0.084961 0.085938
0 0.676270 0.207031 0.084961 0.085938
0 0.670898 0.111816 0.097656 0.098633
0 0.573242 0.057129 0.109375 0.110352
0 0.576660 0.171387 0.110352 0.110352
0 0.571289 0.274414 0.109375 0.111328
0 0.562500 0.381348 0.109375 0.110352
0 0.567383 0.488770 0.109375 0.110352
0 0.471680 0.542480 0.109375 0.110352
0 0.470703 0.453613 0.109375 0.110352
0 0.473145 0.348145 0.110352 0.110352
0 0.479980 0.215820 0.110352 0.111328
0 0.479980 0.107910 0.110352 0.110352
0 0.377930 0.058105 0.097656 0.098633
0 0.385742 0.159668 0.097656 0.098633
0 0.381348 0.275879 0.110352 0.110352
0 0.381836 0.391113 0.097656 0.098633
0 0.379883 0.499512 0.109375 0.110352
0 0.287109 0.545898 0.109375 0.111328
0 0.280273 0.434082 0.097656 0.098633
0 0.289551 0.336426 0.110352 0.110352
0 0.291016 0.222168 0.097656 0.098633
0 0.287598 0.100098 0.110352 0.110352
0 0.194336 0.067383 0.085938 0.085938
0 0.195801 0.162109 0.084961 0.085938
0 0.196777 0.278320 0.084961 0.085938
0 0.199219 0.385742 0.085938 0.085938
0 0.204102 0.502930 0.085938 0.085938
0 0.198730 0.605469 0.084961 0.085938
0 0.095703 0.566895 0.109375 0.110352
0 0.094727 0.441895 0.097656 0.098633
0 0.094727 0.332031 0.085938 0.085938
0 0.095703 0.224609 0.097656 0.097656
0 0.102539 0.099609 0.109375 0.111328