0 0.652832 0.829102 0.073242 0.074219
0 0.740723 0.769531 0.073242 0.074219
0 0.072266 0.059570 0.109375 0.111328
0 0.071289 0.170410 0.097656 0.098633
0 0.066406 0.280762 0.097656 0.098633
0 0.270020 0.149414 0.110352 0.111328
0 0.275879 0.272461 0.110352 0.111328
0 0.362305 0.112793 0.097656 0.098633
0 0.365723 0.218750 0.110352 0.111328
0 0.457031 0.051758 0.085938 0.085938
0 0.458984 0.159668 0.097656 0.098633
0 0.458984 0.272461 0.097656 0.097656
0 0.563965 0.102051 0.110352 0.110352
0 0.564453 0.221191 0.109375 0.110352
0 0.653809 0.167480 0.110352 0.110352
0 0.656738 0.274902 0.110352 0.110352
0 0.747070 0.104980 0.109375 0.110352
0 0.742188 0.215332 0.109375 0.110352
0 0.846680 0.163574 0.097656 0.098633
0 0.840820 0.273926 0.109375 0.110352
0 0.936035 0.110840 0.110352 0.110352
0 0.942871 0.226074 0.110352 0.110352
0 0.934570 0.445801 0.085938 0.086914
0 0.936523 0.554199 0.109375 0.110352
0 0.937500 0.660645 0.097656 0.098633
0 0.936523 0.773926 0.097656 0.098633
0 0.942871 0.877930 0.084961 0.085938
0 0.837891 0.494629 0.109375 0.110352
0 0.842773 0.605957 0.097656 0.098633
0 0.839355 0.712891 0.084961 0.085938
0 0.841309 0.822266 0.084961 0.085938
0 0.847656 0.936523 0.097656 0.097656
0 0.742188 0.432129 0.097656 0.098633
0 0.740723 0.546875 0.084961 0.085938
0 0.746582 0.663086 0.084961 0.085938
0 0.747559 0.875977 0.073242 0.074219
0 0.935547 0.326660 0.109375 0.110352
0 0.841797 0.384277 0.109375 0.110352
0 0.746582 0.326660 0.110352 0.110352
0 0.655273 0.384277 0.097656 0.098633
0 0.654297 0.493164 0.097656 0.097656
0 0.652344 0.601562 0.097656 0.097656
0 0.659180 0.712891 0.085938 0.085938
1 0.558594 0.326172 0.085938 0.085938
1 0.271973 0.370117 0.084961 0.085938
0 0.069336 0.407715 0.109375 0.110352
0 0.064453 0.505371 0.097656 0.098633
0 0.070312 0.616699 0.097656 0.098633
0 0.192383 0.655762 0.097656 0.098633
0 0.182129 0.768066 0.110352 0.110352
0 0.273438 0.484375 0.109375 0.111328
0 0.268555 0.598633 0.085938 0.085938
0 0.270508 0.712891 0.085938 0.085938
0 0.363770 0.313965 0.110352 0.110352
0 0.362793 0.436523 0.110352 0.111328
0 0.363281 0.541992 0.097656 0.097656
0 0.367188 0.670898 0.097656 0.097656
0 0.466797 0.370605 0.097656 0.098633
0 0.468262 0.489258 0.084961 0.085938
0 0.469238 0.604492 0.084961 0.085938
0 0.460449 0.708008 0.084961 0.085938
0 0.566406 0.429199 0.097656 0.098633
0 0.566406 0.556152 0.109375 0.110352
0 0.564453 0.654297 0.085938 0.085938
0 0.564453 0.754883 0.097656 0.097656
1 0.653809 0.916016 0.073242 0.074219
0 0.560547 0.870117 0.097656 0.097656
0 0.466309 0.824219 0.084961 0.085938
0 0.466309 0.923340 0.073242 0.073242
0 0.364258 0.886230 0.097656 0.098633
0 0.370117 0.772461 0.085938 0.085938
0 0.273438 0.822266 0.085938 0.085938
0 0.270508 0.921387 0.085938 0.086914
0 0.181641 0.872559 0.097656 0.098633
0 0.069336 0.830566 0.097656 0.098633