0 0.908203 0.114746 0.097656 0.098633
0 0.908203 0.223145 0.097656 0.098633
0 0.815918 0.064941 0.073242 0.073242
0 0.817383 0.169434 0.097656 0.098633
0 0.815430 0.282715 0.097656 0.098633
0 0.714844 0.126465 0.097656 0.098633
0 0.720703 0.231934 0.109375 0.110352
0 0.629883 0.071777 0.097656 0.098633
0 0.629883 0.172363 0.097656 0.098633
0 0.624023 0.286133 0.109375 0.111328
0 0.533203 0.114746 0.109375 0.110352
0 0.531738 0.226562 0.110352 0.111328
0 0.438477 0.053711 0.097656 0.097656
0 0.439941 0.164062 0.110352 0.111328
0 0.439941 0.282715 0.110352 0.110352
0 0.338867 0.121094 0.097656 0.097656
0 0.348633 0.238770 0.109375 0.110352
0 0.249023 0.067871 0.060547 0.061523
0 0.245117 0.174316 0.109375 0.110352
0 0.247070 0.284668 0.109375 0.110352
0 0.149902 0.110840 0.110352 0.110352
0 0.153809 0.230957 0.110352 0.110352
0 0.057129 0.048340 0.061523 0.061523
0 0.058105 0.169434 0.110352 0.110352
0 0.057617 0.285645 0.109375 0.110352
0 0.058105 0.394043 0.110352 0.110352
0 0.055664 0.504395 0.109375 0.110352
0 0.055664 0.711914 0.109375 0.111328
0 0.148926 0.340332 0.110352 0.110352
0 0.151855 0.451660 0.110352 0.110352
0 0.152832 0.554199 0.110352 0.110352
0 0.148438 0.672363 0.097656 0.098633
0 0.241211 0.399902 0.109375 0.110352
0 0.246094 0.509277 0.097656 0.098633
0 0.244629 0.612793 0.110352 0.110352
0 0.347656 0.335449 0.097656 0.098633
0 0.343750 0.443848 0.097656 0.098633
0 0.350586 0.559082 0.109375 0.110352
0 0.352051 0.670410 0.110352 0.110352
0 0.440918 0.393066 0.110352 0.110352
0 0.442383 0.502441 0.109375 0.110352
0 0.440430 0.605957 0.109375 0.110352
0 0.538574 0.333984 0.110352 0.111328
0 0.533691 0.450684 0.110352 0.110352
0 0.535645 0.554199 0.110352 0.110352
0 0.529785 0.666504 0.110352 0.110352
0 0.631836 0.391602 0.109375 0.111328
0 0.628906 0.503418 0.109375 0.110352
0 0.626953 0.611816 0.097656 0.098633
0 0.628906 0.728027 0.097656 0.098633
0 0.723145 0.332520 0.110352 0.110352
0 0.721680 0.454102 0.085938 0.085938
0 0.721680 0.560547 0.097656 0.097656
0 0.726562 0.671387 0.097656 0.098633
0 0.817871 0.391113 0.110352 0.110352
0 0.816895 0.496094 0.110352 0.111328
0 0.817383 0.618164 0.109375 0.111328
0 0.813477 0.724121 0.109375 0.110352
0 0.912109 0.333496 0.109375 0.110352
0 0.909668 0.450684 0.110352 0.110352
0 0.911621 0.557129 0.110352 0.110352
0 0.912598 0.667969 0.110352 0.111328
0 0.915527 0.785156 0.110352 0.111328
0 0.914062 0.890137 0.097656 0.098633
0 0.818359 0.832520 0.097656 0.098633
0 0.813477 0.943848 0.109375 0.110352
0 0.718750 0.776855 0.109375 0.110352
0 0.724121 0.892090 0.110352 0.110352
0 0.628906 0.829590 0.097656 0.098633
0 0.624512 0.939941 0.110352 0.110352
0 0.535156 0.780762 0.109375 0.110352
0 0.532227 0.889160 0.109375 0.110352
0 0.444336 0.727051 0.109375 0.110352
0 0.443359 0.835449 0.097656 0.098633
0 0.348145 0.789551 0.110352 0.110352
0 0.352051 0.902832 0.110352 0.110352
0 0.241699 0.726074 0.110352 0.110352
0 0.246582 0.837402 0.110352 0.110352
0 0.149414 0.788086 0.097656 0.097656
0 0.154297 0.899414 0.097656 0.097656
0 0.059570 0.942383 0.097656 0.097656