0 0.139160 0.385742 0.073242 0.074219
0 0.894043 0.390137 0.110352 0.110352
0 0.892578 0.499512 0.097656 0.098633
0 0.900391 0.601074 0.097656 0.098633
0 0.895996 0.717285 0.110352 0.110352
0 0.896484 0.832520 0.097656 0.098633
0 0.894531 0.940918 0.109375 0.110352
0 0.794922 0.875488 0.097656 0.098633
0 0.804199 0.777832 0.110352 0.110352
0 0.805664 0.663574 0.097656 0.098633
0 0.802246 0.541504 0.110352 0.110352
0 0.803223 0.443848 0.110352 0.110352
0 0.705078 0.399414 0.085938 0.085938
0 0.708984 0.508789 0.085938 0.085938
0 0.710449 0.603516 0.084961 0.085938
0 0.711426 0.719727 0.084961 0.085938
0 0.713867 0.827148 0.085938 0.085938
0 0.718750 0.944336 0.085938 0.085938
0 0.609375 0.883301 0.097656 0.098633
0 0.609375 0.773438 0.085938 0.085938
0 0.610352 0.666016 0.097656 0.097656
0 0.617188 0.541016 0.109375 0.111328
0 0.622070 0.460449 0.097656 0.098633
0 0.532227 0.400391 0.085938 0.085938
0 0.516602 0.507324 0.097656 0.098633
0 0.518555 0.614746 0.097656 0.098633
0 0.521484 0.721680 0.097656 0.097656
0 0.521484 0.842773 0.097656 0.097656
0 0.424805 0.337891 0.097656 0.097656
0 0.427734 0.451172 0.097656 0.097656
0 0.425781 0.552246 0.097656 0.098633
0 0.421875 0.660156 0.085938 0.085938
0 0.428711 0.780273 0.097656 0.097656
0 0.425781 0.898438 0.109375 0.111328
0 0.328125 0.942871 0.097656 0.098633
0 0.329102 0.824219 0.097656 0.097656
0 0.325195 0.290039 0.085938 0.085938
0 0.326660 0.388672 0.084961 0.085938
0 0.329102 0.502930 0.085938 0.085938
0 0.330078 0.612305 0.085938 0.085938
0 0.330078 0.714844 0.085938 0.085938
0 0.230957 0.331055 0.084961 0.085938
0 0.227051 0.433594 0.084961 0.085938
0 0.227051 0.548828 0.084961 0.085938
0 0.225586 0.657715 0.109375 0.110352
0 0.224121 0.764648 0.084961 0.085938
0 0.222656 0.884277 0.097656 0.098633
0 0.132324 0.936035 0.110352 0.110352
0 0.132324 0.827637 0.110352 0.110352
0 0.131348 0.712402 0.110352 0.110352
0 0.132324 0.600098 0.110352 0.110352
0 0.133789 0.488281 0.097656 0.097656
0 0.044922 0.424805 0.085938 0.085938
0 0.903320 0.276855 0.109375 0.110352
0 0.903320 0.165527 0.097656 0.098633
0 0.899902 0.048828 0.084961 0.085938
0 0.799805 0.217773 0.097656 0.097656
0 0.802734 0.322266 0.085938 0.085938
0 0.711426 0.277344 0.084961 0.085938
0 0.708496 0.157227 0.084961 0.085938
0 0.618164 0.109375 0.097656 0.097656
0 0.618164 0.219727 0.097656 0.097656
0 0.617188 0.332031 0.097656 0.097656
0 0.524414 0.278809 0.097656 0.098633
0 0.528320 0.166016 0.097656 0.097656
0 0.522949 0.059570 0.084961 0.085938
0 0.425781 0.103516 0.097656 0.097656
0 0.418945 0.221191 0.097656 0.098633
0 0.326660 0.193359 0.084961 0.085938