0 0.086426 0.113770 0.073242 0.073242
0 0.071777 0.309082 0.073242 0.073242
0 0.157715 0.391113 0.073242 0.073242
0 0.154785 0.494141 0.073242 0.074219
0 0.261230 0.702148 0.073242 0.074219
0 0.820312 0.770508 0.097656 0.097656
0 0.920898 0.374023 0.085938 0.085938
0 0.916016 0.490723 0.097656 0.098633
0 0.915527 0.611816 0.110352 0.110352
0 0.916992 0.725098 0.109375 0.110352
0 0.820312 0.329102 0.085938 0.085938
0 0.824219 0.449219 0.097656 0.097656
0 0.817383 0.547852 0.097656 0.097656
0 0.825195 0.661133 0.109375 0.111328
0 0.728516 0.378906 0.109375 0.111328
0 0.729492 0.489258 0.109375 0.111328
1 0.729492 0.584473 0.097656 0.098633
0 0.725586 0.714355 0.109375 0.110352
0 0.725586 0.841797 0.097656 0.097656
0 0.638672 0.895020 0.097656 0.098633
0 0.635254 0.783203 0.110352 0.111328
0 0.636230 0.659668 0.110352 0.110352
0 0.632812 0.549316 0.109375 0.110352
0 0.636719 0.437012 0.109375 0.110352
0 0.626465 0.341309 0.110352 0.110352
0 0.547852 0.497070 0.097656 0.097656
0 0.550781 0.602051 0.097656 0.098633
0 0.554688 0.695801 0.097656 0.098633
0 0.550781 0.835449 0.109375 0.110352
0 0.440918 0.875000 0.084961 0.085938
0 0.446289 0.652832 0.097656 0.098633
0 0.449219 0.552734 0.109375 0.111328
0 0.442871 0.445801 0.110352 0.110352
0 0.446777 0.325195 0.110352 0.111328
0 0.265625 0.324707 0.097656 0.098633
0 0.081055 0.422363 0.085938 0.086914
0 0.079590 0.534180 0.084961 0.085938
0 0.149414 0.584961 0.085938 0.085938
0 0.072754 0.678711 0.084961 0.085938
0 0.159668 0.734375 0.084961 0.085938
0 0.264160 0.779297 0.084961 0.085938
0 0.074219 0.890625 0.097656 0.097656
0 0.263672 0.880371 0.097656 0.098633
0 0.158203 0.939941 0.097656 0.098633
0 0.074219 0.790039 0.085938 0.085938
0 0.155762 0.827148 0.084961 0.085938
0 0.086426 0.207520 0.073242 0.073242
0 0.923828 0.273438 0.085938 0.085938
0 0.928711 0.173340 0.097656 0.098633
0 0.929688 0.054688 0.097656 0.097656
0 0.266113 0.099609 0.084961 0.085938
0 0.268555 0.215332 0.085938 0.086914
0 0.823242 0.114746 0.097656 0.098633
0 0.828125 0.229980 0.109375 0.110352
0 0.736328 0.278320 0.109375 0.111328
0 0.732910 0.166504 0.110352 0.110352
0 0.732910 0.058105 0.110352 0.110352
0 0.638672 0.112793 0.109375 0.110352
0 0.634277 0.225098 0.110352 0.110352
0 0.550781 0.279297 0.097656 0.097656
0 0.546875 0.141602 0.097656 0.097656
0 0.448242 0.218262 0.097656 0.098633
0 0.448730 0.102539 0.084961 0.085938
0 0.170898 0.044922 0.085938 0.085938
0 0.165039 0.278320 0.085938 0.085938