0 0.064941 0.085938 0.110352 0.111328
0 0.066406 0.189941 0.109375 0.110352
0 0.061035 0.300293 0.110352 0.110352
0 0.058594 0.400879 0.097656 0.098633
0 0.062012 0.493164 0.110352 0.111328
0 0.065918 0.625977 0.110352 0.111328
0 0.059082 0.734863 0.110352 0.110352
0 0.157227 0.786133 0.097656 0.097656
0 0.161133 0.675293 0.097656 0.098633
0 0.161133 0.561035 0.097656 0.098633
0 0.156250 0.452637 0.109375 0.110352
0 0.156738 0.345215 0.110352 0.110352
0 0.159180 0.224121 0.097656 0.098633
0 0.160645 0.126465 0.084961 0.086914
0 0.254883 0.076172 0.085938 0.085938
0 0.258789 0.182617 0.097656 0.097656
0 0.248047 0.287598 0.097656 0.098633
0 0.251953 0.396973 0.109375 0.110352
0 0.248047 0.509277 0.109375 0.110352
0 0.243164 0.623535 0.097656 0.098633
0 0.248047 0.729980 0.097656 0.098633
0 0.338379 0.792969 0.084961 0.085938
0 0.343750 0.664062 0.085938 0.085938
0 0.343750 0.553711 0.085938 0.085938
0 0.348145 0.135742 0.110352 0.111328
0 0.343750 0.229492 0.097656 0.097656
0 0.345703 0.347656 0.097656 0.097656
0 0.343750 0.447754 0.097656 0.098633
0 0.436523 0.730469 0.085938 0.085938
0 0.453125 0.619629 0.097656 0.098633
0 0.447266 0.509277 0.109375 0.110352
0 0.444824 0.401367 0.084961 0.085938
0 0.450195 0.292969 0.085938 0.085938
0 0.455078 0.186523 0.109375 0.111328
0 0.455566 0.085449 0.110352 0.110352
0 0.536621 0.135742 0.084961 0.085938
0 0.540527 0.240234 0.084961 0.085938
0 0.534180 0.360840 0.097656 0.098633
0 0.539062 0.456055 0.097656 0.097656
0 0.533203 0.567871 0.097656 0.098633
0 0.525879 0.678223 0.110352 0.110352
0 0.524414 0.791504 0.097656 0.098633
0 0.625000 0.724121 0.097656 0.098633
0 0.634766 0.626465 0.097656 0.098633
0 0.631836 0.509277 0.109375 0.110352
0 0.629395 0.410156 0.084961 0.085938
0 0.630859 0.289551 0.097656 0.098633
0 0.632324 0.176758 0.084961 0.085938
0 0.634766 0.073730 0.097656 0.098633
0 0.720215 0.129395 0.110352 0.110352
0 0.721191 0.232422 0.110352 0.111328
0 0.727539 0.341797 0.109375 0.111328
0 0.726562 0.457520 0.097656 0.098633
0 0.723633 0.570801 0.097656 0.098633
0 0.716797 0.674805 0.097656 0.097656
0 0.720703 0.774902 0.109375 0.110352
0 0.819336 0.731934 0.097656 0.098633
0 0.819336 0.621582 0.109375 0.110352
0 0.817871 0.520020 0.110352 0.110352
0 0.819824 0.085449 0.110352 0.110352
0 0.822266 0.187012 0.109375 0.110352
0 0.821289 0.304199 0.097656 0.098633
0 0.820312 0.405762 0.097656 0.098633
0 0.911621 0.140137 0.110352 0.110352
0 0.915039 0.244629 0.097656 0.098633
0 0.912109 0.341797 0.097656 0.097656
0 0.912109 0.461426 0.097656 0.098633
0 0.917969 0.566895 0.097656 0.098633
0 0.916992 0.688965 0.097656 0.098633
0 0.913574 0.789062 0.084961 0.085938
0 0.906250 0.897461 0.097656 0.097656
0 0.819336 0.847656 0.097656 0.097656
0 0.720215 0.887695 0.110352 0.111328
1 0.628906 0.952148 0.085938 0.085938
0 0.625977 0.818359 0.097656 0.097656
0 0.533203 0.895996 0.109375 0.110352
0 0.438477 0.842285 0.097656 0.098633
0 0.338867 0.900879 0.097656 0.098633
0 0.245117 0.951172 0.085938 0.085938
0 0.244141 0.844727 0.085938 0.085938
0 0.153320 0.891113 0.097656 0.098633
0 0.062012 0.839355 0.110352 0.110352