0 0.736816 0.062988 0.073242 0.073242
0 0.810059 0.213867 0.073242 0.074219
0 0.910645 0.959473 0.073242 0.073242
0 0.911133 0.845215 0.097656 0.098633
0 0.925781 0.730469 0.085938 0.085938
0 0.911621 0.387207 0.084961 0.086914
0 0.917969 0.491211 0.097656 0.097656
0 0.911133 0.622559 0.097656 0.098633
0 0.809570 0.331055 0.085938 0.085938
0 0.811035 0.444336 0.084961 0.085938
0 0.818359 0.557617 0.097656 0.097656
0 0.822266 0.660645 0.109375 0.110352
0 0.832520 0.797852 0.084961 0.085938
0 0.823242 0.892090 0.097656 0.098633
0 0.732910 0.939941 0.110352 0.110352
0 0.725098 0.846191 0.110352 0.110352
0 0.728027 0.718750 0.110352 0.111328
0 0.730469 0.617188 0.109375 0.111328
0 0.728516 0.501465 0.097656 0.098633
1 0.729004 0.389648 0.073242 0.074219
0 0.631348 0.327148 0.084961 0.085938
0 0.628418 0.448242 0.084961 0.085938
0 0.630859 0.557129 0.109375 0.110352
0 0.633789 0.665527 0.097656 0.098633
0 0.639648 0.789062 0.085938 0.085938
0 0.634766 0.887695 0.109375 0.111328
0 0.543945 0.953125 0.085938 0.085938
0 0.544434 0.833984 0.084961 0.085938
0 0.553223 0.724609 0.084961 0.085938
0 0.556152 0.612305 0.084961 0.085938
0 0.556641 0.506348 0.097656 0.098633
0 0.541992 0.401367 0.085938 0.085938
0 0.448242 0.330566 0.097656 0.098633
0 0.443848 0.454590 0.110352 0.110352
0 0.444824 0.561035 0.110352 0.110352
0 0.448730 0.670410 0.096680 0.098633
0 0.449707 0.774414 0.084961 0.085938
0 0.442383 0.890137 0.097656 0.098633
0 0.356934 0.831543 0.084961 0.086914
0 0.258301 0.892578 0.084961 0.085938
0 0.357422 0.399902 0.109375 0.110352
0 0.357422 0.506348 0.097656 0.098633
0 0.356934 0.616699 0.110352 0.110352
0 0.354492 0.729980 0.109375 0.110352
0 0.348633 0.929199 0.097656 0.098633
0 0.164062 0.945801 0.097656 0.098633
0 0.171387 0.378906 0.084961 0.085938
0 0.182617 0.508789 0.097656 0.097656
0 0.178711 0.613770 0.097656 0.098633
0 0.166016 0.729980 0.097656 0.098633
0 0.069336 0.336914 0.097656 0.097656
0 0.057617 0.445801 0.109375 0.110352
0 0.066406 0.560547 0.097656 0.097656
0 0.064453 0.676270 0.097656 0.098633
0 0.066406 0.787109 0.097656 0.097656
1 0.733887 0.265625 0.073242 0.074219
1 0.729004 0.157715 0.073242 0.073242
0 0.635742 0.116211 0.085938 0.085938
0 0.635742 0.231445 0.085938 0.085938
1 0.824707 0.120117 0.073242 0.074219
0 0.915039 0.045898 0.085938 0.085938
0 0.919922 0.166016 0.085938 0.085938
0 0.918457 0.272461 0.084961 0.085938
0 0.547852 0.073242 0.085938 0.085938
0 0.548828 0.163086 0.085938 0.085938
0 0.449219 0.110840 0.097656 0.098633
0 0.350098 0.184570 0.084961 0.085938
0 0.351562 0.279785 0.097656 0.098633
0 0.448242 0.225098 0.097656 0.098633
0 0.552734 0.275879 0.097656 0.098633
0 0.353516 0.076660 0.097656 0.098633
0 0.260742 0.227539 0.097656 0.097656
0 0.259766 0.112793 0.097656 0.098633
0 0.167969 0.066406 0.085938 0.085938
0 0.171875 0.167969 0.085938 0.085938
0 0.165039 0.276855 0.085938 0.086914
0 0.069824 0.119141 0.084961 0.085938
0 0.076172 0.229492 0.085938 0.085938
0 0.258301 0.446777 0.110352 0.110352
0 0.259766 0.568848 0.109375 0.110352
0 0.259766 0.684082 0.109375 0.110352
0 0.254883 0.779785 0.109375 0.110352
0 0.260254 0.340820 0.084961 0.085938