0 0.438477 0.728027 0.109375 0.110352
0 0.618652 0.828125 0.073242 0.074219
0 0.152344 0.115234 0.109375 0.111328
0 0.242676 0.057129 0.110352 0.110352
0 0.246094 0.166992 0.097656 0.097656
0 0.910156 0.096191 0.097656 0.098633
0 0.915527 0.429199 0.024414 0.024414
0 0.915527 0.539551 0.024414 0.024414
0 0.911621 0.654785 0.024414 0.024414
0 0.917969 0.204590 0.097656 0.098633
0 0.916016 0.310059 0.097656 0.098633
0 0.907715 0.764160 0.024414 0.024414
0 0.910645 0.846191 0.024414 0.024414
0 0.625000 0.395020 0.097656 0.098633
0 0.628906 0.498535 0.109375 0.110352
0 0.620117 0.609375 0.097656 0.097656
0 0.625000 0.720703 0.097656 0.097656
1 0.527344 0.450195 0.085938 0.085938
0 0.528320 0.563477 0.097656 0.097656
0 0.523926 0.668457 0.110352 0.110352
0 0.524414 0.777832 0.097656 0.098633
0 0.438965 0.386719 0.110352 0.111328
0 0.437012 0.500000 0.110352 0.111328
0 0.436523 0.612305 0.097656 0.097656
0 0.440918 0.833496 0.073242 0.073242
0 0.339355 0.338867 0.110352 0.111328
0 0.338867 0.442383 0.109375 0.111328
0 0.335938 0.563965 0.109375 0.110352
0 0.337891 0.671387 0.097656 0.098633
0 0.341797 0.775879 0.097656 0.098633
0 0.241211 0.390137 0.109375 0.110352
0 0.246094 0.498535 0.097656 0.098633
0 0.247070 0.608887 0.097656 0.098633
0 0.247070 0.715332 0.097656 0.098633
0 0.249512 0.827637 0.073242 0.073242
0 0.244141 0.279297 0.109375 0.111328
0 0.147461 0.336426 0.109375 0.110352
0 0.144043 0.440430 0.084961 0.085938
0 0.148438 0.542480 0.097656 0.098633
0 0.150391 0.665527 0.097656 0.098633
0 0.150391 0.774902 0.097656 0.098633
0 0.058594 0.493652 0.097656 0.098633
0 0.052734 0.599121 0.097656 0.098633
0 0.053711 0.718262 0.097656 0.098633
0 0.058105 0.820312 0.073242 0.074219
0 0.149414 0.224121 0.109375 0.110352