0 0.793945 0.106934 0.048828 0.049805
0 0.885742 0.161621 0.048828 0.049805
0 0.700684 0.060059 0.110352 0.110352
0 0.699707 0.166016 0.084961 0.085938
0 0.511230 0.169922 0.073242 0.074219
0 0.414551 0.110352 0.110352 0.111328
0 0.324219 0.062500 0.097656 0.097656
0 0.326172 0.166504 0.060547 0.061523
0 0.222656 0.114746 0.109375 0.110352
0 0.127930 0.062988 0.109375 0.110352
0 0.122070 0.169434 0.109375 0.110352
0 0.127930 0.285156 0.109375 0.111328
0 0.126465 0.392578 0.110352 0.111328
0 0.127441 0.504883 0.110352 0.111328
0 0.123535 0.620605 0.110352 0.110352
0 0.221680 0.227051 0.097656 0.098633
0 0.217773 0.341309 0.109375 0.110352
0 0.217773 0.446289 0.109375 0.111328
0 0.216797 0.560547 0.109375 0.111328
0 0.314941 0.272949 0.110352 0.110352
0 0.312012 0.392090 0.110352 0.110352
0 0.314453 0.502930 0.097656 0.097656
0 0.317383 0.620117 0.109375 0.111328
0 0.408691 0.230957 0.110352 0.110352
0 0.412598 0.332520 0.110352 0.110352
0 0.412598 0.452637 0.110352 0.110352
0 0.407715 0.562012 0.110352 0.110352
0 0.411133 0.671875 0.097656 0.097656
0 0.211914 0.666504 0.109375 0.110352
0 0.508789 0.273926 0.085938 0.086914
0 0.595215 0.219238 0.073242 0.073242
0 0.700684 0.268066 0.110352 0.110352
0 0.791016 0.219238 0.109375 0.110352
0 0.887695 0.268555 0.109375 0.111328
0 0.790039 0.899902 0.097656 0.098633
1 0.692383 0.955078 0.085938 0.085938
0 0.604004 0.891602 0.110352 0.111328
0 0.504395 0.843750 0.110352 0.111328
0 0.406250 0.895020 0.109375 0.110352
0 0.409180 0.784180 0.109375 0.111328
0 0.312500 0.841309 0.109375 0.110352
0 0.309082 0.945312 0.084961 0.085938
0 0.216309 0.783691 0.110352 0.110352
0 0.215332 0.886230 0.110352 0.110352
0 0.120605 0.836426 0.110352 0.110352
0 0.125977 0.940918 0.109375 0.110352
0 0.314453 0.729004 0.109375 0.110352
0 0.122559 0.726562 0.084961 0.085938