0 0.934570 0.850098 0.097656 0.098633
0 0.929688 0.753906 0.085938 0.085938
0 0.938965 0.643555 0.084961 0.085938
0 0.942871 0.532715 0.110352 0.110352
0 0.848633 0.484375 0.109375 0.111328
0 0.851562 0.593750 0.097656 0.097656
0 0.839844 0.703125 0.097656 0.097656
0 0.840820 0.807129 0.097656 0.098633
0 0.842773 0.917480 0.097656 0.098633
0 0.746094 0.858887 0.097656 0.098633
0 0.752930 0.754883 0.097656 0.097656
0 0.750000 0.641602 0.097656 0.097656
0 0.752930 0.539062 0.097656 0.097656
0 0.751953 0.428223 0.097656 0.098633
0 0.657227 0.484863 0.097656 0.098633
0 0.650391 0.592773 0.109375 0.111328
0 0.655273 0.699707 0.097656 0.098633
0 0.648926 0.798340 0.110352 0.110352
0 0.648438 0.914062 0.097656 0.097656
0 0.558594 0.941406 0.097656 0.097656
0 0.554688 0.853027 0.097656 0.098633
0 0.560059 0.736816 0.110352 0.110352
0 0.566406 0.635742 0.109375 0.111328
1 0.563965 0.527832 0.110352 0.110352
0 0.567871 0.416992 0.110352 0.111328
0 0.468262 0.479492 0.110352 0.111328
0 0.464355 0.590332 0.110352 0.110352
0 0.468262 0.683594 0.110352 0.111328
0 0.461426 0.799316 0.110352 0.110352
0 0.375977 0.858887 0.109375 0.110352
0 0.369629 0.742188 0.110352 0.111328
0 0.370117 0.639160 0.109375 0.110352
0 0.376465 0.528809 0.110352 0.110352
0 0.374023 0.432129 0.109375 0.110352
0 0.282227 0.468750 0.109375 0.111328
0 0.278320 0.575684 0.097656 0.098633
0 0.277344 0.683594 0.097656 0.097656
0 0.276855 0.796387 0.110352 0.110352
0 0.278320 0.913574 0.097656 0.098633
0 0.183594 0.947754 0.097656 0.098633
0 0.182617 0.848633 0.097656 0.097656
0 0.177734 0.744629 0.097656 0.098633
0 0.178711 0.635254 0.109375 0.110352
0 0.182617 0.518066 0.097656 0.098633
0 0.187988 0.412598 0.110352 0.110352
0 0.088379 0.472168 0.110352 0.110352
0 0.090820 0.584473 0.109375 0.110352
0 0.093262 0.684570 0.110352 0.111328
0 0.086914 0.799316 0.109375 0.110352
0 0.087891 0.908203 0.109375 0.111328
0 0.948242 0.098145 0.097656 0.098633
0 0.857422 0.147949 0.097656 0.098633
0 0.763184 0.106934 0.061523 0.061523
0 0.759277 0.199707 0.084961 0.086914
0 0.662598 0.052734 0.084961 0.085938
0 0.669922 0.165527 0.097656 0.098633
0 0.571777 0.097656 0.084961 0.085938
0 0.566406 0.208496 0.097656 0.098633
0 0.469727 0.159180 0.109375 0.111328
0 0.381836 0.102051 0.097656 0.098633
0 0.376953 0.215820 0.085938 0.085938
0 0.290527 0.048340 0.084961 0.086914
0 0.289062 0.154785 0.109375 0.110352
0 0.193359 0.109375 0.097656 0.097656
0 0.187988 0.215820 0.084961 0.085938
0 0.099121 0.164062 0.122070 0.123047