0 0.563477 0.169922 0.085938 0.085938
0 0.757324 0.174316 0.073242 0.073242
0 0.750488 0.391602 0.084961 0.085938
0 0.755371 0.508301 0.073242 0.073242
0 0.845215 0.333496 0.073242 0.073242
0 0.851074 0.559570 0.084961 0.085938
0 0.844238 0.447754 0.061523 0.061523
0 0.847656 0.675781 0.085938 0.085938
0 0.852051 0.228027 0.073242 0.073242
0 0.091309 0.117188 0.110352 0.111328
0 0.099121 0.213867 0.110352 0.111328
0 0.187500 0.061523 0.097656 0.097656
0 0.189453 0.175781 0.097656 0.097656
0 0.281250 0.116699 0.097656 0.098633
0 0.376465 0.065430 0.084961 0.085938
0 0.376465 0.173828 0.073242 0.074219
1 0.470215 0.121582 0.073242 0.073242
0 0.562500 0.065918 0.085938 0.086914
0 0.658691 0.117188 0.084961 0.085938
0 0.753418 0.065918 0.061523 0.061523
0 0.662109 0.229004 0.085938 0.086914
0 0.474609 0.223145 0.097656 0.098633
0 0.847656 0.117188 0.085938 0.085938
0 0.749512 0.282715 0.073242 0.073242
0 0.752930 0.614258 0.085938 0.085938
0 0.753906 0.725586 0.097656 0.097656
0 0.657227 0.339844 0.085938 0.085938
0 0.653320 0.451660 0.097656 0.098633
0 0.656250 0.559570 0.085938 0.085938
0 0.656250 0.666016 0.097656 0.097656
0 0.560547 0.286621 0.097656 0.098633
0 0.560547 0.394043 0.097656 0.098633
0 0.562988 0.508789 0.084961 0.085938
0 0.565918 0.617188 0.084961 0.085938
0 0.564453 0.721680 0.097656 0.097656
0 0.468750 0.335449 0.097656 0.098633
0 0.471680 0.448242 0.097656 0.097656
0 0.468262 0.567383 0.084961 0.085938
0 0.466797 0.669922 0.097656 0.097656
0 0.378906 0.280273 0.097656 0.097656
0 0.375977 0.400391 0.085938 0.085938
0 0.378418 0.508789 0.073242 0.074219
0 0.376465 0.617188 0.073242 0.074219
0 0.368652 0.729004 0.073242 0.073242
0 0.281250 0.229492 0.109375 0.111328
0 0.280273 0.340820 0.097656 0.097656
0 0.284180 0.454102 0.097656 0.097656
0 0.284668 0.559570 0.084961 0.085938
0 0.286133 0.668457 0.097656 0.098633
0 0.186523 0.283203 0.097656 0.097656
0 0.186523 0.394043 0.097656 0.098633
0 0.188965 0.504883 0.084961 0.085938
0 0.187500 0.616699 0.097656 0.098633
0 0.187500 0.730957 0.097656 0.098633
0 0.093262 0.342285 0.110352 0.110352
0 0.095215 0.449707 0.110352 0.110352
0 0.091797 0.560547 0.085938 0.085938
0 0.093750 0.669434 0.097656 0.098633
0 0.093750 0.777832 0.109375 0.110352
0 0.100586 0.901855 0.109375 0.110352
0 0.188477 0.832031 0.097656 0.097656
0 0.281738 0.783203 0.073242 0.074219
0 0.284180 0.890625 0.097656 0.097656
0 0.373535 0.834961 0.073242 0.074219
0 0.370117 0.947266 0.097656 0.097656
0 0.471680 0.777832 0.097656 0.098633
0 0.467773 0.891602 0.085938 0.085938
0 0.564453 0.829590 0.097656 0.098633
0 0.569336 0.947754 0.097656 0.098633
0 0.658203 0.780762 0.085938 0.086914
0 0.658203 0.888184 0.097656 0.098633
0 0.757812 0.834473 0.097656 0.098633
0 0.750977 0.942871 0.097656 0.098633
0 0.847168 0.774414 0.084961 0.085938
0 0.847168 0.886719 0.084961 0.085938