0 0.168457 0.708008 0.073242 0.074219
0 0.159668 0.588379 0.073242 0.073242
0 0.348145 0.818848 0.073242 0.073242
0 0.233887 0.661133 0.073242 0.074219
0 0.906738 0.153320 0.084961 0.085938
0 0.902832 0.275879 0.110352 0.110352
0 0.902832 0.388672 0.110352 0.111328
0 0.902344 0.490234 0.109375 0.111328
0 0.903809 0.602051 0.110352 0.110352
0 0.895508 0.711426 0.097656 0.098633
0 0.885254 0.826172 0.084961 0.085938
0 0.791992 0.877930 0.085938 0.085938
0 0.798828 0.767090 0.097656 0.098633
0 0.806641 0.655273 0.097656 0.097656
0 0.801758 0.545898 0.097656 0.097656
0 0.803223 0.441895 0.110352 0.110352
0 0.801758 0.322266 0.109375 0.111328
0 0.803223 0.218262 0.110352 0.110352
0 0.716797 0.156738 0.097656 0.098633
0 0.716797 0.266113 0.109375 0.110352
0 0.719238 0.384277 0.110352 0.110352
0 0.713867 0.496582 0.109375 0.110352
0 0.708496 0.602051 0.110352 0.110352
0 0.708496 0.713867 0.110352 0.111328
0 0.701660 0.827148 0.084961 0.085938
0 0.613281 0.535645 0.097656 0.098633
0 0.614258 0.325684 0.097656 0.098633
0 0.618164 0.205078 0.097656 0.097656
0 0.522949 0.271484 0.084961 0.085938
0 0.526367 0.379395 0.109375 0.110352
0 0.516113 0.491211 0.110352 0.111328
0 0.426758 0.424805 0.097656 0.097656
0 0.425781 0.286621 0.097656 0.098633
0 0.425781 0.196777 0.109375 0.110352
0 0.333984 0.156738 0.097656 0.098633
0 0.337891 0.273926 0.109375 0.110352
0 0.340332 0.385742 0.084961 0.085938
0 0.232422 0.753906 0.048828 0.048828
0 0.060547 0.207031 0.048828 0.048828
0 0.235840 0.220215 0.084961 0.086914
0 0.235840 0.316406 0.084961 0.085938
0 0.248535 0.441406 0.110352 0.111328
0 0.155762 0.463379 0.110352 0.110352
0 0.056152 0.417969 0.084961 0.085938
0 0.147949 0.265625 0.084961 0.085938
0 0.149414 0.372070 0.048828 0.048828
0 0.353027 0.629883 0.084961 0.085938
0 0.159180 0.820801 0.109375 0.110352
0 0.061035 0.771973 0.110352 0.110352
0 0.058594 0.649414 0.109375 0.111328
0 0.890625 0.930176 0.097656 0.098633
0 0.697754 0.932617 0.036133 0.037109
0 0.349121 0.928223 0.110352 0.110352
0 0.241699 0.893066 0.110352 0.110352
0 0.147461 0.933105 0.109375 0.110352
0 0.060547 0.863770 0.097656 0.098633
0 0.053711 0.314941 0.048828 0.049805