0 0.892578 0.589844 0.085938 0.085938
0 0.785645 0.641602 0.084961 0.085938
0 0.789062 0.732910 0.085938 0.086914
0 0.886230 0.691406 0.084961 0.085938
0 0.882324 0.789062 0.084961 0.085938
0 0.122070 0.793457 0.097656 0.098633
0 0.131836 0.695801 0.097656 0.098633
0 0.128906 0.578613 0.109375 0.110352
0 0.126465 0.479492 0.084961 0.085938
0 0.127930 0.358887 0.097656 0.098633
0 0.129395 0.246094 0.084961 0.085938
0 0.131836 0.143066 0.097656 0.098633
0 0.230469 0.092285 0.109375 0.110352
0 0.217285 0.198730 0.110352 0.110352
0 0.218262 0.301758 0.110352 0.111328
0 0.224609 0.411133 0.109375 0.111328
0 0.223633 0.526855 0.097656 0.098633
0 0.220703 0.640137 0.097656 0.098633
0 0.213867 0.744141 0.097656 0.097656
0 0.217773 0.844238 0.109375 0.110352
0 0.316406 0.801270 0.097656 0.098633
0 0.316406 0.690918 0.109375 0.110352
0 0.314941 0.589355 0.110352 0.110352
0 0.316895 0.154785 0.110352 0.110352
0 0.319336 0.256348 0.109375 0.110352
0 0.318359 0.373535 0.097656 0.098633
0 0.317383 0.475098 0.097656 0.098633
0 0.407227 0.118652 0.109375 0.110352
0 0.408691 0.209473 0.110352 0.110352
0 0.412109 0.313965 0.097656 0.098633
0 0.409180 0.411133 0.097656 0.097656
0 0.409180 0.530762 0.097656 0.098633
0 0.415039 0.636230 0.097656 0.098633
0 0.414062 0.758301 0.097656 0.098633
0 0.410645 0.858398 0.084961 0.085938
0 0.504883 0.809082 0.097656 0.098633
0 0.502441 0.693848 0.110352 0.110352
0 0.507812 0.586914 0.109375 0.111328
0 0.511719 0.476074 0.097656 0.098633
0 0.511719 0.373535 0.109375 0.110352
0 0.507812 0.256836 0.085938 0.085938
0 0.505371 0.151367 0.084961 0.085938
0 0.610352 0.103516 0.085938 0.085938
0 0.603516 0.204590 0.097656 0.098633
0 0.602539 0.316406 0.097656 0.097656
0 0.600586 0.423340 0.097656 0.098633
0 0.608398 0.536621 0.109375 0.110352
0 0.595703 0.647949 0.097656 0.098633
0 0.599609 0.760254 0.097656 0.098633
0 0.600586 0.865723 0.097656 0.098633
0 0.706055 0.805664 0.097656 0.097656
0 0.706543 0.703125 0.084961 0.085938
0 0.696289 0.585938 0.109375 0.111328
0 0.696289 0.496094 0.109375 0.111328
0 0.698242 0.130371 0.097656 0.098633
1 0.695312 0.274902 0.097656 0.098633
0 0.696289 0.371094 0.097656 0.097656
0 0.796875 0.094238 0.097656 0.098633
0 0.793945 0.209961 0.097656 0.097656
0 0.797852 0.317871 0.097656 0.098633
0 0.792969 0.431152 0.097656 0.098633
0 0.791016 0.520996 0.097656 0.098633
0 0.790039 0.868164 0.097656 0.097656
0 0.885742 0.148926 0.109375 0.110352
0 0.882812 0.254395 0.109375 0.110352
0 0.890625 0.364746 0.109375 0.110352
0 0.886719 0.473145 0.097656 0.098633
0 0.887207 0.922852 0.084961 0.085938
0 0.705078 0.904785 0.085938 0.086914
0 0.499023 0.918457 0.097656 0.098633
0 0.316406 0.916992 0.097656 0.097656
0 0.123047 0.887695 0.097656 0.097656