0 0.943359 0.094238 0.097656 0.098633
0 0.940430 0.207520 0.085938 0.086914
0 0.943359 0.312988 0.097656 0.098633
0 0.945312 0.427246 0.097656 0.098633
0 0.941406 0.535645 0.097656 0.098633
0 0.946777 0.642090 0.084961 0.086914
0 0.847656 0.147461 0.097656 0.097656
0 0.847656 0.250000 0.085938 0.085938
0 0.848633 0.360840 0.097656 0.098633
0 0.847656 0.477051 0.097656 0.098633
0 0.844727 0.583496 0.097656 0.098633
0 0.849609 0.703125 0.097656 0.097656
0 0.844238 0.809570 0.084961 0.085938
0 0.751953 0.091309 0.109375 0.110352
0 0.758789 0.204590 0.097656 0.098633
0 0.750488 0.316406 0.084961 0.085938
0 0.750488 0.454102 0.084961 0.085938
0 0.747559 0.540039 0.084961 0.085938
0 0.749023 0.643066 0.109375 0.110352
0 0.755371 0.757812 0.122070 0.123047
0 0.660156 0.151367 0.109375 0.111328
0 0.661133 0.258301 0.097656 0.098633
0 0.657227 0.367188 0.097656 0.097656
0 0.665039 0.481934 0.097656 0.098633
0 0.655762 0.592285 0.110352 0.110352
0 0.655762 0.690918 0.110352 0.110352
0 0.651855 0.795410 0.110352 0.110352
0 0.573730 0.092773 0.084961 0.085938
0 0.568359 0.201660 0.097656 0.098633
0 0.560547 0.318848 0.097656 0.098633
0 0.565430 0.416504 0.097656 0.098633
0 0.562988 0.535156 0.084961 0.085938
0 0.561523 0.643066 0.097656 0.098633
0 0.562500 0.744629 0.109375 0.110352
0 0.471680 0.152344 0.097656 0.097656
0 0.468750 0.255371 0.097656 0.098633
0 0.465820 0.368652 0.097656 0.098633
0 0.461914 0.484375 0.085938 0.085938
0 0.464844 0.589355 0.097656 0.098633
0 0.465820 0.688477 0.097656 0.097656
0 0.458984 0.789551 0.109375 0.110352
0 0.366211 0.738770 0.109375 0.110352
0 0.363770 0.636230 0.110352 0.110352
0 0.366211 0.524414 0.109375 0.111328
0 0.366699 0.412598 0.110352 0.110352
1 0.379883 0.304688 0.097656 0.097656
0 0.370605 0.197754 0.110352 0.110352
0 0.374512 0.088379 0.110352 0.110352
0 0.271484 0.146973 0.097656 0.098633
0 0.273438 0.256348 0.097656 0.098633
0 0.276367 0.361816 0.109375 0.110352
0 0.270996 0.479980 0.110352 0.110352
0 0.271973 0.583984 0.110352 0.111328
0 0.277344 0.698730 0.097656 0.098633
0 0.274414 0.805176 0.097656 0.098633
0 0.182129 0.095215 0.110352 0.110352
0 0.181641 0.202637 0.097656 0.098633
0 0.173828 0.313477 0.097656 0.097656
0 0.180664 0.425293 0.085938 0.086914
0 0.176758 0.534668 0.097656 0.098633
0 0.176270 0.640137 0.110352 0.110352
0 0.177734 0.773926 0.109375 0.110352
0 0.088867 0.141602 0.109375 0.111328
0 0.084961 0.256348 0.097656 0.098633
0 0.083496 0.373047 0.110352 0.111328
0 0.086914 0.482422 0.097656 0.097656
0 0.088379 0.602051 0.110352 0.110352
0 0.089844 0.696777 0.109375 0.110352
0 0.085449 0.822266 0.084961 0.085938