0 0.457520 0.154297 0.073242 0.074219
0 0.358887 0.768555 0.073242 0.074219
0 0.265625 0.707520 0.060547 0.061523
0 0.554199 0.638672 0.073242 0.074219
0 0.922363 0.667969 0.084961 0.085938
0 0.919434 0.774414 0.084961 0.085938
0 0.922363 0.871094 0.084961 0.085938
0 0.835938 0.933105 0.097656 0.098633
1 0.831543 0.825195 0.084961 0.085938
0 0.830566 0.712891 0.084961 0.085938
0 0.736328 0.654297 0.085938 0.085938
0 0.737305 0.767578 0.085938 0.085938
0 0.732422 0.876953 0.097656 0.097656
0 0.641602 0.926270 0.109375 0.110352
0 0.645508 0.822266 0.109375 0.111328
0 0.651367 0.699707 0.097656 0.098633
0 0.556641 0.751953 0.085938 0.085938
0 0.548828 0.859863 0.085938 0.086914
0 0.455566 0.925781 0.084961 0.085938
0 0.453125 0.823242 0.085938 0.085938
0 0.074219 0.839844 0.085938 0.085938
0 0.450195 0.699707 0.097656 0.098633
0 0.366211 0.666992 0.097656 0.097656
0 0.360352 0.877930 0.097656 0.097656
0 0.273438 0.827148 0.109375 0.111328
0 0.267090 0.934082 0.110352 0.110352
0 0.176270 0.877441 0.110352 0.110352
0 0.180664 0.772461 0.085938 0.085938
0 0.183594 0.660645 0.097656 0.098633
0 0.078125 0.716309 0.097656 0.098633
0 0.081543 0.064453 0.084961 0.085938
0 0.081543 0.152832 0.084961 0.086914
0 0.079102 0.263672 0.085938 0.085938
0 0.080078 0.380859 0.085938 0.085938
0 0.080078 0.474121 0.097656 0.098633
0 0.078125 0.604004 0.097656 0.098633
0 0.182129 0.530273 0.084961 0.085938
0 0.171875 0.090332 0.097656 0.098633
0 0.185059 0.219727 0.084961 0.085938
0 0.191406 0.326172 0.085938 0.085938
0 0.184570 0.437500 0.085938 0.085938
0 0.270020 0.608398 0.084961 0.085938
0 0.275391 0.064453 0.085938 0.085938
0 0.272461 0.145020 0.097656 0.098633
0 0.267578 0.270508 0.085938 0.085938
0 0.271484 0.369141 0.085938 0.085938
0 0.263672 0.495117 0.085938 0.085938
0 0.363281 0.128418 0.085938 0.086914
0 0.363281 0.231445 0.085938 0.085938
0 0.365723 0.342773 0.084961 0.085938
0 0.365234 0.434082 0.097656 0.098633
0 0.368164 0.570801 0.097656 0.098633
0 0.458496 0.600586 0.084961 0.085938
0 0.458496 0.485352 0.084961 0.085938
0 0.465332 0.383789 0.084961 0.085938
0 0.453613 0.263672 0.084961 0.085938
0 0.565430 0.096191 0.097656 0.098633
0 0.554688 0.210938 0.085938 0.085938
0 0.550293 0.325195 0.084961 0.085938
0 0.549316 0.431641 0.084961 0.085938
0 0.546387 0.537109 0.084961 0.085938
0 0.646484 0.050781 0.097656 0.097656
0 0.643555 0.160156 0.085938 0.085938
0 0.639648 0.269531 0.085938 0.085938
0 0.636719 0.385254 0.097656 0.098633
0 0.651367 0.507324 0.097656 0.098633
0 0.645996 0.603516 0.110352 0.111328
0 0.738281 0.105469 0.085938 0.085938
0 0.739258 0.226074 0.097656 0.098633
0 0.735352 0.333008 0.085938 0.085938
0 0.733887 0.437500 0.084961 0.085938
0 0.740234 0.543945 0.097656 0.097656
0 0.831055 0.600098 0.097656 0.098633
0 0.829590 0.494141 0.084961 0.085938
0 0.834961 0.375977 0.085938 0.085938
0 0.828613 0.271973 0.084961 0.086914
0 0.832031 0.161621 0.097656 0.098633
0 0.926758 0.096191 0.097656 0.098633
0 0.929688 0.204590 0.097656 0.098633
0 0.927734 0.327148 0.085938 0.085938
0 0.928711 0.437012 0.097656 0.098633
0 0.926758 0.538574 0.097656 0.098633