0 0.163574 0.519043 0.061523 0.061523
0 0.085938 0.670410 0.060547 0.061523
0 0.451660 0.584961 0.073242 0.074219
0 0.167480 0.625977 0.073242 0.074219
0 0.628418 0.090820 0.073242 0.074219
0 0.829590 0.072754 0.073242 0.073242
0 0.548340 0.058105 0.073242 0.073242
0 0.741211 0.186035 0.060547 0.061523
0 0.546387 0.155762 0.073242 0.073242
0 0.832520 0.923340 0.073242 0.073242
0 0.920898 0.541992 0.048828 0.048828
0 0.916016 0.642578 0.048828 0.048828
0 0.826172 0.595703 0.037109 0.037109
0 0.815918 0.711426 0.036133 0.036133
0 0.644043 0.580078 0.036133 0.037109
1 0.546875 0.747559 0.048828 0.049805
1 0.451172 0.789062 0.048828 0.048828
1 0.446289 0.699219 0.048828 0.048828
1 0.370117 0.643066 0.060547 0.061523
1 0.268066 0.678223 0.036133 0.036133
0 0.650391 0.687500 0.085938 0.085938
1 0.543457 0.637207 0.061523 0.061523
0 0.725098 0.635742 0.024414 0.025391
0 0.915527 0.746582 0.110352 0.110352
0 0.920410 0.875488 0.110352 0.110352
0 0.833008 0.831055 0.097656 0.097656
0 0.741211 0.763184 0.097656 0.098633
0 0.742188 0.867188 0.097656 0.097656
0 0.641602 0.916504 0.097656 0.098633
0 0.642578 0.800781 0.109375 0.111328
0 0.550781 0.864258 0.085938 0.085938
0 0.450195 0.903320 0.097656 0.097656
0 0.363770 0.524414 0.084961 0.085938
0 0.265625 0.567383 0.085938 0.085938
0 0.082031 0.571289 0.048828 0.048828
0 0.363281 0.852539 0.097656 0.097656
0 0.372559 0.734375 0.084961 0.085938
0 0.271484 0.908691 0.109375 0.110352
0 0.271973 0.778320 0.110352 0.111328
0 0.173828 0.730469 0.085938 0.085938
0 0.175781 0.851074 0.097656 0.098633
1 0.077637 0.900391 0.110352 0.111328
0 0.085938 0.785645 0.109375 0.110352
0 0.919434 0.129883 0.084961 0.085938
0 0.737305 0.106445 0.085938 0.085938
0 0.611816 0.189941 0.061523 0.061523
0 0.365234 0.143555 0.085938 0.085938
0 0.447754 0.111328 0.084961 0.085938
0 0.273438 0.093262 0.097656 0.098633
0 0.268066 0.201172 0.084961 0.085938
0 0.191895 0.156738 0.084961 0.086914
0 0.181641 0.051758 0.085938 0.085938
0 0.077148 0.105957 0.109375 0.110352
0 0.088867 0.209961 0.097656 0.097656