0 0.950195 0.152344 0.097656 0.097656
0 0.950195 0.254883 0.085938 0.085938
0 0.950195 0.481934 0.097656 0.098633
0 0.947266 0.588379 0.097656 0.098633
0 0.946777 0.814453 0.084961 0.085938
0 0.854492 0.096191 0.109375 0.110352
0 0.861328 0.209473 0.097656 0.098633
0 0.853027 0.321289 0.084961 0.085938
0 0.853027 0.458984 0.084961 0.085938
0 0.850098 0.544922 0.084961 0.085938
0 0.851562 0.647949 0.109375 0.110352
0 0.857910 0.762695 0.122070 0.123047
0 0.762695 0.156250 0.109375 0.111328
0 0.763672 0.263184 0.097656 0.098633
0 0.759766 0.372070 0.097656 0.097656
0 0.767578 0.486816 0.097656 0.098633
0 0.758301 0.597168 0.110352 0.110352
0 0.758301 0.695801 0.110352 0.110352
0 0.754395 0.800293 0.110352 0.110352
0 0.676270 0.097656 0.084961 0.085938
0 0.670898 0.206543 0.097656 0.098633
0 0.663086 0.323730 0.097656 0.098633
0 0.667969 0.421387 0.097656 0.098633
0 0.665527 0.540039 0.084961 0.085938
0 0.664062 0.647949 0.097656 0.098633
0 0.665039 0.749512 0.109375 0.110352
0 0.580566 0.043945 0.084961 0.085938
0 0.574219 0.157227 0.097656 0.097656
0 0.571289 0.260254 0.097656 0.098633
0 0.568359 0.373535 0.097656 0.098633
0 0.564453 0.489258 0.085938 0.085938
0 0.567383 0.594238 0.097656 0.098633
0 0.568359 0.693359 0.097656 0.097656
0 0.561523 0.794434 0.109375 0.110352
0 0.468750 0.743652 0.109375 0.110352
0 0.466309 0.641113 0.110352 0.110352
0 0.468750 0.529297 0.109375 0.111328
0 0.469238 0.417480 0.110352 0.110352
1 0.482422 0.309570 0.097656 0.097656
0 0.473145 0.202637 0.110352 0.110352
0 0.477051 0.093262 0.110352 0.110352
0 0.374023 0.151855 0.097656 0.098633
0 0.375977 0.261230 0.097656 0.098633
0 0.378906 0.366699 0.109375 0.110352
0 0.373535 0.484863 0.110352 0.110352
0 0.374512 0.588867 0.110352 0.111328
0 0.379883 0.703613 0.097656 0.098633
0 0.376953 0.810059 0.097656 0.098633
0 0.284668 0.100098 0.110352 0.110352
0 0.284180 0.207520 0.097656 0.098633
0 0.276367 0.318359 0.097656 0.097656
0 0.283203 0.430176 0.085938 0.086914
0 0.279297 0.539551 0.097656 0.098633
0 0.278809 0.645020 0.110352 0.110352
0 0.280273 0.778809 0.109375 0.110352
0 0.191406 0.146484 0.109375 0.111328
0 0.187500 0.261230 0.097656 0.098633
0 0.186035 0.377930 0.110352 0.111328
0 0.189453 0.487305 0.097656 0.097656
0 0.190918 0.606934 0.110352 0.110352
0 0.192383 0.701660 0.109375 0.110352
0 0.187988 0.827148 0.084961 0.085938
0 0.094727 0.219238 0.109375 0.110352
0 0.091797 0.307617 0.097656 0.097656
0 0.097168 0.393555 0.110352 0.111328
0 0.102051 0.508301 0.110352 0.110352
0 0.083984 0.638184 0.109375 0.110352
0 0.091309 0.761719 0.110352 0.111328