0 0.541504 0.648438 0.073242 0.074219
0 0.262207 0.401855 0.073242 0.073242
0 0.646973 0.952637 0.073242 0.073242
0 0.354980 0.875488 0.073242 0.073242
0 0.648438 0.750000 0.085938 0.085938
1 0.447266 0.486816 0.085938 0.086914
0 0.447266 0.375977 0.085938 0.085938
0 0.354004 0.430664 0.073242 0.074219
0 0.357910 0.536133 0.073242 0.074219
0 0.161621 0.437500 0.084961 0.085938
0 0.068359 0.396484 0.097656 0.097656
0 0.059570 0.499512 0.109375 0.110352
0 0.072266 0.603516 0.109375 0.111328
0 0.064453 0.715332 0.109375 0.110352
0 0.066895 0.820312 0.084961 0.085938
0 0.069336 0.910156 0.085938 0.085938
0 0.161133 0.891113 0.097656 0.098633
0 0.160156 0.770020 0.097656 0.098633
0 0.165527 0.666016 0.084961 0.085938
0 0.160156 0.539551 0.109375 0.110352
0 0.258301 0.500000 0.084961 0.085938
0 0.256836 0.599609 0.097656 0.097656
0 0.259766 0.734863 0.097656 0.098633
0 0.257812 0.823730 0.097656 0.098633
0 0.249023 0.940918 0.109375 0.110352
0 0.354004 0.770508 0.084961 0.085938
0 0.348633 0.635254 0.097656 0.098633
0 0.445801 0.692383 0.084961 0.085938
0 0.445312 0.823730 0.097656 0.098633
0 0.446289 0.939453 0.097656 0.097656
0 0.543945 0.882324 0.109375 0.110352
0 0.540039 0.764160 0.097656 0.098633
0 0.827148 0.836914 0.048828 0.048828
0 0.826660 0.938477 0.084961 0.085938
0 0.916992 0.350586 0.097656 0.097656
0 0.918945 0.446777 0.097656 0.098633
0 0.914062 0.563965 0.109375 0.110352
0 0.911133 0.669434 0.109375 0.110352
0 0.819336 0.393066 0.097656 0.098633
0 0.826172 0.498535 0.097656 0.098633
0 0.820801 0.610840 0.110352 0.110352
0 0.817871 0.725098 0.110352 0.110352
0 0.726562 0.668945 0.109375 0.111328
0 0.735352 0.535156 0.097656 0.097656
0 0.730469 0.433594 0.109375 0.111328
0 0.634766 0.386719 0.109375 0.111328
0 0.640137 0.494629 0.110352 0.110352
0 0.637207 0.639160 0.110352 0.110352
0 0.731445 0.775879 0.109375 0.110352
0 0.731445 0.883789 0.085938 0.085938
0 0.540527 0.442383 0.084961 0.085938
0 0.917969 0.117676 0.109375 0.110352
0 0.916992 0.229492 0.097656 0.097656
0 0.831055 0.273438 0.097656 0.097656
0 0.823242 0.058594 0.097656 0.097656
0 0.828125 0.171875 0.097656 0.097656
0 0.736328 0.123047 0.097656 0.097656
0 0.728516 0.233398 0.097656 0.097656
0 0.728027 0.334473 0.110352 0.110352
0 0.639648 0.283691 0.097656 0.098633
0 0.637207 0.171387 0.110352 0.110352
1 0.545898 0.113281 0.085938 0.085938
0 0.450195 0.057129 0.109375 0.110352
0 0.449219 0.180176 0.097656 0.098633
0 0.448730 0.274902 0.084961 0.086914
0 0.359863 0.346680 0.084961 0.085938
0 0.354004 0.223145 0.110352 0.110352
0 0.354980 0.113770 0.110352 0.110352
0 0.255859 0.062012 0.097656 0.098633
0 0.257812 0.172363 0.097656 0.098633
0 0.256836 0.276367 0.085938 0.085938
0 0.159180 0.334473 0.109375 0.110352
0 0.162109 0.229980 0.097656 0.098633
0 0.162109 0.112305 0.085938 0.085938
0 0.070312 0.052246 0.097656 0.098633
0 0.067383 0.159668 0.097656 0.098633
0 0.073242 0.265625 0.097656 0.097656
0 0.545898 0.235840 0.109375 0.110352
0 0.541016 0.326660 0.109375 0.110352