0 0.129395 0.063477 0.073242 0.074219
0 0.693848 0.822266 0.073242 0.074219
0 0.875977 0.937988 0.109375 0.110352
0 0.872070 0.831543 0.109375 0.110352
0 0.880859 0.732910 0.097656 0.098633
0 0.881348 0.614746 0.110352 0.110352
0 0.886719 0.501465 0.097656 0.098633
0 0.787109 0.447754 0.109375 0.110352
0 0.780762 0.563477 0.110352 0.111328
0 0.788086 0.674316 0.109375 0.110352
0 0.787109 0.773926 0.109375 0.110352
0 0.788086 0.890137 0.109375 0.110352
0 0.690918 0.935547 0.084961 0.085938
0 0.701660 0.708008 0.084961 0.085938
0 0.696289 0.612793 0.097656 0.098633
0 0.695312 0.499512 0.109375 0.110352
0 0.593262 0.448730 0.110352 0.110352
0 0.598633 0.558105 0.109375 0.110352
0 0.602051 0.672363 0.110352 0.110352
0 0.596680 0.775391 0.109375 0.111328
0 0.587891 0.882324 0.109375 0.110352
0 0.498535 0.849121 0.110352 0.110352
0 0.505371 0.716797 0.110352 0.111328
0 0.505371 0.608887 0.110352 0.110352
0 0.404785 0.449707 0.110352 0.110352
0 0.503906 0.495605 0.109375 0.110352
0 0.403320 0.559082 0.097656 0.098633
0 0.411133 0.660645 0.097656 0.098633
0 0.406738 0.776855 0.110352 0.110352
0 0.407227 0.892090 0.097656 0.098633
0 0.305664 0.935059 0.097656 0.098633
0 0.314941 0.837402 0.110352 0.110352
0 0.316406 0.723145 0.097656 0.098633
0 0.312988 0.601074 0.110352 0.110352
0 0.313965 0.503418 0.110352 0.110352
0 0.215820 0.458984 0.085938 0.085938
0 0.219727 0.568359 0.085938 0.085938
0 0.221191 0.663086 0.084961 0.085938
0 0.222168 0.779297 0.084961 0.085938
0 0.224609 0.886719 0.085938 0.085938
0 0.120117 0.942871 0.097656 0.098633
0 0.120117 0.833008 0.085938 0.085938
0 0.121094 0.725586 0.097656 0.097656
0 0.127930 0.600586 0.109375 0.111328
0 0.132812 0.520020 0.097656 0.098633
0 0.880859 0.057617 0.109375 0.111328
0 0.880859 0.172852 0.097656 0.097656
0 0.876465 0.273926 0.110352 0.110352
0 0.875977 0.386230 0.097656 0.098633
0 0.787109 0.336426 0.097656 0.098633
0 0.785645 0.231934 0.110352 0.110352
0 0.786133 0.112793 0.097656 0.098633
0 0.691406 0.174316 0.097656 0.098633
0 0.693359 0.279785 0.109375 0.110352
0 0.686523 0.396973 0.097656 0.098633
0 0.597656 0.353027 0.097656 0.098633
0 0.599609 0.226074 0.109375 0.110352
0 0.593750 0.118652 0.109375 0.110352
0 0.506836 0.178223 0.097656 0.098633
0 0.503418 0.274902 0.110352 0.110352
0 0.500000 0.387207 0.097656 0.098633
0 0.414062 0.336426 0.109375 0.110352
0 0.414062 0.225098 0.097656 0.098633
0 0.410645 0.108398 0.084961 0.085938
0 0.315430 0.063965 0.097656 0.098633
0 0.310547 0.277344 0.097656 0.097656
0 0.313477 0.381836 0.085938 0.085938
0 0.222168 0.336914 0.084961 0.085938
0 0.219238 0.216797 0.084961 0.085938
0 0.128906 0.168945 0.097656 0.097656
0 0.128906 0.279297 0.097656 0.097656
0 0.127930 0.391602 0.097656 0.097656