0 0.085938 0.054199 0.097656 0.098633
0 0.088379 0.164062 0.084961 0.085938
0 0.088867 0.277344 0.097656 0.097656
0 0.185059 0.113770 0.110352 0.110352
0 0.177246 0.220215 0.110352 0.110352
0 0.277344 0.060059 0.097656 0.098633
0 0.282227 0.176270 0.109375 0.110352
0 0.368164 0.120605 0.109375 0.110352
0 0.369141 0.229980 0.109375 0.110352
0 0.470215 0.062012 0.110352 0.110352
0 0.462402 0.169434 0.110352 0.110352
0 0.555664 0.113770 0.109375 0.110352
0 0.555664 0.233887 0.097656 0.098633
0 0.649414 0.062500 0.109375 0.111328
0 0.651367 0.177246 0.109375 0.110352
0 0.751465 0.092773 0.073242 0.074219
0 0.741211 0.232422 0.097656 0.097656
0 0.840820 0.059570 0.097656 0.097656
0 0.837891 0.168945 0.097656 0.097656
0 0.939453 0.121582 0.109375 0.110352
0 0.937012 0.225586 0.110352 0.111328
0 0.935547 0.339844 0.097656 0.097656
0 0.935059 0.447266 0.084961 0.085938
0 0.936035 0.566895 0.110352 0.110352
0 0.936523 0.672363 0.109375 0.110352
0 0.837402 0.263672 0.110352 0.111328
0 0.847656 0.384277 0.097656 0.098633
0 0.837891 0.504395 0.060547 0.061523
0 0.839844 0.603027 0.109375 0.110352
0 0.837891 0.722168 0.109375 0.110352
0 0.748047 0.334473 0.097656 0.098633
0 0.751953 0.450684 0.097656 0.098633
0 0.744141 0.556152 0.097656 0.098633
0 0.744141 0.664551 0.097656 0.098633
0 0.650391 0.280762 0.097656 0.098633
0 0.651367 0.390137 0.097656 0.098633
0 0.651855 0.506348 0.073242 0.073242
0 0.653320 0.610840 0.097656 0.098633
0 0.651367 0.724121 0.097656 0.098633
0 0.561035 0.340332 0.110352 0.110352
0 0.553711 0.437988 0.097656 0.098633
0 0.550781 0.567871 0.097656 0.098633
0 0.556641 0.673340 0.109375 0.110352
0 0.464355 0.287598 0.110352 0.110352
0 0.465820 0.395996 0.109375 0.110352
0 0.465820 0.513184 0.097656 0.098633
0 0.465820 0.613770 0.097656 0.098633
0 0.459961 0.727539 0.109375 0.111328
0 0.371094 0.337402 0.109375 0.110352
0 0.367188 0.446777 0.109375 0.110352
0 0.369141 0.556152 0.109375 0.110352
0 0.367676 0.667969 0.110352 0.111328
0 0.279785 0.286621 0.110352 0.110352
0 0.270996 0.383301 0.110352 0.110352
0 0.274414 0.495117 0.097656 0.097656
0 0.275879 0.605469 0.110352 0.111328
0 0.275879 0.724121 0.110352 0.110352
0 0.182129 0.336426 0.110352 0.110352
0 0.184082 0.453125 0.110352 0.111328
0 0.174805 0.562500 0.097656 0.097656
0 0.184570 0.680176 0.109375 0.110352
0 0.085938 0.389648 0.109375 0.111328
0 0.084961 0.509277 0.060547 0.061523
0 0.081055 0.615723 0.109375 0.110352
0 0.083008 0.726074 0.109375 0.110352
0 0.077148 0.841309 0.109375 0.110352
0 0.183594 0.776855 0.097656 0.098633
0 0.179688 0.885254 0.097656 0.098633
0 0.276855 0.834473 0.110352 0.110352
0 0.278320 0.943848 0.109375 0.110352
0 0.374512 0.775391 0.110352 0.111328
0 0.369629 0.892090 0.110352 0.110352
0 0.467773 0.833008 0.109375 0.111328
0 0.559082 0.773926 0.110352 0.110352
0 0.557617 0.895508 0.085938 0.085938
0 0.653809 0.832520 0.110352 0.110352
0 0.652832 0.937500 0.110352 0.111328
0 0.748047 0.774902 0.109375 0.110352
0 0.745605 0.892090 0.110352 0.110352
0 0.835938 0.826660 0.109375 0.110352
0 0.834961 0.939941 0.109375 0.110352
0 0.935547 0.776855 0.097656 0.098633
0 0.935547 0.888184 0.109375 0.110352