0 0.103027 0.919434 0.073242 0.073242
0 0.096191 0.703125 0.073242 0.074219
0 0.666504 0.474121 0.073242 0.073242
0 0.759277 0.065430 0.073242 0.074219
0 0.573730 0.546875 0.073242 0.074219
0 0.869629 0.704590 0.073242 0.073242
0 0.751465 0.748535 0.061523 0.061523
0 0.857910 0.374023 0.110352 0.111328
0 0.767578 0.349121 0.109375 0.110352
0 0.759766 0.445312 0.097656 0.097656
0 0.664062 0.372559 0.097656 0.098633
0 0.671875 0.601562 0.097656 0.097656
0 0.864258 0.583008 0.085938 0.085938
0 0.865234 0.829102 0.097656 0.097656
0 0.847168 0.929199 0.110352 0.110352
0 0.940430 0.880371 0.097656 0.098633
1 0.748535 0.839355 0.073242 0.073242
0 0.752930 0.944824 0.097656 0.098633
0 0.669922 0.936035 0.097656 0.098633
0 0.577148 0.316406 0.097656 0.097656
0 0.568359 0.424805 0.085938 0.085938
0 0.580078 0.653320 0.097656 0.097656
0 0.481445 0.615234 0.085938 0.085938
0 0.483887 0.707520 0.110352 0.110352
0 0.476562 0.819824 0.097656 0.098633
0 0.567871 0.960449 0.073242 0.073242
0 0.390625 0.315918 0.097656 0.098633
1 0.383789 0.430664 0.085938 0.085938
0 0.386230 0.536133 0.084961 0.085938
0 0.387207 0.652832 0.110352 0.110352
0 0.391113 0.761230 0.110352 0.110352
0 0.389648 0.870605 0.109375 0.110352
0 0.294922 0.282227 0.097656 0.097656
0 0.299805 0.373535 0.097656 0.098633
0 0.285156 0.477539 0.097656 0.097656
0 0.286133 0.604980 0.097656 0.098633
0 0.281250 0.714355 0.097656 0.098633
0 0.277344 0.819824 0.097656 0.098633
0 0.288574 0.928711 0.084961 0.085938
0 0.201660 0.329102 0.110352 0.111328
0 0.205566 0.454102 0.122070 0.123047
0 0.198730 0.559570 0.084961 0.085938
0 0.181641 0.676758 0.085938 0.085938
0 0.184082 0.762207 0.084961 0.086914
0 0.190430 0.870117 0.097656 0.097656
0 0.105957 0.277832 0.110352 0.110352
0 0.109863 0.387207 0.110352 0.110352
0 0.107422 0.499512 0.097656 0.098633
0 0.109375 0.598145 0.097656 0.098633
0 0.862305 0.126953 0.085938 0.085938
0 0.858398 0.275879 0.097656 0.098633
0 0.766602 0.255371 0.109375 0.110352
0 0.669434 0.271973 0.110352 0.110352
0 0.575195 0.204102 0.097656 0.097656
0 0.483398 0.052246 0.097656 0.098633
0 0.387695 0.106445 0.097656 0.097656
0 0.382812 0.205078 0.085938 0.085938
0 0.293457 0.163574 0.110352 0.110352
0 0.204590 0.125977 0.084961 0.085938
0 0.110352 0.171387 0.097656 0.098633
0 0.104980 0.064453 0.110352 0.111328
0 0.208496 0.236816 0.110352 0.110352
0 0.100586 0.807129 0.097656 0.098633