0 0.471191 0.615723 0.073242 0.073242
0 0.472168 0.507812 0.084961 0.085938
0 0.098145 0.730469 0.073242 0.074219
0 0.082520 0.623047 0.073242 0.074219
0 0.097168 0.932129 0.073242 0.073242
0 0.201660 0.877441 0.073242 0.073242
0 0.098145 0.818848 0.073242 0.073242
0 0.193848 0.780273 0.073242 0.074219
0 0.679688 0.519043 0.060547 0.061523
0 0.945801 0.561523 0.073242 0.074219
0 0.069824 0.511230 0.061523 0.061523
0 0.188965 0.663086 0.073242 0.074219
0 0.299805 0.505371 0.097656 0.098633
0 0.305176 0.622070 0.110352 0.111328
0 0.311035 0.726562 0.110352 0.111328
0 0.306152 0.832031 0.073242 0.074219
0 0.304199 0.943359 0.073242 0.074219
0 0.395508 0.555176 0.097656 0.098633
0 0.395508 0.671875 0.097656 0.097656
0 0.395996 0.786133 0.073242 0.074219
0 0.391113 0.887695 0.073242 0.074219
0 0.495605 0.720703 0.073242 0.074219
0 0.490234 0.834961 0.097656 0.097656
0 0.493164 0.946289 0.097656 0.097656
0 0.581543 0.554199 0.084961 0.086914
0 0.585449 0.667480 0.110352 0.110352
0 0.590332 0.783691 0.110352 0.110352
0 0.584473 0.890137 0.110352 0.110352
0 0.687012 0.610840 0.122070 0.122070
0 0.689453 0.726074 0.097656 0.098633
0 0.679688 0.838379 0.097656 0.098633
0 0.770508 0.567383 0.085938 0.085938
0 0.775391 0.673340 0.097656 0.098633
0 0.767578 0.786621 0.097656 0.098633
0 0.771484 0.894531 0.085938 0.085938
0 0.858887 0.620117 0.084961 0.085938
0 0.860840 0.742188 0.084961 0.085938
0 0.865234 0.841309 0.085938 0.086914
0 0.865234 0.950195 0.085938 0.085938
0 0.946777 0.685547 0.084961 0.085938
0 0.944824 0.795898 0.084961 0.085938
0 0.944824 0.895508 0.084961 0.085938