0 0.836426 0.573730 0.073242 0.073242
0 0.080078 0.150879 0.109375 0.110352
0 0.178223 0.074219 0.110352 0.111328
0 0.364258 0.065430 0.085938 0.085938
0 0.268555 0.148438 0.097656 0.097656
0 0.460938 0.117676 0.097656 0.098633
0 0.550293 0.067871 0.110352 0.110352
0 0.648438 0.119141 0.097656 0.097656
0 0.739258 0.062988 0.097656 0.098633
0 0.829590 0.125977 0.084961 0.085938
0 0.927734 0.063477 0.085938 0.085938
0 0.928223 0.602539 0.073242 0.074219
0 0.932129 0.708008 0.073242 0.074219
0 0.735840 0.609375 0.084961 0.085938
0 0.072754 0.916504 0.084961 0.086914
0 0.076172 0.806152 0.097656 0.098633
0 0.078125 0.689941 0.097656 0.098633
0 0.074219 0.583496 0.097656 0.098633
0 0.170898 0.637207 0.109375 0.110352
0 0.170898 0.740723 0.097656 0.098633
0 0.173828 0.849121 0.097656 0.098633
0 0.265625 0.578613 0.097656 0.098633
0 0.270508 0.694336 0.097656 0.097656
0 0.264160 0.796875 0.084961 0.085938
0 0.261719 0.906250 0.097656 0.097656
0 0.361328 0.840332 0.097656 0.098633
0 0.369141 0.729492 0.097656 0.097656
0 0.362305 0.621582 0.097656 0.098633
0 0.451172 0.564453 0.097656 0.097656
0 0.457031 0.671387 0.097656 0.098633
0 0.455078 0.778809 0.097656 0.098633
0 0.454102 0.893555 0.097656 0.097656
0 0.548340 0.836426 0.110352 0.110352
0 0.545898 0.722168 0.109375 0.110352
0 0.544434 0.611328 0.110352 0.111328
0 0.642578 0.568359 0.097656 0.097656
0 0.633789 0.671387 0.109375 0.110352
0 0.646484 0.775391 0.109375 0.111328
0 0.638672 0.887207 0.109375 0.110352
0 0.734375 0.941895 0.097656 0.098633
0 0.739746 0.837891 0.084961 0.085938
0 0.734375 0.711426 0.109375 0.110352
0 0.832520 0.671875 0.084961 0.085938
0 0.831055 0.771484 0.097656 0.097656
0 0.833984 0.906738 0.097656 0.098633
0 0.928223 0.942383 0.084961 0.085938
0 0.922852 0.807129 0.097656 0.098633
0 0.934082 0.518555 0.084961 0.085938
0 0.928223 0.395020 0.110352 0.110352
0 0.929199 0.285645 0.110352 0.110352
0 0.929688 0.175293 0.097656 0.098633
0 0.830078 0.233887 0.097656 0.098633
0 0.832031 0.344238 0.097656 0.098633
0 0.831055 0.448242 0.085938 0.085938
0 0.733398 0.506348 0.109375 0.110352
0 0.736328 0.401855 0.097656 0.098633
0 0.736328 0.284180 0.085938 0.085938
0 0.735352 0.177734 0.085938 0.085938
0 0.644531 0.224121 0.097656 0.098633
0 0.641602 0.331543 0.097656 0.098633
0 0.647461 0.437500 0.097656 0.097656
0 0.554688 0.489258 0.109375 0.111328
0 0.553223 0.388672 0.110352 0.111328
0 0.547363 0.298340 0.110352 0.110352
0 0.553223 0.172363 0.110352 0.110352
0 0.462891 0.224609 0.097656 0.097656
0 0.462891 0.335938 0.097656 0.097656
0 0.456055 0.446289 0.085938 0.085938
0 0.364258 0.512207 0.097656 0.098633
0 0.360352 0.409180 0.085938 0.085938
0 0.368164 0.288086 0.097656 0.097656
0 0.360352 0.181641 0.097656 0.097656
0 0.271484 0.252930 0.097656 0.097656
0 0.265625 0.349121 0.097656 0.098633
0 0.263672 0.472168 0.097656 0.098633
0 0.176758 0.528809 0.109375 0.110352
0 0.170410 0.415527 0.110352 0.110352
0 0.183105 0.302246 0.110352 0.110352
0 0.174316 0.190918 0.110352 0.110352
0 0.087891 0.257324 0.097656 0.098633
0 0.073242 0.368652 0.109375 0.110352
0 0.075195 0.474609 0.085938 0.085938