0 0.330566 0.085449 0.061523 0.061523
0 0.331055 0.199707 0.097656 0.098633
1 0.329590 0.306152 0.110352 0.110352
0 0.422852 0.138672 0.085938 0.085938
0 0.437988 0.255859 0.084961 0.085938
0 0.234863 0.150879 0.110352 0.110352
0 0.235352 0.256348 0.109375 0.110352
0 0.136719 0.088379 0.060547 0.061523
0 0.138672 0.187012 0.109375 0.110352
0 0.136719 0.306152 0.109375 0.110352
0 0.134766 0.410645 0.109375 0.110352
0 0.133789 0.523926 0.109375 0.110352
0 0.141602 0.635254 0.109375 0.110352
0 0.234375 0.360840 0.097656 0.098633
0 0.234375 0.472168 0.109375 0.110352
0 0.237305 0.578613 0.097656 0.098633
0 0.238281 0.690918 0.109375 0.110352
0 0.333496 0.407715 0.110352 0.110352
0 0.328613 0.521973 0.110352 0.110352
0 0.332520 0.641113 0.110352 0.110352
0 0.334961 0.746582 0.109375 0.110352
0 0.433594 0.363281 0.085938 0.085938
0 0.437012 0.464844 0.084961 0.085938
0 0.432129 0.576172 0.084961 0.085938
0 0.433105 0.689453 0.084961 0.085938
0 0.519531 0.198242 0.097656 0.097656
0 0.532227 0.305664 0.097656 0.097656
0 0.528320 0.417480 0.109375 0.110352
0 0.526367 0.522949 0.109375 0.110352
0 0.528320 0.638184 0.097656 0.098633
0 0.525879 0.746582 0.110352 0.110352
0 0.624512 0.251953 0.110352 0.111328
0 0.628418 0.361328 0.110352 0.111328
0 0.627930 0.473145 0.109375 0.110352
0 0.624023 0.575684 0.097656 0.098633
0 0.626953 0.691895 0.109375 0.110352
0 0.618652 0.141602 0.084961 0.085938
0 0.718750 0.198730 0.097656 0.098633
0 0.718750 0.304688 0.097656 0.097656
0 0.721680 0.413086 0.097656 0.097656
0 0.723145 0.521484 0.110352 0.111328
0 0.723633 0.631348 0.097656 0.098633
0 0.814453 0.150879 0.109375 0.110352
0 0.817383 0.256348 0.097656 0.098633
0 0.819336 0.359863 0.097656 0.098633
0 0.810547 0.472656 0.109375 0.111328
0 0.812988 0.577148 0.110352 0.111328
0 0.820801 0.673828 0.110352 0.111328
0 0.908203 0.195801 0.097656 0.098633
0 0.910156 0.299316 0.097656 0.098633
0 0.912109 0.414551 0.109375 0.110352
0 0.909180 0.521484 0.097656 0.097656
0 0.911133 0.635742 0.097656 0.097656
0 0.908203 0.743164 0.097656 0.097656
0 0.908203 0.854004 0.097656 0.098633
0 0.814941 0.802246 0.110352 0.110352
0 0.816895 0.909668 0.110352 0.110352
0 0.716797 0.743652 0.097656 0.098633
0 0.713867 0.853027 0.097656 0.098633
0 0.618164 0.805176 0.109375 0.110352
0 0.617188 0.917480 0.109375 0.110352
0 0.527832 0.857910 0.110352 0.110352
0 0.435547 0.800293 0.097656 0.098633
0 0.438477 0.908203 0.085938 0.085938
0 0.333984 0.858887 0.109375 0.110352
0 0.236328 0.803223 0.109375 0.110352
0 0.237793 0.914062 0.110352 0.111328
0 0.138184 0.747070 0.110352 0.111328
0 0.140137 0.854492 0.110352 0.111328