0 0.120605 0.113770 0.084961 0.086914
0 0.123047 0.260742 0.097656 0.097656
0 0.116211 0.374023 0.097656 0.097656
0 0.112305 0.479004 0.097656 0.098633
0 0.116211 0.589844 0.097656 0.097656
0 0.113281 0.691406 0.085938 0.085938
0 0.209961 0.743652 0.097656 0.098633
0 0.205078 0.541504 0.097656 0.098633
0 0.208008 0.419434 0.097656 0.098633
0 0.215820 0.313965 0.097656 0.098633
0 0.209961 0.167480 0.097656 0.098633
0 0.306641 0.148926 0.109375 0.110352
0 0.301270 0.259277 0.110352 0.110352
0 0.298828 0.359863 0.097656 0.098633
0 0.302246 0.452148 0.110352 0.111328
0 0.306152 0.584961 0.110352 0.111328
0 0.299316 0.693848 0.110352 0.110352
0 0.397461 0.745117 0.097656 0.097656
0 0.401367 0.634277 0.097656 0.098633
0 0.401367 0.520020 0.097656 0.098633
0 0.396484 0.411621 0.109375 0.110352
0 0.396973 0.304199 0.110352 0.110352
0 0.399414 0.183105 0.097656 0.098633
0 0.400879 0.085449 0.084961 0.086914
0 0.499023 0.141602 0.097656 0.097656
0 0.488281 0.246582 0.097656 0.098633
0 0.492188 0.355957 0.109375 0.110352
0 0.488281 0.468262 0.109375 0.110352
0 0.483398 0.582520 0.097656 0.098633
0 0.488281 0.688965 0.097656 0.098633
0 0.578613 0.751953 0.084961 0.085938
0 0.583984 0.623047 0.085938 0.085938
0 0.583984 0.512695 0.085938 0.085938
0 0.588379 0.094727 0.110352 0.111328
0 0.583984 0.188477 0.097656 0.097656
0 0.585938 0.306641 0.097656 0.097656
0 0.583984 0.406738 0.097656 0.098633
0 0.676758 0.689453 0.085938 0.085938
0 0.693359 0.578613 0.097656 0.098633
0 0.687500 0.468262 0.109375 0.110352
0 0.685059 0.360352 0.084961 0.085938
0 0.690430 0.251953 0.085938 0.085938
0 0.695312 0.145508 0.109375 0.111328
0 0.776855 0.094727 0.084961 0.085938
0 0.780762 0.199219 0.084961 0.085938
0 0.774414 0.319824 0.097656 0.098633
0 0.779297 0.415039 0.097656 0.097656
0 0.773438 0.526855 0.097656 0.098633
0 0.766113 0.637207 0.110352 0.110352
0 0.764648 0.750488 0.097656 0.098633
0 0.865234 0.683105 0.097656 0.098633
0 0.875000 0.585449 0.097656 0.098633
0 0.872070 0.468262 0.109375 0.110352
0 0.869629 0.369141 0.084961 0.085938
0 0.871094 0.248535 0.097656 0.098633
0 0.872559 0.135742 0.084961 0.085938
1 0.869141 0.911133 0.085938 0.085938
0 0.866211 0.777344 0.097656 0.097656
0 0.773438 0.854980 0.109375 0.110352
0 0.678223 0.911621 0.110352 0.110352
0 0.678711 0.801270 0.097656 0.098633
0 0.579102 0.859863 0.097656 0.098633
0 0.485352 0.910156 0.085938 0.085938
0 0.484375 0.803711 0.085938 0.085938
0 0.393555 0.850098 0.097656 0.098633
0 0.296387 0.924316 0.110352 0.110352
0 0.302246 0.798340 0.110352 0.110352
0 0.211914 0.850586 0.097656 0.097656
0 0.117188 0.914062 0.097656 0.097656
0 0.109375 0.807617 0.097656 0.097656