0 0.071777 0.244141 0.073242 0.074219
0 0.844727 0.370605 0.109375 0.110352
0 0.374512 0.691895 0.073242 0.073242
0 0.279785 0.649414 0.073242 0.074219
1 0.933594 0.092773 0.085938 0.085938
0 0.934570 0.206055 0.097656 0.097656
0 0.930176 0.311035 0.110352 0.110352
0 0.930664 0.420410 0.097656 0.098633
0 0.843262 0.142578 0.110352 0.111328
0 0.842773 0.254883 0.097656 0.097656
0 0.847168 0.476074 0.073242 0.073242
0 0.745117 0.084961 0.109375 0.111328
0 0.742188 0.206543 0.109375 0.110352
0 0.744141 0.313965 0.097656 0.098633
0 0.748047 0.418457 0.097656 0.098633
0 0.652344 0.141113 0.097656 0.098633
0 0.653320 0.251465 0.097656 0.098633
0 0.653320 0.357910 0.097656 0.098633
0 0.655762 0.470215 0.073242 0.073242
0 0.550293 0.083008 0.084961 0.085938
0 0.554688 0.185059 0.097656 0.098633
0 0.556641 0.308105 0.097656 0.098633
0 0.556641 0.417480 0.097656 0.098633
0 0.464844 0.136230 0.097656 0.098633
0 0.458984 0.241699 0.097656 0.098633
0 0.459961 0.360840 0.097656 0.098633
0 0.464355 0.462891 0.073242 0.074219
0 0.367188 0.078613 0.109375 0.110352
0 0.368164 0.191895 0.097656 0.098633
0 0.367188 0.306152 0.097656 0.098633
0 0.367188 0.411133 0.085938 0.085938
0 0.268555 0.135254 0.097656 0.098633
0 0.267578 0.248535 0.097656 0.098633
0 0.273926 0.352539 0.084961 0.085938
0 0.270508 0.459961 0.097656 0.097656
0 0.173828 0.080566 0.097656 0.098633
0 0.170410 0.187500 0.084961 0.085938
0 0.172363 0.296875 0.084961 0.085938
0 0.178711 0.411133 0.097656 0.097656
0 0.077637 0.137695 0.084961 0.085938
0 0.078613 0.350586 0.073242 0.074219
0 0.074219 0.454590 0.060547 0.061523
0 0.079590 0.638672 0.084961 0.085938
0 0.081543 0.750977 0.122070 0.123047
0 0.173828 0.702148 0.097656 0.097656
0 0.182129 0.808594 0.122070 0.123047
0 0.182129 0.917969 0.110352 0.111328
0 0.269531 0.744629 0.109375 0.110352
0 0.274414 0.857422 0.109375 0.111328
0 0.369629 0.802246 0.110352 0.110352
0 0.372559 0.913086 0.122070 0.123047
0 0.467285 0.641113 0.061523 0.061523
0 0.465820 0.747559 0.097656 0.098633
0 0.464844 0.859863 0.097656 0.098633
0 0.565430 0.689941 0.097656 0.098633
0 0.559570 0.808105 0.097656 0.098633
0 0.559082 0.904297 0.122070 0.123047
0 0.662109 0.639160 0.060547 0.061523
0 0.654297 0.745605 0.097656 0.098633
0 0.654297 0.854980 0.097656 0.098633
0 0.751465 0.693359 0.084961 0.085938
0 0.747070 0.801270 0.097656 0.098633
0 0.750488 0.915527 0.122070 0.122070
0 0.843750 0.640137 0.060547 0.061523
0 0.846680 0.749512 0.097656 0.098633
0 0.841797 0.861816 0.097656 0.098633
0 0.935547 0.696289 0.085938 0.085938
0 0.936523 0.800293 0.097656 0.098633
0 0.938477 0.913574 0.097656 0.098633