0 0.438477 0.159668 0.109375 0.110352
0 0.618652 0.259766 0.073242 0.074219
0 0.911621 0.086426 0.024414 0.024414
0 0.907715 0.195801 0.024414 0.024414
0 0.910645 0.277832 0.024414 0.024414
0 0.625000 0.152344 0.097656 0.097656
0 0.523926 0.100098 0.110352 0.110352
0 0.524414 0.209473 0.097656 0.098633
0 0.440918 0.265137 0.073242 0.073242
0 0.337891 0.103027 0.097656 0.098633
0 0.341797 0.207520 0.097656 0.098633
0 0.247070 0.146973 0.097656 0.098633
0 0.249512 0.259277 0.073242 0.073242
0 0.150391 0.097168 0.097656 0.098633
0 0.150391 0.206543 0.097656 0.098633
0 0.053711 0.149902 0.097656 0.098633
0 0.058105 0.251953 0.073242 0.074219
0 0.061035 0.430176 0.061523 0.061523
0 0.059570 0.536621 0.097656 0.098633
0 0.058594 0.648926 0.097656 0.098633
0 0.065430 0.742188 0.097656 0.097656
0 0.159180 0.479004 0.097656 0.098633
0 0.153320 0.597168 0.097656 0.098633
0 0.152832 0.693359 0.122070 0.123047
0 0.151855 0.809570 0.122070 0.123047
0 0.151855 0.922852 0.122070 0.123047
0 0.255859 0.428223 0.060547 0.061523
0 0.248047 0.534668 0.097656 0.098633
0 0.248047 0.644043 0.097656 0.098633
0 0.250488 0.760742 0.122070 0.123047
0 0.248535 0.875977 0.122070 0.123047
0 0.345215 0.482422 0.084961 0.085938
0 0.340820 0.590332 0.097656 0.098633
0 0.344238 0.704590 0.122070 0.122070
0 0.348633 0.812012 0.097656 0.098633
0 0.343262 0.922852 0.122070 0.123047
0 0.437500 0.429199 0.060547 0.061523
0 0.440430 0.538574 0.097656 0.098633
0 0.435547 0.650879 0.097656 0.098633
0 0.436523 0.762207 0.097656 0.098633
0 0.440430 0.863770 0.097656 0.098633
0 0.529297 0.485352 0.085938 0.085938
0 0.530273 0.589355 0.097656 0.098633
0 0.532227 0.702637 0.097656 0.098633
0 0.529297 0.815918 0.097656 0.098633
0 0.529785 0.930176 0.122070 0.122070
0 0.627441 0.436523 0.036133 0.037109
0 0.627930 0.535156 0.097656 0.097656
0 0.626953 0.644043 0.109375 0.110352
0 0.624512 0.764648 0.122070 0.123047
0 0.629883 0.874512 0.109375 0.110352
0 0.723145 0.494141 0.084961 0.085938
0 0.720703 0.591797 0.097656 0.097656
0 0.719238 0.708008 0.110352 0.111328
0 0.715332 0.820312 0.122070 0.123047
0 0.717773 0.922363 0.109375 0.110352
0 0.823242 0.440918 0.060547 0.061523
0 0.815430 0.539062 0.085938 0.085938
0 0.816895 0.650391 0.110352 0.111328
0 0.809082 0.763672 0.122070 0.123047
0 0.809082 0.871582 0.110352 0.110352
0 0.912109 0.489258 0.085938 0.085938
0 0.904297 0.599121 0.097656 0.098633
0 0.914062 0.709473 0.109375 0.110352
0 0.911621 0.821289 0.122070 0.123047
0 0.910645 0.933105 0.061523 0.061523