0 0.949707 0.120605 0.061523 0.061523
0 0.770996 0.122559 0.061523 0.061523
0 0.095215 0.068848 0.061523 0.061523
0 0.095703 0.183105 0.097656 0.098633
1 0.094238 0.289551 0.110352 0.110352
0 0.187500 0.122070 0.085938 0.085938
0 0.202637 0.239258 0.084961 0.085938
0 0.098145 0.391113 0.110352 0.110352
0 0.093262 0.505371 0.110352 0.110352
0 0.097168 0.624512 0.110352 0.110352
0 0.099609 0.729980 0.109375 0.110352
0 0.198242 0.346680 0.085938 0.085938
0 0.201660 0.448242 0.084961 0.085938
0 0.196777 0.559570 0.084961 0.085938
0 0.197754 0.672852 0.084961 0.085938
0 0.284180 0.181641 0.097656 0.097656
0 0.296875 0.289062 0.097656 0.097656
0 0.292969 0.400879 0.109375 0.110352
0 0.291016 0.506348 0.109375 0.110352
0 0.292969 0.621582 0.097656 0.098633
0 0.290527 0.729980 0.110352 0.110352
0 0.389160 0.235352 0.110352 0.111328
0 0.393066 0.344727 0.110352 0.111328
0 0.392578 0.456543 0.109375 0.110352
0 0.388672 0.559082 0.097656 0.098633
0 0.391602 0.675293 0.109375 0.110352
0 0.383301 0.125000 0.084961 0.085938
0 0.483398 0.182129 0.097656 0.098633
0 0.483398 0.288086 0.097656 0.097656
0 0.486328 0.396484 0.097656 0.097656
0 0.487793 0.504883 0.110352 0.111328
0 0.488281 0.614746 0.097656 0.098633
0 0.579102 0.134277 0.109375 0.110352
0 0.582031 0.239746 0.097656 0.098633
0 0.583984 0.343262 0.097656 0.098633
0 0.575195 0.456055 0.109375 0.111328
0 0.577637 0.560547 0.110352 0.111328
0 0.585449 0.657227 0.110352 0.111328
0 0.672852 0.179199 0.097656 0.098633
0 0.674805 0.282715 0.097656 0.098633
0 0.676758 0.397949 0.109375 0.110352
0 0.673828 0.504883 0.097656 0.097656
0 0.675781 0.619141 0.097656 0.097656
0 0.766602 0.235840 0.097656 0.098633
0 0.769531 0.341309 0.097656 0.098633
0 0.768066 0.452637 0.110352 0.110352
0 0.767578 0.560059 0.097656 0.098633
0 0.861328 0.175293 0.097656 0.098633
0 0.863281 0.290527 0.085938 0.086914
0 0.859863 0.401367 0.084961 0.085938
0 0.862793 0.508789 0.084961 0.085938
0 0.862793 0.617188 0.073242 0.074219
0 0.955078 0.234375 0.085938 0.085938
0 0.952148 0.344727 0.085938 0.085938
0 0.954590 0.453613 0.073242 0.073242
1 0.956543 0.564941 0.073242 0.073242
0 0.865234 0.723633 0.097656 0.097656
0 0.862305 0.843750 0.085938 0.085938
0 0.864746 0.952148 0.073242 0.074219
0 0.767578 0.672852 0.109375 0.111328
0 0.766602 0.784180 0.097656 0.097656
0 0.770508 0.897461 0.097656 0.097656
0 0.672852 0.726562 0.097656 0.097656
0 0.672852 0.837402 0.097656 0.098633
0 0.675293 0.948242 0.084961 0.085938
0 0.579590 0.785645 0.110352 0.110352
0 0.581543 0.893066 0.110352 0.110352
0 0.481445 0.727051 0.097656 0.098633
0 0.478516 0.836426 0.097656 0.098633
0 0.487305 0.949707 0.097656 0.098633
0 0.382812 0.788574 0.109375 0.110352
0 0.381836 0.900879 0.109375 0.110352
0 0.292480 0.841309 0.110352 0.110352
0 0.200195 0.783691 0.097656 0.098633
0 0.203125 0.891602 0.085938 0.085938
0 0.098633 0.842285 0.109375 0.110352