0 0.148438 0.150879 0.109375 0.110352
0 0.244141 0.094238 0.097656 0.098633
0 0.245117 0.206543 0.109375 0.110352
0 0.339355 0.156738 0.110352 0.110352
0 0.341797 0.262207 0.109375 0.110352
0 0.438965 0.091797 0.084961 0.085938
0 0.439941 0.205078 0.084961 0.085938
0 0.535156 0.153809 0.097656 0.098633
0 0.532715 0.262207 0.110352 0.110352
0 0.630859 0.091309 0.097656 0.098633
0 0.633789 0.207520 0.109375 0.110352
0 0.730469 0.146973 0.097656 0.098633
0 0.819824 0.092773 0.110352 0.111328
0 0.827637 0.189453 0.110352 0.111328
0 0.917969 0.151367 0.097656 0.097656
0 0.915039 0.258789 0.097656 0.097656
0 0.915039 0.369629 0.097656 0.098633
0 0.917480 0.480469 0.084961 0.085938
0 0.916016 0.592285 0.097656 0.098633
0 0.916016 0.706543 0.097656 0.098633
0 0.821777 0.317871 0.110352 0.110352
0 0.823730 0.425293 0.110352 0.110352
0 0.820312 0.536133 0.085938 0.085938
0 0.822266 0.645020 0.097656 0.098633
0 0.723633 0.259277 0.097656 0.098633
0 0.720703 0.368652 0.097656 0.098633
0 0.729492 0.481934 0.097656 0.098633
0 0.730469 0.589355 0.097656 0.098633
0 0.727539 0.700684 0.097656 0.098633
0 0.625000 0.320801 0.109375 0.110352
0 0.624023 0.433105 0.109375 0.110352
0 0.627441 0.535645 0.110352 0.110352
0 0.623535 0.643066 0.110352 0.110352
0 0.534668 0.373535 0.110352 0.110352
0 0.525879 0.483887 0.110352 0.110352
0 0.531738 0.598145 0.110352 0.110352
0 0.531250 0.707031 0.109375 0.111328
0 0.442383 0.315918 0.097656 0.098633
0 0.445312 0.423828 0.085938 0.085938
0 0.434570 0.537109 0.097656 0.097656
0 0.438477 0.653320 0.097656 0.097656
0 0.340820 0.374512 0.109375 0.110352
0 0.342773 0.478516 0.109375 0.111328
0 0.344727 0.592773 0.109375 0.111328
0 0.339355 0.692383 0.110352 0.111328
0 0.243164 0.318848 0.109375 0.110352
0 0.244629 0.429688 0.110352 0.111328
0 0.241699 0.537109 0.110352 0.111328
0 0.246582 0.644043 0.110352 0.110352
0 0.145020 0.262695 0.110352 0.111328
0 0.146973 0.370117 0.110352 0.111328
0 0.150879 0.487793 0.110352 0.110352
0 0.155273 0.592285 0.109375 0.110352
0 0.057129 0.326172 0.110352 0.111328
0 0.055664 0.431152 0.097656 0.098633
0 0.053711 0.757324 0.048828 0.049805
0 0.148438 0.695312 0.048828 0.048828
0 0.055664 0.864258 0.109375 0.111328
0 0.158203 0.922852 0.085938 0.085938
0 0.151855 0.810547 0.084961 0.085938
0 0.248535 0.761719 0.084961 0.085938
0 0.245605 0.868164 0.084961 0.085938
0 0.342285 0.810059 0.073242 0.073242
0 0.345215 0.921875 0.084961 0.085938
0 0.430664 0.756348 0.097656 0.098633
0 0.436523 0.865723 0.097656 0.098633
0 0.533691 0.811035 0.110352 0.110352
0 0.534668 0.925293 0.110352 0.110352
0 0.628418 0.760254 0.110352 0.110352
0 0.625488 0.871582 0.110352 0.110352
0 0.729492 0.812988 0.109375 0.110352
0 0.729492 0.921387 0.097656 0.098633
0 0.822266 0.753418 0.109375 0.110352
0 0.829102 0.877441 0.109375 0.110352
0 0.916992 0.807617 0.097656 0.097656
0 0.913574 0.923340 0.110352 0.110352