0 0.121582 0.132812 0.073242 0.074219
0 0.871094 0.232422 0.085938 0.085938
0 0.860352 0.336914 0.085938 0.085938
0 0.864258 0.461914 0.085938 0.085938
0 0.857422 0.561523 0.085938 0.085938
0 0.863770 0.693359 0.084961 0.085938
0 0.862305 0.898438 0.097656 0.097656
0 0.771484 0.183105 0.097656 0.098633
0 0.775391 0.298828 0.085938 0.085938
0 0.773438 0.406738 0.097656 0.098633
0 0.770996 0.515625 0.084961 0.085938
0 0.769531 0.633301 0.097656 0.098633
0 0.770508 0.746582 0.097656 0.098633
0 0.680664 0.248047 0.097656 0.097656
0 0.681641 0.350586 0.097656 0.097656
0 0.682129 0.460938 0.084961 0.085938
0 0.681641 0.578613 0.097656 0.098633
0 0.677734 0.691406 0.085938 0.085938
0 0.674805 0.800781 0.097656 0.097656
0 0.669922 0.899414 0.085938 0.085938
0 0.594238 0.198730 0.110352 0.110352
0 0.587891 0.312988 0.097656 0.098633
0 0.583984 0.422363 0.097656 0.098633
0 0.583984 0.535645 0.097656 0.098633
0 0.585938 0.648438 0.097656 0.097656
0 0.585938 0.746094 0.109375 0.111328
0 0.580566 0.857910 0.110352 0.110352
0 0.489746 0.162109 0.084961 0.085938
0 0.486816 0.268555 0.084961 0.085938
0 0.489746 0.365234 0.084961 0.085938
0 0.486816 0.479492 0.084961 0.085938
0 0.489258 0.593750 0.097656 0.097656
0 0.486816 0.717773 0.084961 0.085938
0 0.491699 0.820312 0.084961 0.085938
0 0.397461 0.865723 0.097656 0.098633
0 0.392090 0.758789 0.110352 0.111328
0 0.398438 0.648438 0.097656 0.097656
0 0.404297 0.532715 0.109375 0.110352
0 0.403320 0.427246 0.097656 0.098633
1 0.398926 0.319336 0.084961 0.085938
0 0.397949 0.207031 0.084961 0.085938
0 0.303711 0.148438 0.085938 0.085938
0 0.304688 0.261719 0.085938 0.085938
0 0.299805 0.371094 0.097656 0.097656
0 0.309570 0.488281 0.109375 0.111328
0 0.304688 0.584473 0.097656 0.098633
0 0.311035 0.705566 0.110352 0.110352
0 0.305664 0.808105 0.109375 0.110352
0 0.212402 0.859863 0.110352 0.110352
0 0.305664 0.923828 0.085938 0.085938
0 0.217773 0.766602 0.109375 0.111328
0 0.205078 0.643066 0.109375 0.110352
0 0.205078 0.530762 0.109375 0.110352
0 0.208984 0.420410 0.109375 0.110352
0 0.212891 0.316406 0.109375 0.111328
0 0.218750 0.193848 0.097656 0.098633
0 0.124023 0.246094 0.085938 0.085938
0 0.120117 0.471191 0.097656 0.098633
0 0.116211 0.354004 0.085938 0.086914
0 0.113281 0.685547 0.085938 0.085938
0 0.118164 0.805664 0.085938 0.085938
0 0.115723 0.585938 0.084961 0.085938
0 0.116699 0.912109 0.084961 0.085938
0 0.213379 0.097656 0.110352 0.111328
0 0.398438 0.094238 0.097656 0.098633
0 0.591797 0.090332 0.097656 0.098633
0 0.683594 0.132324 0.097656 0.098633
0 0.776367 0.065918 0.097656 0.098633
0 0.872559 0.116699 0.110352 0.110352
0 0.495605 0.931152 0.110352 0.110352