0 0.836426 0.193359 0.073242 0.074219
0 0.941895 0.497559 0.073242 0.073242
0 0.645996 0.770508 0.073242 0.074219
0 0.649902 0.420410 0.073242 0.073242
0 0.839355 0.546875 0.073242 0.074219
0 0.927246 0.692871 0.073242 0.073242
0 0.745605 0.600098 0.073242 0.073242
0 0.836914 0.750977 0.085938 0.085938
0 0.825195 0.864258 0.085938 0.085938
0 0.936523 0.806152 0.085938 0.086914
0 0.935059 0.917969 0.084961 0.085938
0 0.545898 0.710449 0.097656 0.098633
0 0.543457 0.826660 0.110352 0.110352
0 0.445312 0.873535 0.097656 0.098633
0 0.454590 0.765137 0.110352 0.110352
0 0.356445 0.808105 0.109375 0.110352
0 0.268555 0.755859 0.085938 0.085938
0 0.257812 0.860352 0.085938 0.085938
0 0.355957 0.919922 0.084961 0.085938
0 0.548828 0.937500 0.085938 0.085938
0 0.734863 0.812500 0.084961 0.085938
0 0.733398 0.938477 0.085938 0.085938
0 0.647949 0.883789 0.084961 0.085938
0 0.168945 0.706543 0.097656 0.098633
0 0.172852 0.822266 0.085938 0.085938
0 0.170898 0.930176 0.097656 0.098633
0 0.078125 0.771484 0.097656 0.097656
0 0.079102 0.874023 0.097656 0.097656
0 0.941895 0.591309 0.073242 0.073242
0 0.837402 0.656250 0.073242 0.074219
0 0.943359 0.294922 0.085938 0.085938
0 0.652832 0.081055 0.073242 0.074219
0 0.081055 0.655762 0.097656 0.098633
0 0.087891 0.544922 0.097656 0.097656
0 0.080078 0.437012 0.097656 0.098633
0 0.083008 0.326172 0.097656 0.097656
0 0.082031 0.213379 0.097656 0.098633
0 0.089844 0.102539 0.097656 0.097656
0 0.175781 0.151855 0.097656 0.098633
0 0.174805 0.266602 0.097656 0.097656
0 0.170898 0.382324 0.097656 0.098633
0 0.174316 0.487305 0.084961 0.085938
0 0.173828 0.589355 0.097656 0.098633
0 0.270020 0.640137 0.110352 0.110352
0 0.268555 0.531738 0.109375 0.110352
0 0.263672 0.424316 0.109375 0.110352
0 0.270020 0.322754 0.110352 0.110352
0 0.269043 0.209473 0.110352 0.110352
0 0.266602 0.095215 0.109375 0.110352
0 0.367188 0.148438 0.109375 0.111328
0 0.359375 0.260254 0.109375 0.110352
0 0.361816 0.365234 0.084961 0.085938
0 0.364258 0.455078 0.085938 0.085938
0 0.359375 0.588379 0.097656 0.098633
0 0.459961 0.653320 0.109375 0.111328
0 0.360352 0.700195 0.085938 0.085938
0 0.456055 0.528320 0.085938 0.085938
0 0.456055 0.436035 0.097656 0.098633
0 0.455078 0.314941 0.097656 0.098633
0 0.460449 0.210938 0.084961 0.085938
0 0.455078 0.084473 0.109375 0.110352
0 0.553223 0.044922 0.084961 0.085938
0 0.551758 0.144531 0.097656 0.097656
0 0.554688 0.279785 0.097656 0.098633
0 0.552734 0.368652 0.097656 0.098633
0 0.543945 0.485840 0.109375 0.110352
0 0.544922 0.597168 0.109375 0.110352
0 0.644531 0.658203 0.085938 0.085938
0 0.651367 0.542969 0.085938 0.085938
0 0.648926 0.315430 0.084961 0.085938
0 0.643555 0.180176 0.097656 0.098633
0 0.740723 0.237305 0.084961 0.085938
0 0.740234 0.368652 0.097656 0.098633
0 0.741211 0.484375 0.097656 0.097656
0 0.838867 0.427246 0.109375 0.110352
0 0.834961 0.309082 0.097656 0.098633
0 0.932129 0.184082 0.110352 0.110352