0 0.560547 0.358887 0.085938 0.086914
0 0.074707 0.522461 0.073242 0.074219
0 0.936035 0.127441 0.110352 0.110352
0 0.938965 0.245117 0.110352 0.111328
0 0.936523 0.352539 0.085938 0.085938
0 0.840332 0.083984 0.073242 0.074219
0 0.843750 0.182617 0.097656 0.097656
0 0.836914 0.300781 0.097656 0.097656
0 0.748047 0.118164 0.109375 0.111328
0 0.741211 0.237793 0.097656 0.098633
0 0.741699 0.354492 0.084961 0.085938
0 0.655762 0.062500 0.084961 0.085938
0 0.652344 0.187988 0.097656 0.098633
0 0.660156 0.297363 0.097656 0.098633
0 0.551270 0.149414 0.084961 0.085938
0 0.557617 0.252930 0.085938 0.085938
0 0.466797 0.095703 0.037109 0.037109
0 0.469238 0.201660 0.024414 0.024414
0 0.463379 0.314941 0.024414 0.024414
0 0.371582 0.123535 0.024414 0.024414
0 0.371582 0.233887 0.024414 0.024414
0 0.367676 0.349121 0.024414 0.024414
0 0.363770 0.458496 0.024414 0.024414
0 0.366699 0.540527 0.024414 0.024414
0 0.464355 0.401855 0.024414 0.024414
0 0.457520 0.509277 0.024414 0.024414
0 0.557617 0.540039 0.037109 0.037109
0 0.554688 0.457520 0.109375 0.110352
0 0.664062 0.401367 0.085938 0.085938
0 0.664551 0.510254 0.073242 0.073242
0 0.745117 0.460449 0.097656 0.098633
0 0.735840 0.575684 0.061523 0.061523
0 0.836914 0.406738 0.097656 0.098633
0 0.841797 0.514160 0.097656 0.098633
0 0.945312 0.463867 0.097656 0.097656
0 0.081055 0.089355 0.097656 0.098633
0 0.084961 0.192871 0.109375 0.110352
0 0.076172 0.303711 0.097656 0.097656
0 0.081055 0.415039 0.097656 0.097656
0 0.083496 0.699219 0.036133 0.037109
0 0.083984 0.797852 0.097656 0.097656
0 0.083008 0.906738 0.109375 0.110352
0 0.179199 0.756836 0.084961 0.085938
0 0.176758 0.854492 0.097656 0.097656
0 0.279297 0.703613 0.060547 0.061523
0 0.271484 0.801758 0.085938 0.085938
0 0.272949 0.913086 0.110352 0.111328
0 0.368164 0.751953 0.085938 0.085938
0 0.360352 0.861816 0.097656 0.098633
0 0.465332 0.710449 0.061523 0.061523
0 0.461914 0.804199 0.097656 0.098633
0 0.466309 0.918945 0.122070 0.123047
0 0.559570 0.753418 0.097656 0.098633
0 0.555176 0.862793 0.110352 0.110352
0 0.649414 0.720703 0.048828 0.048828
0 0.646484 0.806152 0.097656 0.098633
0 0.645996 0.921387 0.122070 0.122070
0 0.734863 0.753418 0.073242 0.073242
0 0.739258 0.865723 0.109375 0.110352
0 0.845215 0.805664 0.122070 0.123047
0 0.833496 0.914062 0.122070 0.123047
0 0.938965 0.750977 0.073242 0.074219
0 0.944336 0.863281 0.097656 0.097656