1 0.505859 0.086426 0.060547 0.061523
0 0.884766 0.730957 0.097656 0.098633
0 0.877441 0.631836 0.110352 0.111328
0 0.879883 0.526855 0.109375 0.110352
0 0.879883 0.418457 0.097656 0.098633
0 0.889160 0.321289 0.084961 0.085938
0 0.882812 0.208984 0.085938 0.085938
0 0.881836 0.082031 0.085938 0.085938
0 0.788574 0.138672 0.110352 0.111328
0 0.788086 0.249512 0.097656 0.098633
0 0.788574 0.352051 0.110352 0.110352
0 0.787109 0.470215 0.109375 0.110352
0 0.784180 0.578613 0.109375 0.110352
0 0.790527 0.689941 0.061523 0.061523
0 0.786621 0.782715 0.084961 0.086914
0 0.695801 0.089355 0.110352 0.110352
0 0.703125 0.190918 0.097656 0.098633
0 0.692871 0.309082 0.084961 0.086914
0 0.696777 0.420898 0.084961 0.085938
0 0.692383 0.522461 0.085938 0.085938
0 0.689941 0.635742 0.084961 0.085938
0 0.697266 0.748535 0.097656 0.098633
0 0.606445 0.133301 0.097656 0.098633
0 0.598145 0.374023 0.084961 0.085938
0 0.603516 0.474609 0.085938 0.085938
0 0.599609 0.566406 0.085938 0.085938
0 0.599121 0.680664 0.084961 0.085938
0 0.593750 0.791504 0.097656 0.098633
0 0.519531 0.209961 0.085938 0.085938
0 0.511719 0.290527 0.109375 0.110352
0 0.509277 0.409180 0.110352 0.111328
0 0.500000 0.524902 0.109375 0.110352
0 0.507812 0.634277 0.109375 0.110352
0 0.497070 0.742188 0.109375 0.111328
0 0.411133 0.055176 0.097656 0.098633
0 0.414062 0.126953 0.085938 0.085938
0 0.408691 0.241211 0.110352 0.111328
0 0.401855 0.365723 0.110352 0.110352
0 0.404297 0.470215 0.109375 0.110352
0 0.408203 0.570312 0.097656 0.097656
0 0.409180 0.685059 0.097656 0.098633
0 0.404297 0.798828 0.085938 0.085938
0 0.314453 0.083496 0.097656 0.098633
0 0.311523 0.196777 0.085938 0.086914
0 0.314453 0.302246 0.097656 0.098633
0 0.316406 0.416504 0.097656 0.098633
0 0.312500 0.524902 0.097656 0.098633
0 0.317871 0.631348 0.084961 0.086914
0 0.316406 0.737793 0.109375 0.110352
0 0.218750 0.136719 0.097656 0.097656
0 0.218750 0.239258 0.085938 0.085938
0 0.219727 0.350098 0.097656 0.098633
0 0.218750 0.466309 0.097656 0.098633
0 0.215820 0.572754 0.097656 0.098633
0 0.220703 0.692383 0.097656 0.097656
0 0.215332 0.798828 0.084961 0.085938
0 0.123047 0.080566 0.109375 0.110352
0 0.129883 0.193848 0.097656 0.098633
0 0.121582 0.305664 0.084961 0.085938
0 0.121582 0.443359 0.084961 0.085938
0 0.118652 0.529297 0.084961 0.085938
0 0.120117 0.632324 0.109375 0.110352
0 0.126465 0.747070 0.122070 0.123047