0 0.378418 0.759766 0.073242 0.074219
0 0.757324 0.090820 0.073242 0.074219
0 0.665527 0.171387 0.073242 0.073242
0 0.857910 0.377930 0.073242 0.074219
0 0.477051 0.251953 0.084961 0.085938
0 0.472168 0.147461 0.084961 0.085938
0 0.287109 0.129395 0.085938 0.086914
0 0.384277 0.087891 0.084961 0.085938
0 0.380371 0.185547 0.084961 0.085938
0 0.660645 0.057129 0.061523 0.061523
0 0.097656 0.156738 0.097656 0.098633
0 0.098633 0.262207 0.097656 0.098633
0 0.204102 0.202148 0.097656 0.097656
0 0.204590 0.099609 0.084961 0.085938
0 0.288086 0.264648 0.097656 0.097656
0 0.567871 0.095703 0.084961 0.085938
0 0.570312 0.225586 0.085938 0.085938
0 0.861328 0.268066 0.097656 0.098633
0 0.956543 0.088867 0.084961 0.085938
0 0.944336 0.773438 0.085938 0.085938
0 0.948242 0.882812 0.085938 0.085938
0 0.856445 0.915039 0.109375 0.111328
0 0.861328 0.834473 0.097656 0.098633
0 0.771484 0.774414 0.085938 0.085938
0 0.755859 0.881348 0.097656 0.098633
0 0.664062 0.711914 0.097656 0.097656
0 0.666992 0.825195 0.097656 0.097656
0 0.665039 0.926270 0.097656 0.098633
0 0.564453 0.664062 0.085938 0.085938
0 0.565918 0.762695 0.084961 0.085938
0 0.568359 0.876953 0.085938 0.085938
0 0.470215 0.705078 0.084961 0.085938
0 0.466309 0.807617 0.084961 0.085938
0 0.466309 0.922852 0.084961 0.085938
0 0.373047 0.862305 0.097656 0.097656
0 0.284180 0.798828 0.085938 0.085938
0 0.268555 0.926270 0.097656 0.098633
0 0.087891 0.703613 0.097656 0.098633
0 0.950684 0.651367 0.084961 0.085938
0 0.947754 0.531250 0.084961 0.085938
0 0.954102 0.315430 0.085938 0.085938
0 0.857422 0.483398 0.097656 0.097656
0 0.857422 0.593750 0.097656 0.097656
0 0.856445 0.706055 0.097656 0.097656
0 0.763672 0.652832 0.097656 0.098633
0 0.767578 0.540039 0.097656 0.097656
0 0.762207 0.433594 0.084961 0.085938
0 0.765137 0.325195 0.110352 0.111328
0 0.673828 0.374023 0.097656 0.097656
0 0.665039 0.477539 0.097656 0.097656
0 0.658203 0.595215 0.097656 0.098633
0 0.565918 0.567383 0.084961 0.085938
0 0.385254 0.319336 0.084961 0.085938
0 0.372559 0.427246 0.110352 0.110352
0 0.277344 0.365723 0.109375 0.110352
0 0.277344 0.480957 0.097656 0.098633
0 0.203125 0.301270 0.085938 0.086914
0 0.204102 0.399902 0.097656 0.098633
0 0.198730 0.521484 0.084961 0.085938
0 0.096680 0.574219 0.097656 0.097656
0 0.090820 0.467285 0.097656 0.098633
0 0.090820 0.381348 0.097656 0.098633