0 0.298340 0.768066 0.073242 0.073242
0 0.110352 0.313477 0.097656 0.097656
0 0.114258 0.202637 0.097656 0.098633
0 0.114258 0.088379 0.097656 0.098633
0 0.196289 0.150879 0.097656 0.098633
0 0.201172 0.257324 0.097656 0.098633
0 0.291504 0.320312 0.084961 0.085938
0 0.296875 0.191406 0.085938 0.085938
0 0.296875 0.081055 0.085938 0.085938
0 0.389648 0.257812 0.085938 0.085938
0 0.406250 0.146973 0.097656 0.098633
0 0.486328 0.095215 0.097656 0.098633
0 0.479004 0.205566 0.110352 0.110352
0 0.477539 0.318848 0.097656 0.098633
0 0.578125 0.251465 0.097656 0.098633
0 0.587891 0.153809 0.097656 0.098633
0 0.676758 0.098145 0.097656 0.098633
0 0.669922 0.202148 0.097656 0.097656
0 0.673828 0.302246 0.109375 0.110352
0 0.772461 0.259277 0.097656 0.098633
0 0.772461 0.148926 0.109375 0.110352
0 0.871094 0.094238 0.097656 0.098633
0 0.870117 0.216309 0.097656 0.098633
0 0.866699 0.316406 0.084961 0.085938
1 0.483398 0.853027 0.085938 0.086914
0 0.483398 0.742188 0.085938 0.085938
0 0.390137 0.796875 0.073242 0.074219
0 0.394043 0.902344 0.073242 0.074219
0 0.197754 0.803711 0.084961 0.085938
0 0.104492 0.762695 0.097656 0.097656
0 0.095703 0.865723 0.109375 0.110352
0 0.196289 0.905762 0.109375 0.110352
0 0.294434 0.866211 0.084961 0.085938
0 0.855469 0.759277 0.097656 0.098633
0 0.862305 0.864746 0.097656 0.098633
0 0.771484 0.901367 0.097656 0.097656
0 0.766602 0.799805 0.109375 0.111328
0 0.670898 0.752930 0.109375 0.111328
0 0.676270 0.860840 0.110352 0.110352
0 0.576660 0.808594 0.084961 0.085938
0 0.867188 0.639648 0.097656 0.097656
0 0.859375 0.424805 0.097656 0.097656
0 0.864258 0.538086 0.097656 0.097656
0 0.772461 0.375000 0.097656 0.097656
0 0.772461 0.489258 0.097656 0.097656
0 0.764648 0.599609 0.097656 0.097656
0 0.764160 0.700684 0.110352 0.110352
0 0.675781 0.649902 0.097656 0.098633
0 0.673340 0.537598 0.110352 0.110352
0 0.673340 0.415039 0.110352 0.111328
1 0.582031 0.479492 0.085938 0.085938
0 0.579102 0.345703 0.097656 0.097656
0 0.486328 0.423340 0.109375 0.110352
0 0.485352 0.546387 0.097656 0.098633
0 0.484863 0.641113 0.084961 0.086914
0 0.395996 0.712891 0.084961 0.085938
0 0.390137 0.589355 0.110352 0.110352
0 0.391113 0.479980 0.110352 0.110352
0 0.391602 0.369629 0.097656 0.098633
0 0.291992 0.428223 0.097656 0.098633
0 0.293945 0.538574 0.097656 0.098633
0 0.292969 0.642578 0.085938 0.085938
0 0.195312 0.700684 0.109375 0.110352
0 0.198242 0.596191 0.097656 0.098633
0 0.198242 0.478516 0.085938 0.085938
0 0.197266 0.372070 0.085938 0.085938
0 0.106445 0.418457 0.097656 0.098633
0 0.103516 0.525879 0.097656 0.098633
0 0.109375 0.631836 0.097656 0.097656
0 0.582031 0.602051 0.109375 0.110352
0 0.577148 0.692871 0.109375 0.110352