0 0.919434 0.352051 0.110352 0.110352
0 0.917969 0.466797 0.109375 0.111328
0 0.918945 0.573730 0.097656 0.098633
0 0.915039 0.682617 0.097656 0.097656
0 0.922852 0.797363 0.097656 0.098633
0 0.913574 0.907715 0.110352 0.110352
0 0.831543 0.408203 0.084961 0.085938
0 0.826172 0.517090 0.097656 0.098633
0 0.818359 0.634277 0.097656 0.098633
0 0.823242 0.731934 0.097656 0.098633
0 0.820801 0.850586 0.084961 0.085938
0 0.735840 0.354492 0.084961 0.085938
0 0.729492 0.467773 0.097656 0.097656
0 0.726562 0.570801 0.097656 0.098633
0 0.723633 0.684082 0.097656 0.098633
0 0.719727 0.799805 0.085938 0.085938
0 0.722656 0.904785 0.097656 0.098633
0 0.624023 0.839844 0.109375 0.111328
0 0.624512 0.728027 0.110352 0.110352
1 0.637695 0.620117 0.097656 0.097656
0 0.628418 0.513184 0.110352 0.110352
0 0.632324 0.403809 0.110352 0.110352
1 0.535156 0.358398 0.097656 0.097656
0 0.529297 0.462402 0.097656 0.098633
0 0.531250 0.571777 0.097656 0.098633
0 0.534180 0.677246 0.109375 0.110352
0 0.528809 0.795410 0.110352 0.110352
0 0.529785 0.899414 0.110352 0.111328
0 0.439941 0.410645 0.110352 0.110352
0 0.439453 0.518066 0.097656 0.098633
0 0.431641 0.628906 0.097656 0.097656
0 0.438477 0.740723 0.085938 0.086914
0 0.434570 0.850098 0.097656 0.098633
0 0.344238 0.354004 0.110352 0.110352
0 0.346680 0.457031 0.109375 0.111328
0 0.342773 0.571777 0.097656 0.098633
0 0.341309 0.688477 0.110352 0.111328
0 0.344727 0.797852 0.097656 0.097656
0 0.346191 0.917480 0.110352 0.110352
0 0.250000 0.529785 0.109375 0.110352
0 0.247070 0.618164 0.097656 0.097656
0 0.252441 0.704102 0.110352 0.111328
0 0.257324 0.818848 0.110352 0.110352
0 0.152344 0.900391 0.109375 0.111328
0 0.158203 0.801270 0.097656 0.098633
0 0.171387 0.339844 0.110352 0.111328
0 0.163086 0.439941 0.109375 0.110352
0 0.163086 0.584473 0.109375 0.110352
0 0.159180 0.674316 0.097656 0.098633
0 0.062500 0.625977 0.097656 0.097656
0 0.063477 0.732422 0.097656 0.097656
0 0.063477 0.845703 0.097656 0.097656
0 0.922363 0.250488 0.110352 0.110352
0 0.927734 0.136230 0.109375 0.110352
0 0.920898 0.062012 0.097656 0.098633
0 0.829590 0.097168 0.110352 0.110352
0 0.831055 0.192871 0.097656 0.098633
0 0.832031 0.282715 0.109375 0.110352
0 0.728516 0.246582 0.109375 0.110352
0 0.631348 0.294434 0.110352 0.110352
0 0.536133 0.252441 0.109375 0.110352
0 0.428711 0.295410 0.109375 0.110352
0 0.344727 0.234375 0.109375 0.111328
0 0.260742 0.088379 0.097656 0.098633
0 0.176758 0.140137 0.109375 0.110352
0 0.162598 0.247070 0.110352 0.111328
0 0.061523 0.290039 0.109375 0.111328
0 0.062988 0.184570 0.110352 0.111328
0 0.062988 0.068359 0.084961 0.085938