0 0.295410 0.664062 0.073242 0.074219
0 0.108887 0.891113 0.073242 0.073242
0 0.402344 0.765625 0.085938 0.085938
1 0.201172 0.502441 0.085938 0.086914
0 0.201172 0.391602 0.085938 0.085938
0 0.107910 0.446289 0.073242 0.074219
0 0.111816 0.551758 0.073242 0.074219
0 0.107910 0.786133 0.084961 0.085938
0 0.102539 0.650879 0.097656 0.098633
0 0.199707 0.708008 0.084961 0.085938
0 0.199219 0.839355 0.097656 0.098633
0 0.297852 0.897949 0.109375 0.110352
0 0.293945 0.779785 0.097656 0.098633
0 0.581055 0.852539 0.048828 0.048828
0 0.580566 0.954102 0.084961 0.085938
0 0.944336 0.637207 0.097656 0.098633
0 0.950195 0.746582 0.097656 0.098633
0 0.858398 0.896973 0.097656 0.098633
0 0.858398 0.807129 0.097656 0.098633
0 0.864258 0.684082 0.097656 0.098633
0 0.763672 0.414551 0.097656 0.098633
0 0.670898 0.366211 0.097656 0.097656
0 0.672852 0.462402 0.097656 0.098633
0 0.667969 0.579590 0.109375 0.110352
0 0.665039 0.685059 0.109375 0.110352
0 0.573242 0.408691 0.097656 0.098633
0 0.580078 0.514160 0.097656 0.098633
0 0.574707 0.626465 0.110352 0.110352
0 0.571777 0.740723 0.110352 0.110352
0 0.480469 0.684570 0.109375 0.111328
0 0.489258 0.550781 0.097656 0.097656
0 0.484375 0.449219 0.109375 0.111328
0 0.388672 0.402344 0.109375 0.111328
0 0.394043 0.510254 0.110352 0.110352
0 0.391113 0.654785 0.110352 0.110352
0 0.485352 0.791504 0.109375 0.110352
0 0.485352 0.899414 0.085938 0.085938
0 0.294434 0.458008 0.084961 0.085938
0 0.879883 0.110840 0.097656 0.098633
0 0.874512 0.232422 0.084961 0.085938
0 0.772461 0.285156 0.097656 0.097656
0 0.766602 0.178223 0.097656 0.098633
0 0.766602 0.092285 0.097656 0.098633
0 0.671875 0.133301 0.109375 0.110352
0 0.670898 0.245117 0.097656 0.097656
0 0.584961 0.289062 0.097656 0.097656
0 0.577148 0.074219 0.097656 0.097656
0 0.582031 0.187500 0.097656 0.097656
0 0.490234 0.138672 0.097656 0.097656
0 0.482422 0.249023 0.097656 0.097656
0 0.481934 0.350098 0.110352 0.110352
0 0.393555 0.299316 0.097656 0.098633
0 0.391113 0.187012 0.110352 0.110352
0 0.391113 0.064453 0.110352 0.111328
1 0.299805 0.128906 0.085938 0.085938
0 0.204102 0.072754 0.109375 0.110352
0 0.203125 0.195801 0.097656 0.098633
0 0.202637 0.290527 0.084961 0.086914
0 0.113770 0.362305 0.084961 0.085938
0 0.107910 0.238770 0.110352 0.110352
0 0.108887 0.129395 0.110352 0.110352
0 0.299805 0.251465 0.109375 0.110352
0 0.294922 0.342285 0.109375 0.110352