0 0.583496 0.101074 0.073242 0.073242
0 0.490723 0.173828 0.073242 0.074219
0 0.786621 0.331543 0.073242 0.073242
0 0.569336 0.948730 0.097656 0.098633
0 0.668457 0.375488 0.061523 0.061523
0 0.863770 0.284668 0.110352 0.110352
0 0.874023 0.397461 0.085938 0.085938
0 0.676758 0.072266 0.097656 0.097656
0 0.588867 0.228516 0.097656 0.097656
0 0.781250 0.209961 0.085938 0.085938
0 0.782227 0.456055 0.097656 0.097656
0 0.764160 0.556152 0.110352 0.110352
0 0.761230 0.642090 0.110352 0.110352
0 0.866211 0.651367 0.109375 0.111328
0 0.857422 0.507324 0.097656 0.098633
1 0.665527 0.466309 0.073242 0.073242
0 0.669922 0.571777 0.097656 0.098633
0 0.665527 0.680176 0.110352 0.110352
0 0.582031 0.640625 0.097656 0.097656
0 0.586914 0.562988 0.097656 0.098633
0 0.485352 0.051758 0.085938 0.085938
0 0.497070 0.280273 0.097656 0.097656
0 0.398438 0.242188 0.085938 0.085938
0 0.400879 0.334473 0.110352 0.110352
0 0.393555 0.446777 0.097656 0.098633
0 0.484863 0.587402 0.073242 0.073242
0 0.491211 0.686035 0.097656 0.098633
1 0.300781 0.057617 0.085938 0.085938
0 0.303223 0.163086 0.084961 0.085938
0 0.304199 0.279785 0.110352 0.110352
0 0.308105 0.388184 0.110352 0.110352
0 0.306641 0.497559 0.109375 0.110352
0 0.303711 0.615723 0.097656 0.098633
0 0.202148 0.104492 0.097656 0.097656
0 0.203125 0.231934 0.097656 0.098633
0 0.198242 0.341309 0.097656 0.098633
0 0.194336 0.446777 0.097656 0.098633
0 0.205566 0.555664 0.084961 0.085938
0 0.109863 0.603516 0.084961 0.085938
0 0.122559 0.081055 0.122070 0.123047
0 0.115723 0.186523 0.084961 0.085938
0 0.098633 0.303711 0.085938 0.085938
0 0.101074 0.389160 0.084961 0.086914
0 0.107422 0.497070 0.097656 0.097656