0 0.053223 0.679199 0.061523 0.061523
0 0.430176 0.468750 0.073242 0.074219
0 0.327637 0.512207 0.073242 0.073242
0 0.922852 0.090332 0.097656 0.098633
0 0.922852 0.199707 0.097656 0.098633
0 0.922363 0.311035 0.084961 0.086914
0 0.830566 0.136719 0.084961 0.085938
0 0.830078 0.255371 0.097656 0.098633
0 0.831055 0.365723 0.097656 0.098633
0 0.734375 0.079590 0.085938 0.086914
0 0.733398 0.206543 0.097656 0.098633
0 0.737305 0.311035 0.109375 0.110352
0 0.641113 0.140137 0.110352 0.110352
0 0.638672 0.256348 0.097656 0.098633
0 0.637207 0.367188 0.084961 0.085938
0 0.549316 0.086426 0.110352 0.110352
0 0.548340 0.196777 0.110352 0.110352
0 0.544922 0.301758 0.097656 0.097656
0 0.544922 0.420898 0.097656 0.097656
0 0.734863 0.420898 0.084961 0.085938
0 0.418945 0.125977 0.097656 0.097656
0 0.418945 0.257812 0.097656 0.097656
0 0.422852 0.369141 0.097656 0.097656
0 0.325684 0.059570 0.084961 0.085938
0 0.321289 0.171875 0.085938 0.085938
0 0.321289 0.285156 0.097656 0.097656
0 0.323242 0.393066 0.097656 0.098633
0 0.252930 0.133789 0.109375 0.111328
0 0.252441 0.229980 0.110352 0.110352
0 0.254883 0.354980 0.097656 0.098633
0 0.135742 0.065430 0.048828 0.048828
0 0.139648 0.188477 0.048828 0.048828
0 0.142578 0.318848 0.048828 0.049805
0 0.151367 0.408691 0.048828 0.049805
0 0.056641 0.482910 0.060547 0.061523
0 0.054688 0.596191 0.097656 0.098633
0 0.064941 0.819336 0.110352 0.111328
0 0.061035 0.924805 0.110352 0.111328
0 0.147461 0.539062 0.085938 0.085938
0 0.149414 0.643066 0.109375 0.110352
0 0.150391 0.755371 0.109375 0.110352
0 0.152344 0.867188 0.097656 0.097656
0 0.254883 0.475098 0.097656 0.098633
0 0.253418 0.582520 0.110352 0.110352
0 0.252930 0.703613 0.109375 0.110352
0 0.253906 0.808105 0.097656 0.098633
0 0.250000 0.916504 0.109375 0.110352
0 0.340820 0.656738 0.097656 0.098633
0 0.338867 0.751465 0.097656 0.098633
0 0.351562 0.869629 0.109375 0.110352
0 0.428711 0.597168 0.097656 0.098633
0 0.435059 0.696289 0.084961 0.085938
0 0.432129 0.807129 0.084961 0.086914
0 0.435547 0.907715 0.097656 0.098633
0 0.549805 0.526367 0.097656 0.097656
0 0.541992 0.637207 0.097656 0.098633
0 0.545898 0.744629 0.109375 0.110352
0 0.546387 0.862793 0.110352 0.110352
0 0.639648 0.475586 0.097656 0.097656
0 0.638184 0.588867 0.110352 0.111328
0 0.636719 0.692871 0.109375 0.110352
0 0.636719 0.804199 0.097656 0.098633
0 0.633789 0.918457 0.109375 0.110352
0 0.735840 0.536133 0.110352 0.111328
0 0.731445 0.645508 0.097656 0.097656
0 0.731445 0.756836 0.097656 0.097656
0 0.729980 0.864258 0.084961 0.085938
0 0.827148 0.480469 0.085938 0.085938
0 0.826172 0.592773 0.097656 0.097656
0 0.830566 0.702148 0.110352 0.111328
0 0.822754 0.812500 0.110352 0.111328
0 0.828613 0.918457 0.110352 0.110352
0 0.920410 0.423828 0.084961 0.085938
0 0.922852 0.533203 0.085938 0.085938
0 0.919922 0.644531 0.085938 0.085938
0 0.925781 0.746094 0.109375 0.111328
0 0.922852 0.855469 0.109375 0.111328