0 0.552246 0.569336 0.073242 0.074219
0 0.080078 0.306152 0.097656 0.098633
0 0.082031 0.414062 0.085938 0.085938
0 0.081055 0.518066 0.097656 0.098633
0 0.080566 0.637695 0.084961 0.085938
0 0.086914 0.743652 0.097656 0.098633
0 0.079102 0.868164 0.097656 0.097656
0 0.169922 0.355957 0.097656 0.098633
0 0.176270 0.479492 0.084961 0.085938
0 0.176270 0.567871 0.084961 0.086914
0 0.173828 0.678711 0.085938 0.085938
0 0.174805 0.795898 0.085938 0.085938
0 0.174805 0.889160 0.097656 0.098633
0 0.276855 0.945312 0.084961 0.085938
0 0.268555 0.355957 0.097656 0.098633
0 0.273438 0.424805 0.097656 0.097656
0 0.266602 0.505371 0.097656 0.098633
0 0.279785 0.634766 0.084961 0.085938
0 0.286133 0.741211 0.085938 0.085938
0 0.279297 0.852539 0.085938 0.085938
0 0.366699 0.361328 0.084961 0.085938
0 0.370117 0.479492 0.085938 0.085938
0 0.367188 0.560059 0.097656 0.098633
0 0.362305 0.685547 0.085938 0.085938
0 0.366211 0.784180 0.085938 0.085938
0 0.358398 0.910156 0.085938 0.085938
0 0.460938 0.291992 0.085938 0.085938
0 0.460938 0.416016 0.085938 0.085938
0 0.458008 0.543457 0.085938 0.086914
0 0.458008 0.646484 0.085938 0.085938
0 0.460449 0.757812 0.084961 0.085938
0 0.459961 0.849121 0.097656 0.098633
0 0.553223 0.900391 0.084961 0.085938
0 0.560059 0.798828 0.084961 0.085938
0 0.548340 0.678711 0.084961 0.085938
0 0.545898 0.357422 0.097656 0.097656
0 0.552734 0.458984 0.097656 0.097656
0 0.653320 0.366699 0.097656 0.098633
0 0.660156 0.511230 0.097656 0.098633
0 0.649414 0.625977 0.085938 0.085938
0 0.645020 0.740234 0.084961 0.085938
0 0.644043 0.846680 0.084961 0.085938
0 0.641113 0.952148 0.084961 0.085938
0 0.737305 0.359375 0.085938 0.085938
0 0.741211 0.465820 0.097656 0.097656
0 0.738281 0.575195 0.085938 0.085938
0 0.734375 0.684570 0.085938 0.085938
0 0.731445 0.800293 0.097656 0.098633
0 0.746094 0.922363 0.097656 0.098633
0 0.833008 0.416016 0.085938 0.085938
0 0.833008 0.520508 0.085938 0.085938
0 0.833984 0.641113 0.097656 0.098633
0 0.830078 0.748047 0.085938 0.085938
0 0.828613 0.852539 0.084961 0.085938
0 0.924316 0.909180 0.084961 0.085938
0 0.929688 0.791016 0.085938 0.085938
0 0.923340 0.687012 0.084961 0.086914
0 0.926758 0.576660 0.097656 0.098633
0 0.928711 0.460449 0.097656 0.098633
0 0.924805 0.354004 0.097656 0.098633
0 0.923828 0.139160 0.109375 0.110352
0 0.925781 0.245117 0.085938 0.085938
0 0.825684 0.307617 0.084961 0.085938
0 0.833008 0.191895 0.097656 0.098633
0 0.838867 0.083496 0.097656 0.098633
0 0.738281 0.143066 0.097656 0.098633
0 0.738770 0.241211 0.084961 0.085938
0 0.644531 0.271484 0.097656 0.097656
0 0.644531 0.172363 0.109375 0.110352
0 0.647949 0.081543 0.110352 0.110352
0 0.556641 0.112305 0.097656 0.097656
0 0.545898 0.246094 0.085938 0.085938
0 0.458008 0.185547 0.097656 0.097656
0 0.464844 0.080078 0.097656 0.097656
0 0.367676 0.138672 0.084961 0.085938
0 0.368652 0.244141 0.084961 0.085938
0 0.270508 0.076172 0.097656 0.097656
0 0.274414 0.173340 0.109375 0.110352
0 0.276367 0.260254 0.097656 0.098633
0 0.172852 0.247559 0.097656 0.098633
0 0.176758 0.145996 0.097656 0.098633
0 0.081055 0.084473 0.097656 0.098633
0 0.085449 0.197754 0.110352 0.110352