0 0.693848 0.391113 0.073242 0.073242
0 0.595215 0.222168 0.061523 0.061523
0 0.689941 0.268066 0.061523 0.061523
0 0.783203 0.229492 0.060547 0.060547
0 0.416504 0.224121 0.061523 0.061523
0 0.695312 0.714844 0.085938 0.085938
0 0.889160 0.719238 0.073242 0.073242
0 0.882324 0.936523 0.084961 0.085938
0 0.128906 0.283691 0.097656 0.098633
0 0.128906 0.389648 0.097656 0.097656
0 0.131836 0.498047 0.097656 0.097656
0 0.133301 0.606445 0.110352 0.111328
0 0.133789 0.716309 0.097656 0.098633
0 0.224609 0.235840 0.109375 0.110352
0 0.227539 0.341309 0.097656 0.098633
0 0.229492 0.444824 0.097656 0.098633
0 0.220703 0.557617 0.109375 0.111328
0 0.223145 0.662109 0.110352 0.111328
0 0.230957 0.758789 0.110352 0.111328
0 0.318359 0.280762 0.097656 0.098633
0 0.320312 0.384277 0.097656 0.098633
0 0.322266 0.499512 0.109375 0.110352
0 0.319336 0.606445 0.097656 0.097656
0 0.321289 0.720703 0.097656 0.097656
0 0.412109 0.337402 0.097656 0.098633
0 0.415039 0.442871 0.097656 0.098633
0 0.413574 0.554199 0.110352 0.110352
0 0.413086 0.661621 0.097656 0.098633
0 0.506836 0.276855 0.097656 0.098633
0 0.508789 0.392090 0.085938 0.086914
0 0.505371 0.502930 0.084961 0.085938
0 0.508301 0.610352 0.084961 0.085938
0 0.508301 0.718750 0.073242 0.074219
0 0.600586 0.335938 0.085938 0.085938
0 0.597656 0.446289 0.085938 0.085938
0 0.600098 0.555176 0.073242 0.073242
1 0.602051 0.666504 0.073242 0.073242
0 0.697266 0.510742 0.085938 0.085938
0 0.694336 0.610840 0.085938 0.086914
0 0.791992 0.333008 0.097656 0.097656
0 0.790527 0.441406 0.084961 0.085938
0 0.789551 0.554688 0.084961 0.085938
0 0.790527 0.662109 0.084961 0.085938
1 0.883301 0.275391 0.073242 0.074219
0 0.888672 0.385742 0.097656 0.097656
0 0.888672 0.497070 0.097656 0.097656
0 0.885254 0.610840 0.061523 0.061523
0 0.793945 0.773926 0.085938 0.086914
0 0.606445 0.768066 0.097656 0.098633
0 0.881348 0.827637 0.073242 0.073242
0 0.789062 0.884766 0.085938 0.085938
0 0.692383 0.831543 0.097656 0.098633
0 0.692383 0.938965 0.097656 0.098633
0 0.600586 0.880371 0.097656 0.098633
0 0.510742 0.825195 0.097656 0.097656
0 0.507812 0.945312 0.085938 0.085938
0 0.413086 0.774414 0.109375 0.111328
0 0.412109 0.885742 0.097656 0.097656
0 0.318359 0.828125 0.097656 0.097656
0 0.318359 0.938965 0.097656 0.098633
0 0.225098 0.887207 0.110352 0.110352
0 0.126953 0.828613 0.097656 0.098633
0 0.124023 0.937988 0.097656 0.098633