0 0.306641 0.931152 0.109375 0.110352
0 0.115723 0.150879 0.110352 0.110352
0 0.110840 0.260254 0.110352 0.110352
0 0.114258 0.370117 0.097656 0.097656
0 0.788086 0.078125 0.097656 0.097656
0 0.783203 0.182617 0.097656 0.097656
0 0.778320 0.299316 0.097656 0.098633
0 0.879395 0.241211 0.073242 0.074219
0 0.878418 0.372070 0.084961 0.085938
0 0.885254 0.485840 0.024414 0.024414
0 0.878906 0.604492 0.037109 0.037109
0 0.881348 0.710449 0.024414 0.024414
0 0.875488 0.823730 0.024414 0.024414
0 0.783691 0.632324 0.024414 0.024414
0 0.783691 0.742676 0.024414 0.024414
0 0.779785 0.857910 0.024414 0.024414
0 0.786133 0.407715 0.097656 0.098633
0 0.784180 0.513184 0.097656 0.098633
0 0.775879 0.967285 0.024414 0.024414
0 0.876465 0.910645 0.024414 0.024414
0 0.493164 0.598145 0.097656 0.098633
0 0.497070 0.701660 0.109375 0.110352
0 0.488281 0.812500 0.097656 0.097656
0 0.493164 0.923828 0.097656 0.097656
1 0.395508 0.653320 0.085938 0.085938
0 0.396484 0.766602 0.097656 0.097656
0 0.392090 0.871582 0.110352 0.110352
0 0.307129 0.589844 0.110352 0.111328
0 0.305176 0.703125 0.110352 0.111328
0 0.304688 0.815430 0.097656 0.097656
0 0.207520 0.541992 0.110352 0.111328
0 0.207031 0.645508 0.109375 0.111328
0 0.204102 0.767090 0.109375 0.110352
0 0.206055 0.874512 0.097656 0.098633
0 0.109375 0.593262 0.109375 0.110352
0 0.114258 0.701660 0.097656 0.098633
0 0.115234 0.812012 0.097656 0.098633
0 0.115234 0.918457 0.097656 0.098633
0 0.112305 0.482422 0.109375 0.111328