0 0.134277 0.571777 0.073242 0.073242
0 0.035645 0.402832 0.061523 0.061523
0 0.130371 0.448730 0.061523 0.061523
0 0.223633 0.410156 0.060547 0.060547
0 0.135742 0.895508 0.085938 0.085938
0 0.329590 0.899902 0.073242 0.073242
0 0.424316 0.953613 0.073242 0.073242
0 0.040527 0.735840 0.073242 0.073242
1 0.042480 0.847168 0.073242 0.073242
0 0.137695 0.691406 0.085938 0.085938
0 0.134766 0.791504 0.085938 0.086914
0 0.232422 0.513672 0.097656 0.097656
0 0.230957 0.622070 0.084961 0.085938
0 0.229980 0.735352 0.084961 0.085938
0 0.230957 0.842773 0.084961 0.085938
1 0.323730 0.456055 0.073242 0.074219
1 0.416992 0.509766 0.085938 0.085938
1 0.422363 0.622070 0.073242 0.074219
0 0.329102 0.566406 0.097656 0.097656
0 0.329102 0.677734 0.097656 0.097656
0 0.325684 0.791504 0.061523 0.061523
0 0.234375 0.954590 0.085938 0.086914
0 0.418945 0.734375 0.085938 0.085938
0 0.419922 0.842773 0.085938 0.085938