0 0.079590 0.071289 0.073242 0.074219
0 0.953125 0.129395 0.060547 0.061523
0 0.849609 0.077637 0.109375 0.110352
0 0.655762 0.068848 0.110352 0.110352
0 0.461914 0.071777 0.097656 0.098633
0 0.273926 0.069824 0.110352 0.110352
0 0.179688 0.118164 0.097656 0.097656
0 0.085938 0.179688 0.085938 0.085938
0 0.083984 0.290527 0.097656 0.098633
0 0.079102 0.412598 0.097656 0.098633
0 0.082520 0.518555 0.110352 0.111328
0 0.182617 0.241699 0.097656 0.098633
0 0.173828 0.351562 0.085938 0.085938
0 0.175781 0.459473 0.097656 0.098633
0 0.175781 0.572266 0.097656 0.097656
0 0.274902 0.180176 0.110352 0.110352
0 0.280762 0.290527 0.110352 0.110352
0 0.280762 0.401855 0.110352 0.110352
0 0.281250 0.520996 0.109375 0.110352
0 0.364258 0.127441 0.109375 0.110352
0 0.367188 0.240723 0.109375 0.110352
0 0.368652 0.344238 0.110352 0.110352
0 0.370605 0.467285 0.110352 0.110352
0 0.373535 0.574707 0.110352 0.110352
0 0.463867 0.186035 0.109375 0.110352
0 0.469727 0.295410 0.109375 0.110352
0 0.463867 0.404785 0.109375 0.110352
0 0.458984 0.515137 0.109375 0.110352
0 0.554199 0.128906 0.110352 0.111328
0 0.558594 0.246094 0.097656 0.097656
0 0.560547 0.349121 0.109375 0.110352
0 0.563477 0.463379 0.097656 0.098633
0 0.557617 0.573730 0.109375 0.110352
0 0.656738 0.185547 0.110352 0.111328
0 0.656738 0.300781 0.110352 0.111328
0 0.652832 0.410645 0.110352 0.110352
0 0.659668 0.525879 0.110352 0.110352
0 0.749023 0.132324 0.109375 0.110352
0 0.754883 0.248047 0.109375 0.111328
0 0.753418 0.355469 0.110352 0.111328
0 0.754395 0.467773 0.110352 0.111328
0 0.750488 0.583496 0.110352 0.110352
0 0.848633 0.189941 0.097656 0.098633
0 0.844727 0.304199 0.109375 0.110352
0 0.844727 0.409180 0.109375 0.111328
0 0.843750 0.523438 0.109375 0.111328
0 0.941895 0.235840 0.110352 0.110352
0 0.938965 0.354980 0.110352 0.110352
0 0.941406 0.465820 0.097656 0.097656
0 0.944336 0.583008 0.109375 0.111328
0 0.838867 0.629395 0.109375 0.110352
0 0.939453 0.804199 0.109375 0.110352
0 0.936035 0.908203 0.084961 0.085938
0 0.843262 0.746582 0.110352 0.110352
0 0.842285 0.849121 0.110352 0.110352
0 0.747559 0.799316 0.110352 0.110352
0 0.752930 0.903809 0.109375 0.110352
0 0.651367 0.745605 0.085938 0.086914
0 0.653320 0.854004 0.109375 0.110352
0 0.554688 0.794434 0.109375 0.110352
0 0.559570 0.905762 0.097656 0.098633
0 0.458984 0.731934 0.097656 0.098633
0 0.457520 0.846680 0.084961 0.085938
0 0.941406 0.691895 0.109375 0.110352
0 0.749512 0.689453 0.084961 0.085938
0 0.652344 0.626465 0.109375 0.110352
0 0.558594 0.684082 0.109375 0.110352
0 0.463379 0.626465 0.110352 0.110352
0 0.372070 0.684082 0.097656 0.098633
0 0.371094 0.792969 0.097656 0.097656
0 0.369141 0.901367 0.097656 0.097656
1 0.275391 0.625977 0.085938 0.085938
0 0.080566 0.613770 0.110352 0.110352
0 0.079590 0.736328 0.110352 0.111328
0 0.080078 0.841797 0.097656 0.097656
0 0.183594 0.670410 0.097656 0.098633
0 0.185059 0.789062 0.084961 0.085938
0 0.186035 0.904297 0.084961 0.085938
0 0.283203 0.729004 0.097656 0.098633
0 0.283203 0.855957 0.109375 0.110352
0 0.281250 0.954102 0.085938 0.085938