0 0.266113 0.169434 0.073242 0.073242
0 0.621582 0.783203 0.084961 0.085938
0 0.617676 0.905762 0.110352 0.110352
0 0.518066 0.848145 0.110352 0.110352
0 0.431641 0.786621 0.097656 0.098633
0 0.431641 0.895996 0.109375 0.110352
0 0.333008 0.834961 0.097656 0.097656
0 0.237793 0.901367 0.084961 0.085938
0 0.140625 0.916504 0.097656 0.098633
0 0.140625 0.826660 0.109375 0.110352
0 0.903320 0.736328 0.085938 0.085938
0 0.894043 0.854980 0.110352 0.110352
0 0.800781 0.912109 0.097656 0.097656
0 0.807617 0.791016 0.097656 0.097656
0 0.714844 0.751953 0.109375 0.111328
0 0.710938 0.854980 0.097656 0.098633
0 0.844727 0.026855 0.048828 0.049805
0 0.147949 0.213379 0.061523 0.061523
0 0.913086 0.244141 0.097656 0.097656
0 0.910645 0.333496 0.110352 0.110352
0 0.910156 0.454590 0.097656 0.098633
0 0.911621 0.549805 0.110352 0.111328
0 0.813477 0.497559 0.097656 0.098633
0 0.817383 0.377930 0.085938 0.085938
0 0.817383 0.278809 0.109375 0.110352
0 0.729492 0.215332 0.097656 0.098633
0 0.742188 0.359863 0.109375 0.110352
0 0.729492 0.455566 0.109375 0.110352
0 0.714844 0.558594 0.097656 0.097656
0 0.633789 0.509277 0.109375 0.110352
0 0.629883 0.391113 0.109375 0.110352
1 0.631348 0.292969 0.084961 0.085938
0 0.628906 0.170898 0.097656 0.097656
0 0.535645 0.126953 0.084961 0.085938
0 0.530273 0.234863 0.097656 0.098633
0 0.530273 0.335938 0.097656 0.097656
0 0.530273 0.451660 0.109375 0.110352
0 0.531738 0.549316 0.110352 0.110352
0 0.433594 0.507324 0.109375 0.110352
0 0.434570 0.393066 0.097656 0.098633
0 0.445312 0.277344 0.109375 0.111328
0 0.436523 0.176270 0.109375 0.110352
0 0.343262 0.122559 0.110352 0.110352
0 0.353516 0.235352 0.085938 0.085938
0 0.068359 0.066406 0.097656 0.097656
0 0.260742 0.047852 0.085938 0.085938
0 0.261719 0.293945 0.097656 0.097656
0 0.243652 0.394043 0.110352 0.110352
0 0.240723 0.479980 0.110352 0.110352
0 0.345703 0.489258 0.109375 0.111328
0 0.336914 0.345215 0.097656 0.098633
1 0.145020 0.304199 0.073242 0.073242
0 0.149414 0.409668 0.097656 0.098633
0 0.145020 0.518066 0.110352 0.110352
0 0.061523 0.478516 0.097656 0.097656
0 0.066406 0.400879 0.097656 0.098633