0 0.142090 0.135742 0.073242 0.074219
0 0.912109 0.142090 0.109375 0.110352
0 0.817383 0.090332 0.109375 0.110352
0 0.718262 0.133301 0.110352 0.110352
0 0.622559 0.083496 0.110352 0.110352
0 0.524414 0.136230 0.097656 0.098633
0 0.439453 0.075684 0.097656 0.098633
0 0.336426 0.134277 0.110352 0.110352
0 0.242188 0.081055 0.097656 0.097656
0 0.242188 0.182617 0.097656 0.097656
0 0.051270 0.077148 0.084961 0.085938
0 0.049805 0.302734 0.085938 0.085938
0 0.049316 0.405273 0.084961 0.085938
0 0.148438 0.244141 0.085938 0.085938
0 0.146484 0.354980 0.097656 0.098633
0 0.141602 0.477051 0.097656 0.098633
0 0.145020 0.583008 0.110352 0.111328
0 0.245117 0.306152 0.097656 0.098633
0 0.236328 0.416016 0.085938 0.085938
0 0.238281 0.523926 0.097656 0.098633
0 0.238281 0.636719 0.097656 0.097656
0 0.337402 0.244629 0.110352 0.110352
0 0.343262 0.354980 0.110352 0.110352
0 0.343262 0.466309 0.110352 0.110352
0 0.343750 0.585449 0.109375 0.110352
0 0.426758 0.191895 0.109375 0.110352
0 0.429688 0.305176 0.109375 0.110352
0 0.431152 0.408691 0.110352 0.110352
0 0.433105 0.531738 0.110352 0.110352
0 0.436035 0.639160 0.110352 0.110352
0 0.526367 0.250488 0.109375 0.110352
0 0.532227 0.359863 0.109375 0.110352
0 0.526367 0.469238 0.109375 0.110352
0 0.521484 0.579590 0.109375 0.110352
0 0.616699 0.193359 0.110352 0.111328
0 0.621094 0.310547 0.097656 0.097656
0 0.623047 0.413574 0.109375 0.110352
0 0.625977 0.527832 0.097656 0.098633
0 0.620117 0.638184 0.109375 0.110352
0 0.719238 0.250000 0.110352 0.111328
0 0.719238 0.365234 0.110352 0.111328
0 0.715332 0.475098 0.110352 0.110352
0 0.722168 0.590332 0.110352 0.110352
0 0.811523 0.196777 0.109375 0.110352
0 0.817383 0.312500 0.109375 0.111328
0 0.815918 0.419922 0.110352 0.111328
0 0.816895 0.532227 0.110352 0.111328
0 0.812988 0.647949 0.110352 0.110352
0 0.911133 0.254395 0.097656 0.098633
0 0.907227 0.368652 0.109375 0.110352
0 0.907227 0.473633 0.109375 0.111328
0 0.906250 0.587891 0.109375 0.111328
0 0.901367 0.693848 0.109375 0.110352
0 0.905762 0.811035 0.110352 0.110352
0 0.904785 0.913574 0.110352 0.110352
0 0.810059 0.863770 0.110352 0.110352
0 0.713867 0.810059 0.085938 0.086914
0 0.715820 0.918457 0.109375 0.110352
0 0.617188 0.858887 0.109375 0.110352
0 0.521484 0.796387 0.097656 0.098633
0 0.520020 0.911133 0.084961 0.085938
0 0.812012 0.753906 0.084961 0.085938
0 0.714844 0.690918 0.109375 0.110352
0 0.621094 0.748535 0.109375 0.110352
0 0.525879 0.690918 0.110352 0.110352
0 0.434570 0.748535 0.097656 0.098633
0 0.433594 0.857422 0.097656 0.097656
1 0.337891 0.690430 0.085938 0.085938
1 0.051270 0.734375 0.084961 0.085938
0 0.143066 0.678223 0.110352 0.110352
0 0.142090 0.800781 0.110352 0.111328
0 0.142578 0.906250 0.097656 0.097656
0 0.246094 0.734863 0.097656 0.098633
0 0.247559 0.853516 0.084961 0.085938
0 0.345703 0.793457 0.097656 0.098633
0 0.345703 0.920410 0.109375 0.110352