0 0.365723 0.325684 0.061523 0.061523
0 0.094238 0.372559 0.061523 0.061523
0 0.288086 0.477051 0.060547 0.061523
0 0.653809 0.391602 0.073242 0.074219
0 0.369629 0.432617 0.073242 0.074219
0 0.846191 0.386719 0.036133 0.037109
1 0.749023 0.554199 0.048828 0.049805
1 0.653320 0.595703 0.048828 0.048828
1 0.648438 0.505859 0.048828 0.048828
1 0.572266 0.449707 0.060547 0.061523
1 0.470215 0.484863 0.036133 0.036133
0 0.852539 0.494141 0.085938 0.085938
1 0.745605 0.443848 0.061523 0.061523
0 0.927246 0.442383 0.024414 0.025391
0 0.943359 0.569824 0.097656 0.098633
0 0.944336 0.673828 0.097656 0.097656
0 0.937500 0.791016 0.097656 0.097656
0 0.939941 0.893555 0.084961 0.085938
0 0.846680 0.935059 0.097656 0.098633
0 0.845703 0.833008 0.085938 0.085938
0 0.843750 0.723145 0.097656 0.098633
0 0.844727 0.607422 0.109375 0.111328
0 0.752930 0.670898 0.085938 0.085938
0 0.752930 0.759766 0.097656 0.097656
0 0.751953 0.868652 0.097656 0.098633
0 0.651855 0.930176 0.110352 0.110352
0 0.656250 0.815430 0.097656 0.097656
0 0.652344 0.709961 0.097656 0.097656
0 0.565918 0.331055 0.084961 0.085938
0 0.467773 0.374023 0.085938 0.085938
0 0.284180 0.377930 0.048828 0.048828
0 0.565430 0.659180 0.097656 0.097656
0 0.574707 0.541016 0.084961 0.085938
0 0.560547 0.787109 0.085938 0.085938
1 0.565430 0.888184 0.097656 0.098633
0 0.465820 0.931152 0.109375 0.110352
0 0.464844 0.823242 0.097656 0.097656
0 0.473633 0.715332 0.109375 0.110352
0 0.474121 0.584961 0.110352 0.111328
0 0.375977 0.537109 0.085938 0.085938
0 0.377930 0.657715 0.097656 0.098633
0 0.374023 0.769531 0.097656 0.097656
0 0.367676 0.882812 0.110352 0.111328
0 0.277344 0.924316 0.109375 0.110352
0 0.282227 0.818848 0.109375 0.110352
1 0.279785 0.707031 0.110352 0.111328
0 0.288086 0.592285 0.109375 0.110352
0 0.194824 0.545410 0.110352 0.110352
0 0.187012 0.431152 0.110352 0.110352
0 0.185547 0.648438 0.109375 0.111328
0 0.188477 0.750000 0.097656 0.097656
0 0.184082 0.874512 0.110352 0.110352
0 0.095215 0.475098 0.110352 0.110352
0 0.095215 0.589844 0.110352 0.111328
0 0.097656 0.708496 0.109375 0.110352
0 0.089844 0.805664 0.109375 0.111328
0 0.093750 0.908691 0.109375 0.110352