0 0.289551 0.154785 0.073242 0.073242
0 0.377441 0.222656 0.073242 0.074219
0 0.480957 0.164062 0.073242 0.074219
0 0.486816 0.049805 0.073242 0.074219
0 0.583008 0.096680 0.048828 0.048828
0 0.955078 0.090820 0.085938 0.085938
0 0.956055 0.320312 0.085938 0.085938
0 0.863281 0.377930 0.097656 0.097656
0 0.860352 0.051270 0.097656 0.098633
0 0.860352 0.161621 0.097656 0.098633
0 0.859375 0.270996 0.097656 0.098633
0 0.768555 0.329590 0.109375 0.110352
0 0.375977 0.115723 0.097656 0.098633
0 0.287598 0.273438 0.084961 0.085938
0 0.479004 0.274414 0.084961 0.085938
0 0.759766 0.109375 0.085938 0.085938
0 0.768555 0.212402 0.097656 0.098633
0 0.671875 0.278809 0.097656 0.098633
0 0.668945 0.389648 0.085938 0.085938
0 0.572266 0.332031 0.097656 0.097656
0 0.474609 0.389160 0.097656 0.098633
0 0.658691 0.154297 0.084961 0.085938
0 0.577148 0.211914 0.085938 0.085938
0 0.282715 0.047852 0.084961 0.085938
0 0.202637 0.109375 0.084961 0.085938
0 0.196289 0.215820 0.097656 0.097656
0 0.193359 0.327637 0.097656 0.098633
0 0.097656 0.380859 0.097656 0.097656
0 0.093750 0.268066 0.097656 0.098633
0 0.851562 0.934082 0.097656 0.098633
0 0.763672 0.880371 0.097656 0.098633
0 0.662109 0.828613 0.109375 0.110352
0 0.663086 0.941406 0.109375 0.111328
0 0.559570 0.906250 0.097656 0.097656
0 0.478516 0.935059 0.097656 0.098633
0 0.378906 0.881348 0.109375 0.110352
0 0.287109 0.933105 0.109375 0.110352
0 0.185059 0.882324 0.110352 0.110352
0 0.095703 0.929199 0.109375 0.110352
0 0.953125 0.427734 0.085938 0.085938
0 0.953125 0.523926 0.085938 0.086914
0 0.947266 0.636230 0.097656 0.098633
0 0.858398 0.491699 0.109375 0.110352
0 0.856445 0.597168 0.097656 0.098633
0 0.858398 0.717285 0.097656 0.098633
0 0.861328 0.829102 0.097656 0.097656
0 0.766602 0.441895 0.097656 0.098633
0 0.764648 0.558105 0.097656 0.098633
0 0.766602 0.663086 0.097656 0.097656
0 0.760742 0.766602 0.097656 0.097656
0 0.666992 0.497559 0.097656 0.098633
0 0.664062 0.593750 0.109375 0.111328
0 0.661133 0.708984 0.109375 0.111328
0 0.566406 0.770996 0.097656 0.098633
0 0.579102 0.654297 0.097656 0.097656
0 0.584961 0.545898 0.085938 0.085938
0 0.575195 0.433594 0.097656 0.097656
0 0.472656 0.491211 0.109375 0.111328
0 0.472656 0.606445 0.097656 0.097656
0 0.468262 0.707520 0.110352 0.110352
0 0.467773 0.819824 0.097656 0.098633
0 0.378906 0.770020 0.097656 0.098633
0 0.377441 0.665527 0.110352 0.110352
0 0.377930 0.546387 0.097656 0.098633
0 0.378418 0.436523 0.110352 0.111328
0 0.379883 0.333008 0.097656 0.097656
0 0.289062 0.386719 0.097656 0.097656
0 0.279297 0.478027 0.097656 0.098633
0 0.283203 0.607910 0.097656 0.098633
0 0.285156 0.713379 0.109375 0.110352
0 0.278320 0.830566 0.097656 0.098633
0 0.189453 0.786621 0.097656 0.098633
0 0.191406 0.659668 0.109375 0.110352
0 0.185547 0.552246 0.109375 0.110352
0 0.192383 0.435059 0.109375 0.110352
0 0.098633 0.611816 0.097656 0.098633
0 0.095215 0.708496 0.110352 0.110352
0 0.091797 0.820801 0.097656 0.098633