1 0.437988 0.530273 0.073242 0.074219
1 0.436523 0.649902 0.060547 0.061523
0 0.910645 0.598145 0.096680 0.098633
0 0.916016 0.697266 0.097656 0.097656
0 0.905273 0.814453 0.085938 0.085938
0 0.906250 0.924805 0.085938 0.085938
0 0.819824 0.884766 0.084961 0.085938
0 0.813477 0.772461 0.085938 0.085938
0 0.812500 0.645508 0.085938 0.085938
0 0.812500 0.541016 0.097656 0.097656
0 0.722168 0.586426 0.110352 0.110352
0 0.719238 0.702148 0.110352 0.111328
0 0.718750 0.812988 0.097656 0.098633
0 0.719238 0.915527 0.110352 0.110352
0 0.621094 0.536621 0.097656 0.098633
0 0.626465 0.652832 0.110352 0.110352
0 0.633789 0.754395 0.097656 0.098633
0 0.623535 0.872559 0.084961 0.086914
0 0.530762 0.588867 0.110352 0.111328
0 0.537109 0.696777 0.097656 0.098633
0 0.528809 0.937500 0.084961 0.085938
0 0.450195 0.773438 0.085938 0.085938
0 0.442383 0.854004 0.109375 0.110352
0 0.341797 0.618652 0.097656 0.098633
0 0.344727 0.690430 0.085938 0.085938
0 0.339355 0.804688 0.110352 0.111328
0 0.332520 0.929199 0.110352 0.110352
0 0.238281 0.533691 0.097656 0.098633
0 0.245117 0.646973 0.097656 0.098633
0 0.242188 0.760254 0.085938 0.086914
0 0.245117 0.865723 0.097656 0.098633
0 0.153320 0.588379 0.097656 0.098633
0 0.149414 0.700195 0.097656 0.097656
0 0.149414 0.802734 0.085938 0.085938
0 0.150391 0.913574 0.097656 0.098633
0 0.060547 0.757324 0.097656 0.098633
0 0.052246 0.869141 0.084961 0.085938
0 0.909180 0.051758 0.097656 0.097656
0 0.916992 0.147949 0.097656 0.098633
0 0.910156 0.259766 0.097656 0.097656
0 0.912598 0.374512 0.110352 0.110352
0 0.911133 0.494141 0.109375 0.111328
1 0.531250 0.163086 0.085938 0.085938
1 0.153809 0.356934 0.061523 0.061523
0 0.246582 0.426758 0.084961 0.085938
0 0.343750 0.385742 0.085938 0.085938
0 0.343750 0.475586 0.085938 0.085938
0 0.439453 0.416992 0.085938 0.085938
0 0.447266 0.330078 0.085938 0.085938
0 0.722656 0.154297 0.085938 0.085938
0 0.720215 0.258301 0.110352 0.110352
0 0.721191 0.378418 0.110352 0.110352
0 0.722656 0.479492 0.097656 0.097656
0 0.818359 0.437988 0.097656 0.098633
0 0.822266 0.326172 0.097656 0.097656
0 0.821289 0.205078 0.097656 0.097656
0 0.814453 0.093262 0.085938 0.086914
0 0.626953 0.202637 0.097656 0.098633
0 0.626953 0.310059 0.097656 0.098633
0 0.620117 0.430176 0.097656 0.098633
0 0.529785 0.475586 0.084961 0.085938
0 0.527344 0.263184 0.097656 0.098633
0 0.526367 0.368652 0.097656 0.098633
0 0.442383 0.081055 0.085938 0.085938
0 0.342773 0.151367 0.109375 0.111328
0 0.247070 0.207031 0.109375 0.111328
0 0.254883 0.098145 0.109375 0.110352
0 0.159180 0.146973 0.097656 0.098633
0 0.159180 0.230469 0.097656 0.097656
0 0.056641 0.185059 0.097656 0.098633
0 0.066406 0.083496 0.109375 0.110352
0 0.152344 0.475098 0.109375 0.110352
0 0.058105 0.537598 0.110352 0.110352
0 0.063477 0.410156 0.085938 0.085938