0 0.532715 0.833984 0.073242 0.074219
0 0.911621 0.165039 0.073242 0.074219
0 0.819824 0.245605 0.073242 0.073242
0 0.631348 0.326172 0.084961 0.085938
0 0.626465 0.221680 0.084961 0.085938
0 0.626465 0.103516 0.084961 0.085938
0 0.544922 0.060547 0.085938 0.085938
0 0.437988 0.112305 0.084961 0.085938
0 0.441406 0.203613 0.085938 0.086914
0 0.538574 0.162109 0.084961 0.085938
0 0.534668 0.259766 0.084961 0.085938
0 0.814941 0.131348 0.061523 0.061523
0 0.067383 0.106934 0.097656 0.098633
0 0.066406 0.229004 0.097656 0.098633
0 0.062988 0.329102 0.084961 0.085938
0 0.157227 0.279785 0.097656 0.098633
0 0.154785 0.164551 0.110352 0.110352
0 0.160156 0.057617 0.109375 0.111328
0 0.248047 0.118652 0.097656 0.098633
0 0.251953 0.230957 0.097656 0.098633
0 0.252930 0.336426 0.097656 0.098633
0 0.358398 0.276367 0.097656 0.097656
0 0.358887 0.173828 0.084961 0.085938
0 0.348633 0.056641 0.109375 0.111328
0 0.442383 0.338867 0.097656 0.097656
0 0.727539 0.066406 0.085938 0.085938
0 0.722168 0.169922 0.084961 0.085938
0 0.724609 0.299805 0.085938 0.085938
0 0.927734 0.057129 0.109375 0.110352
0 0.925781 0.848633 0.085938 0.085938
0 0.818359 0.786133 0.097656 0.097656
0 0.821289 0.899414 0.097656 0.097656
0 0.718750 0.738281 0.085938 0.085938
0 0.720215 0.836914 0.084961 0.085938
0 0.722656 0.951172 0.085938 0.085938
0 0.624512 0.779297 0.084961 0.085938
0 0.620605 0.881836 0.084961 0.085938
0 0.527344 0.936523 0.097656 0.097656
0 0.438477 0.873047 0.085938 0.085938
0 0.242188 0.777832 0.097656 0.098633
0 0.149414 0.729492 0.097656 0.097656
0 0.151367 0.825684 0.097656 0.098633
0 0.146484 0.942871 0.109375 0.110352
0 0.051758 0.771973 0.097656 0.098633
0 0.058594 0.877441 0.097656 0.098633
0 0.917969 0.727051 0.097656 0.098633
0 0.921875 0.614258 0.097656 0.097656
0 0.916504 0.507812 0.084961 0.085938
0 0.919434 0.399414 0.110352 0.111328
0 0.828125 0.448242 0.097656 0.097656
0 0.819336 0.551758 0.097656 0.097656
0 0.812500 0.669434 0.097656 0.098633
0 0.720215 0.641602 0.084961 0.085938
0 0.539551 0.393555 0.084961 0.085938
0 0.526855 0.501465 0.110352 0.110352
0 0.431641 0.439941 0.109375 0.110352
0 0.431641 0.555176 0.097656 0.098633
0 0.357422 0.375488 0.085938 0.086914
0 0.358398 0.474121 0.097656 0.098633
0 0.353027 0.595703 0.084961 0.085938
0 0.250977 0.648438 0.097656 0.097656
0 0.245117 0.541504 0.097656 0.098633
0 0.245117 0.455566 0.097656 0.098633
0 0.151367 0.389160 0.097656 0.098633
0 0.150391 0.496582 0.109375 0.110352
0 0.149414 0.608398 0.097656 0.097656
0 0.063477 0.652344 0.097656 0.097656
0 0.055664 0.437500 0.097656 0.097656
0 0.060547 0.550781 0.097656 0.097656