0 0.045410 0.615234 0.073242 0.074219
0 0.818359 0.741699 0.109375 0.110352
0 0.145508 0.119629 0.109375 0.110352
0 0.247559 0.071777 0.110352 0.110352
0 0.338379 0.129395 0.110352 0.110352
0 0.431641 0.069336 0.109375 0.111328
0 0.532227 0.128906 0.109375 0.111328
0 0.622559 0.070801 0.110352 0.110352
0 0.625977 0.180664 0.097656 0.097656
0 0.426758 0.175293 0.109375 0.110352
1 0.907227 0.463867 0.085938 0.085938
0 0.908203 0.577148 0.097656 0.097656
0 0.903809 0.682129 0.110352 0.110352
0 0.904297 0.791504 0.097656 0.098633
0 0.818848 0.400391 0.110352 0.111328
0 0.816895 0.513672 0.110352 0.111328
0 0.816406 0.625977 0.097656 0.097656
0 0.820801 0.847168 0.073242 0.073242
0 0.719238 0.352539 0.110352 0.111328
0 0.718750 0.456055 0.109375 0.111328
0 0.715820 0.577637 0.109375 0.110352
0 0.717773 0.685059 0.097656 0.098633
0 0.721680 0.789551 0.097656 0.098633
0 0.621094 0.403809 0.109375 0.110352
0 0.625977 0.512207 0.097656 0.098633
0 0.626953 0.622559 0.097656 0.098633
0 0.626953 0.729004 0.097656 0.098633
0 0.629395 0.841309 0.073242 0.073242
0 0.624023 0.292969 0.109375 0.111328
0 0.527344 0.350098 0.109375 0.110352
0 0.523926 0.454102 0.084961 0.085938
0 0.528320 0.556152 0.097656 0.098633
0 0.530273 0.679199 0.097656 0.098633
0 0.530273 0.788574 0.097656 0.098633
0 0.431152 0.292480 0.110352 0.110352
0 0.430176 0.395020 0.110352 0.110352
0 0.438477 0.507324 0.097656 0.098633
0 0.432617 0.612793 0.097656 0.098633
0 0.433594 0.731934 0.097656 0.098633
0 0.437988 0.833984 0.073242 0.074219
0 0.335449 0.345215 0.110352 0.110352
0 0.340820 0.449707 0.109375 0.110352
0 0.341797 0.562988 0.097656 0.098633
0 0.340820 0.677246 0.097656 0.098633
0 0.340820 0.782227 0.085938 0.085938
0 0.239258 0.291504 0.085938 0.086914
0 0.241211 0.399902 0.109375 0.110352
0 0.242188 0.506348 0.097656 0.098633
0 0.241211 0.619629 0.097656 0.098633
0 0.247559 0.723633 0.084961 0.085938
0 0.244141 0.831055 0.097656 0.097656
0 0.142578 0.340332 0.109375 0.110352
0 0.147461 0.451660 0.097656 0.098633
0 0.144043 0.558594 0.084961 0.085938
0 0.145996 0.667969 0.084961 0.085938
0 0.152344 0.782227 0.097656 0.097656
0 0.045410 0.392578 0.084961 0.085938
0 0.051270 0.508789 0.084961 0.085938
0 0.052246 0.721680 0.073242 0.074219
0 0.047852 0.825684 0.060547 0.061523
0 0.529297 0.237793 0.109375 0.110352
0 0.337402 0.235352 0.084961 0.085938
0 0.240234 0.172363 0.109375 0.110352
0 0.146484 0.229980 0.109375 0.110352