0 0.083496 0.808105 0.073242 0.073242
0 0.920898 0.877441 0.097656 0.098633
0 0.934082 0.416016 0.110352 0.111328
0 0.925781 0.516113 0.109375 0.110352
0 0.925781 0.660645 0.109375 0.110352
0 0.921875 0.750488 0.097656 0.098633
0 0.816406 0.474121 0.109375 0.110352
0 0.825195 0.702148 0.097656 0.097656
0 0.826172 0.808594 0.097656 0.097656
0 0.826172 0.921875 0.097656 0.097656
0 0.727539 0.431152 0.097656 0.098633
0 0.662109 0.665527 0.048828 0.049805
0 0.727051 0.524902 0.110352 0.110352
0 0.730469 0.882812 0.097656 0.097656
0 0.634766 0.917480 0.109375 0.110352
0 0.546875 0.854004 0.097656 0.098633
1 0.448730 0.931641 0.084961 0.085938
0 0.453125 0.465820 0.085938 0.085938
0 0.455078 0.562500 0.097656 0.097656
0 0.353516 0.420410 0.109375 0.110352
0 0.446289 0.809570 0.097656 0.097656
0 0.353027 0.765625 0.084961 0.085938
0 0.347656 0.873535 0.097656 0.098633
0 0.262695 0.916016 0.109375 0.111328
0 0.253906 0.814941 0.109375 0.110352
0 0.264160 0.689941 0.110352 0.110352
0 0.256836 0.485352 0.097656 0.097656
0 0.168945 0.420410 0.109375 0.110352
0 0.160645 0.761230 0.110352 0.110352
0 0.170898 0.874023 0.085938 0.085938
0 0.071777 0.477539 0.110352 0.111328
0 0.078125 0.686523 0.085938 0.085938
0 0.079102 0.932617 0.097656 0.097656
0 0.935547 0.104980 0.109375 0.110352
0 0.939453 0.216309 0.109375 0.110352
0 0.925293 0.323242 0.110352 0.111328
0 0.824219 0.366211 0.109375 0.111328
0 0.825684 0.260742 0.110352 0.111328
0 0.825684 0.144531 0.084961 0.085938
0 0.648926 0.048828 0.084961 0.085938
0 0.547852 0.402344 0.085938 0.085938
0 0.450684 0.358887 0.110352 0.110352
0 0.455078 0.253906 0.097656 0.097656
0 0.458984 0.160156 0.097656 0.097656
0 0.648438 0.149902 0.097656 0.098633
0 0.542969 0.209473 0.097656 0.098633
0 0.545410 0.312500 0.084961 0.085938
0 0.458984 0.059570 0.085938 0.085938
0 0.540527 0.096680 0.084961 0.085938
0 0.354004 0.101562 0.110352 0.111328
0 0.357910 0.196777 0.110352 0.110352
0 0.364258 0.321289 0.109375 0.111328
0 0.267578 0.261230 0.109375 0.110352
0 0.267578 0.154785 0.109375 0.110352
0 0.168945 0.104980 0.097656 0.098633
0 0.167969 0.208008 0.097656 0.097656
0 0.076172 0.230469 0.085938 0.085938
0 0.073730 0.123047 0.084961 0.085938
0 0.072266 0.379395 0.097656 0.098633
0 0.746094 0.313965 0.097656 0.098633