0 0.397949 0.607422 0.073242 0.074219
0 0.118652 0.360840 0.073242 0.073242
0 0.503418 0.911621 0.073242 0.073242
0 0.211426 0.834473 0.073242 0.073242
0 0.400879 0.960938 0.073242 0.074219
0 0.504883 0.708984 0.085938 0.085938
1 0.303711 0.445801 0.085938 0.086914
0 0.303711 0.334961 0.085938 0.085938
0 0.210449 0.389648 0.073242 0.074219
0 0.214355 0.495117 0.073242 0.074219
0 0.114746 0.458984 0.084961 0.085938
0 0.113281 0.558594 0.097656 0.097656
0 0.116211 0.693848 0.097656 0.098633
0 0.114258 0.782715 0.097656 0.098633
0 0.105469 0.899902 0.109375 0.110352
0 0.210449 0.729492 0.084961 0.085938
0 0.205078 0.594238 0.097656 0.098633
0 0.302246 0.651367 0.084961 0.085938
0 0.301758 0.782715 0.097656 0.098633
0 0.302734 0.898438 0.097656 0.097656
0 0.400391 0.841309 0.109375 0.110352
0 0.396484 0.723145 0.097656 0.098633
0 0.683594 0.795898 0.048828 0.048828
0 0.683105 0.897461 0.084961 0.085938
0 0.865723 0.900391 0.084961 0.085938
0 0.866211 0.357910 0.097656 0.098633
0 0.773438 0.309570 0.097656 0.097656
0 0.775391 0.405762 0.097656 0.098633
0 0.770508 0.522949 0.109375 0.110352
0 0.767578 0.628418 0.109375 0.110352
0 0.675781 0.352051 0.097656 0.098633
0 0.682617 0.457520 0.097656 0.098633
0 0.677246 0.569824 0.110352 0.110352
0 0.674316 0.684082 0.110352 0.110352
0 0.583008 0.627930 0.109375 0.111328
0 0.591797 0.494141 0.097656 0.097656
0 0.586914 0.392578 0.109375 0.111328
0 0.491211 0.345703 0.109375 0.111328
0 0.496582 0.453613 0.110352 0.110352
0 0.493652 0.598145 0.110352 0.110352
0 0.587891 0.734863 0.109375 0.110352
0 0.587891 0.842773 0.085938 0.085938
0 0.396973 0.401367 0.084961 0.085938
0 0.875000 0.228516 0.097656 0.097656
0 0.869141 0.121582 0.097656 0.098633
0 0.774414 0.076660 0.109375 0.110352
0 0.773438 0.188477 0.097656 0.097656
0 0.687500 0.232422 0.097656 0.097656
0 0.684570 0.130859 0.097656 0.097656
0 0.592773 0.082031 0.097656 0.097656
0 0.584961 0.192383 0.097656 0.097656
0 0.584473 0.293457 0.110352 0.110352
0 0.496094 0.242676 0.097656 0.098633
0 0.493652 0.130371 0.110352 0.110352
1 0.402344 0.072266 0.085938 0.085938
0 0.305664 0.139160 0.097656 0.098633
0 0.305176 0.233887 0.084961 0.086914
0 0.216309 0.305664 0.084961 0.085938
0 0.210449 0.182129 0.110352 0.110352
0 0.211426 0.072754 0.110352 0.110352
0 0.114258 0.131348 0.097656 0.098633
0 0.113281 0.235352 0.085938 0.085938
0 0.402344 0.194824 0.109375 0.110352
0 0.397461 0.285645 0.109375 0.110352