0 0.940918 0.601074 0.110352 0.110352
0 0.946289 0.720703 0.097656 0.097656
0 0.948242 0.833984 0.097656 0.097656
0 0.945801 0.936523 0.084961 0.085938
1 0.384277 0.491211 0.073242 0.074219
1 0.382812 0.610840 0.060547 0.061523
0 0.856934 0.559082 0.096680 0.098633
0 0.862305 0.658203 0.097656 0.097656
0 0.851562 0.775391 0.085938 0.085938
0 0.852539 0.885742 0.085938 0.085938
0 0.756836 0.942871 0.097656 0.098633
0 0.766113 0.845703 0.084961 0.085938
0 0.759766 0.733398 0.085938 0.085938
0 0.758789 0.606445 0.085938 0.085938
0 0.758789 0.501953 0.097656 0.097656
0 0.668457 0.547363 0.110352 0.110352
0 0.665527 0.663086 0.110352 0.111328
0 0.665039 0.773926 0.097656 0.098633
0 0.665527 0.876465 0.110352 0.110352
0 0.567383 0.497559 0.097656 0.098633
0 0.572754 0.613770 0.110352 0.110352
0 0.580078 0.715332 0.097656 0.098633
0 0.569824 0.833496 0.084961 0.086914
0 0.573730 0.945312 0.084961 0.085938
0 0.477051 0.549805 0.110352 0.111328
0 0.483398 0.657715 0.097656 0.098633
0 0.475098 0.898438 0.084961 0.085938
0 0.396484 0.734375 0.085938 0.085938
0 0.388672 0.814941 0.109375 0.110352
0 0.386230 0.933594 0.110352 0.111328
0 0.288086 0.579590 0.097656 0.098633
0 0.291016 0.651367 0.085938 0.085938
0 0.285645 0.765625 0.110352 0.111328
0 0.278809 0.890137 0.110352 0.110352
0 0.184570 0.494629 0.097656 0.098633
0 0.191406 0.607910 0.097656 0.098633
0 0.188477 0.721191 0.085938 0.086914
0 0.191406 0.826660 0.097656 0.098633
0 0.193359 0.940918 0.097656 0.098633
0 0.099609 0.549316 0.097656 0.098633
0 0.095703 0.661133 0.097656 0.097656
0 0.095703 0.763672 0.085938 0.085938
0 0.096680 0.874512 0.097656 0.098633
0 0.950195 0.488770 0.097656 0.098633
0 0.863281 0.108887 0.097656 0.098633
0 0.856445 0.220703 0.097656 0.097656
0 0.858887 0.335449 0.110352 0.110352
0 0.857422 0.455078 0.109375 0.111328
1 0.477539 0.124023 0.085938 0.085938
1 0.100098 0.317871 0.061523 0.061523
0 0.192871 0.387695 0.084961 0.085938
0 0.290039 0.346680 0.085938 0.085938
0 0.290039 0.436523 0.085938 0.085938
0 0.385742 0.377930 0.085938 0.085938
0 0.393555 0.291016 0.085938 0.085938
0 0.668945 0.115234 0.085938 0.085938
0 0.666504 0.219238 0.110352 0.110352
0 0.667480 0.339355 0.110352 0.110352
0 0.668945 0.440430 0.097656 0.097656
0 0.764648 0.398926 0.097656 0.098633
0 0.768555 0.287109 0.097656 0.097656
0 0.767578 0.166016 0.097656 0.097656
0 0.760742 0.054199 0.085938 0.086914
0 0.573242 0.163574 0.097656 0.098633
0 0.573242 0.270996 0.097656 0.098633
0 0.566406 0.391113 0.097656 0.098633
0 0.476074 0.436523 0.084961 0.085938
0 0.473633 0.224121 0.097656 0.098633
0 0.472656 0.329590 0.097656 0.098633
0 0.289062 0.112305 0.109375 0.111328
0 0.193359 0.167969 0.109375 0.111328
0 0.201172 0.059082 0.109375 0.110352
0 0.105469 0.107910 0.097656 0.098633
0 0.105469 0.191406 0.097656 0.097656
0 0.098633 0.436035 0.109375 0.110352