0 0.141113 0.513672 0.073242 0.074219
0 0.717773 0.062500 0.109375 0.111328
0 0.903809 0.076660 0.110352 0.110352
0 0.908691 0.187988 0.110352 0.110352
0 0.909180 0.299805 0.109375 0.111328
0 0.908203 0.400391 0.097656 0.097656
0 0.911133 0.520020 0.109375 0.110352
0 0.811523 0.138672 0.097656 0.097656
0 0.816406 0.250000 0.097656 0.097656
0 0.812500 0.360840 0.109375 0.110352
0 0.816406 0.468262 0.109375 0.110352
0 0.716797 0.183594 0.109375 0.111328
0 0.721680 0.292969 0.097656 0.097656
0 0.720215 0.401855 0.110352 0.110352
0 0.717285 0.511230 0.110352 0.110352
0 0.626465 0.125977 0.110352 0.111328
0 0.623535 0.235840 0.110352 0.110352
0 0.628418 0.352051 0.110352 0.110352
0 0.621582 0.461426 0.110352 0.110352
0 0.525879 0.070801 0.110352 0.110352
0 0.527832 0.189941 0.110352 0.110352
0 0.528320 0.293457 0.109375 0.110352
0 0.526367 0.403809 0.109375 0.110352
0 0.523438 0.514160 0.097656 0.098633
0 0.435547 0.128418 0.109375 0.110352
0 0.432617 0.236816 0.109375 0.110352
0 0.433594 0.350098 0.097656 0.098633
0 0.438477 0.453613 0.097656 0.098633
0 0.337891 0.073730 0.109375 0.110352
0 0.340820 0.186035 0.109375 0.110352
0 0.337402 0.289551 0.110352 0.110352
0 0.337402 0.402832 0.110352 0.110352
0 0.335449 0.512207 0.110352 0.110352
0 0.241211 0.125488 0.097656 0.098633
0 0.238281 0.235840 0.097656 0.098633
0 0.240234 0.346191 0.097656 0.098633
0 0.241211 0.458984 0.097656 0.097656
0 0.241211 0.560547 0.097656 0.097656
0 0.150391 0.065918 0.097656 0.098633
0 0.147461 0.186035 0.109375 0.110352
0 0.143555 0.294434 0.097656 0.098633
0 0.141602 0.396484 0.097656 0.097656
0 0.050293 0.455078 0.084961 0.085938
0 0.048828 0.680664 0.085938 0.085938
0 0.048340 0.783203 0.084961 0.085938
0 0.147461 0.622070 0.085938 0.085938
0 0.145508 0.732910 0.097656 0.098633
0 0.140625 0.854980 0.097656 0.098633
0 0.244141 0.684082 0.097656 0.098633
0 0.235352 0.793945 0.085938 0.085938
0 0.237305 0.901855 0.097656 0.098633
0 0.336426 0.622559 0.110352 0.110352
0 0.342285 0.732910 0.110352 0.110352
0 0.342285 0.844238 0.110352 0.110352
0 0.425781 0.569824 0.109375 0.110352
0 0.428711 0.683105 0.109375 0.110352
0 0.430176 0.786621 0.110352 0.110352
0 0.432129 0.909668 0.110352 0.110352
0 0.525391 0.628418 0.109375 0.110352
0 0.531250 0.737793 0.109375 0.110352
0 0.525391 0.847168 0.109375 0.110352
0 0.615723 0.571289 0.110352 0.111328
0 0.620117 0.688477 0.097656 0.097656
0 0.622070 0.791504 0.109375 0.110352
0 0.625000 0.905762 0.097656 0.098633
0 0.718262 0.627930 0.110352 0.111328
0 0.718262 0.743164 0.110352 0.111328
0 0.714355 0.853027 0.110352 0.110352
0 0.810547 0.574707 0.109375 0.110352
0 0.816406 0.690430 0.109375 0.111328
0 0.814941 0.797852 0.110352 0.111328
0 0.815918 0.910156 0.110352 0.111328
0 0.910156 0.632324 0.097656 0.098633
0 0.906250 0.746582 0.109375 0.110352
0 0.906250 0.851562 0.109375 0.111328