0 0.941406 0.106934 0.109375 0.110352
0 0.948242 0.324707 0.048828 0.049805
0 0.852051 0.165527 0.110352 0.110352
0 0.854980 0.277832 0.110352 0.110352
0 0.854004 0.383789 0.084961 0.085938
0 0.752441 0.103027 0.110352 0.110352
0 0.757812 0.214355 0.097656 0.098633
0 0.665039 0.161621 0.109375 0.110352
0 0.664062 0.266113 0.109375 0.110352
0 0.665527 0.387695 0.073242 0.074219
0 0.572754 0.113770 0.110352 0.110352
0 0.566895 0.206543 0.110352 0.110352
0 0.568848 0.328125 0.110352 0.111328
0 0.479980 0.065918 0.110352 0.110352
0 0.477051 0.172852 0.110352 0.111328
0 0.478516 0.280273 0.097656 0.097656
0 0.480469 0.384277 0.060547 0.061523
0 0.375000 0.112305 0.109375 0.111328
0 0.374023 0.212891 0.097656 0.097656
0 0.376953 0.332520 0.109375 0.110352
0 0.282227 0.062500 0.097656 0.097656
0 0.278320 0.173340 0.109375 0.110352
0 0.282227 0.280762 0.109375 0.110352
0 0.187500 0.105469 0.097656 0.097656
0 0.186035 0.214355 0.110352 0.110352
0 0.183105 0.323730 0.110352 0.110352
0 0.094238 0.164551 0.110352 0.110352
0 0.087402 0.273926 0.110352 0.110352
0 0.081543 0.383789 0.110352 0.111328
0 0.085938 0.500977 0.097656 0.097656
0 0.087891 0.604004 0.109375 0.110352
0 0.090820 0.718262 0.097656 0.098633
0 0.084961 0.828613 0.109375 0.110352
0 0.184082 0.440430 0.110352 0.111328
0 0.184082 0.555664 0.110352 0.111328
0 0.180176 0.665527 0.110352 0.110352
0 0.187012 0.780762 0.110352 0.110352
0 0.276367 0.387207 0.109375 0.110352
0 0.282227 0.502930 0.109375 0.111328
0 0.280762 0.610352 0.110352 0.111328
0 0.281738 0.722656 0.110352 0.111328
0 0.277832 0.838379 0.110352 0.110352
0 0.375977 0.444824 0.097656 0.098633
0 0.372070 0.559082 0.109375 0.110352
0 0.372070 0.664062 0.109375 0.111328
0 0.371094 0.778320 0.109375 0.111328
0 0.469238 0.490723 0.110352 0.110352
0 0.466309 0.609863 0.110352 0.110352
0 0.468750 0.720703 0.097656 0.097656
0 0.471680 0.837891 0.109375 0.111328
0 0.562988 0.448730 0.110352 0.110352
0 0.566895 0.550293 0.110352 0.110352
0 0.566895 0.670410 0.110352 0.110352
0 0.562012 0.779785 0.110352 0.110352
0 0.565430 0.889648 0.097656 0.097656
0 0.366211 0.884277 0.109375 0.110352
0 0.663086 0.491699 0.085938 0.086914
0 0.749512 0.437012 0.073242 0.073242
0 0.854980 0.485840 0.110352 0.110352
0 0.276855 0.944336 0.084961 0.085938
0 0.179688 0.881348 0.109375 0.110352
0 0.085938 0.938965 0.109375 0.110352