0 0.944336 0.539551 0.097656 0.098633
0 0.943359 0.099121 0.097656 0.098633
0 0.942871 0.217285 0.110352 0.110352
0 0.844727 0.155762 0.085938 0.086914
0 0.846680 0.269043 0.097656 0.098633
0 0.749023 0.100098 0.097656 0.098633
0 0.750977 0.215332 0.097656 0.098633
0 0.660156 0.050293 0.097656 0.098633
0 0.668457 0.151855 0.061523 0.061523
0 0.565430 0.214355 0.109375 0.110352
0 0.560059 0.105469 0.036133 0.037109
0 0.379395 0.211914 0.110352 0.111328
0 0.293457 0.152344 0.110352 0.111328
0 0.191406 0.097168 0.109375 0.110352
0 0.198242 0.208496 0.109375 0.110352
0 0.091797 0.145508 0.085938 0.085938
0 0.096680 0.259766 0.085938 0.085938
0 0.099121 0.361816 0.110352 0.110352
0 0.097168 0.477051 0.110352 0.110352
0 0.091797 0.585449 0.097656 0.098633
0 0.094238 0.695312 0.084961 0.085938
0 0.094727 0.808594 0.097656 0.097656
0 0.193359 0.320801 0.109375 0.110352
0 0.195312 0.420410 0.109375 0.110352
0 0.185547 0.532715 0.097656 0.098633
0 0.190918 0.645020 0.110352 0.110352
0 0.183105 0.751465 0.110352 0.110352
0 0.273926 0.264160 0.110352 0.110352
0 0.282227 0.380371 0.109375 0.110352
0 0.283203 0.488770 0.109375 0.110352
0 0.283203 0.591309 0.097656 0.098633
0 0.288086 0.707520 0.109375 0.110352
0 0.374512 0.324707 0.110352 0.110352
0 0.378418 0.429199 0.110352 0.110352
0 0.375488 0.540527 0.110352 0.110352
0 0.374023 0.651855 0.109375 0.110352
0 0.375000 0.761230 0.109375 0.110352
0 0.466797 0.258789 0.109375 0.111328
0 0.470703 0.371094 0.109375 0.111328
0 0.468750 0.480957 0.097656 0.098633
0 0.476074 0.593262 0.110352 0.110352
0 0.468262 0.700684 0.110352 0.110352
0 0.563477 0.324219 0.109375 0.111328
0 0.560547 0.429688 0.109375 0.111328
0 0.562500 0.536133 0.097656 0.097656
0 0.561523 0.645020 0.109375 0.110352
0 0.561523 0.765137 0.097656 0.098633
0 0.659180 0.272949 0.097656 0.098633
0 0.653809 0.371094 0.110352 0.111328
0 0.658203 0.481445 0.109375 0.111328
0 0.655273 0.593750 0.109375 0.111328
0 0.657227 0.708496 0.109375 0.110352
0 0.755371 0.541016 0.110352 0.111328
0 0.757324 0.624023 0.073242 0.074219
0 0.747070 0.763672 0.097656 0.097656
0 0.846680 0.375488 0.109375 0.110352
0 0.846680 0.590820 0.097656 0.097656
0 0.843750 0.700195 0.097656 0.097656
0 0.936035 0.325684 0.110352 0.110352
0 0.940430 0.427246 0.109375 0.110352
0 0.942871 0.756836 0.110352 0.111328
0 0.941406 0.871094 0.097656 0.097656
0 0.843262 0.794922 0.110352 0.111328
0 0.853516 0.915527 0.097656 0.098633
0 0.753906 0.865723 0.097656 0.098633
0 0.656250 0.812012 0.097656 0.098633
0 0.657227 0.921387 0.097656 0.098633
0 0.566895 0.871582 0.110352 0.110352
0 0.470215 0.818848 0.110352 0.110352
0 0.471680 0.927246 0.109375 0.110352
0 0.376953 0.868652 0.109375 0.110352
0 0.285645 0.817871 0.110352 0.110352
0 0.276855 0.914551 0.110352 0.110352
0 0.187988 0.867676 0.110352 0.110352
0 0.091797 0.920898 0.109375 0.111328