0 0.188965 0.091797 0.110352 0.111328
0 0.377930 0.083496 0.109375 0.110352
0 0.563477 0.074707 0.097656 0.098633
0 0.669434 0.145996 0.110352 0.110352
0 0.761719 0.085449 0.109375 0.110352
0 0.858398 0.144531 0.085938 0.085938
0 0.954590 0.203613 0.061523 0.061523
0 0.949707 0.312012 0.061523 0.061523
0 0.861328 0.253418 0.109375 0.110352
0 0.855469 0.378906 0.085938 0.085938
0 0.855469 0.479004 0.109375 0.110352
0 0.857422 0.587402 0.097656 0.098633
0 0.763672 0.195801 0.109375 0.110352
0 0.760254 0.308105 0.110352 0.110352
0 0.764160 0.418457 0.110352 0.110352
0 0.765137 0.530762 0.110352 0.110352
0 0.667480 0.247559 0.110352 0.110352
0 0.669434 0.364746 0.110352 0.110352
0 0.669922 0.464355 0.109375 0.110352
0 0.665039 0.579102 0.109375 0.111328
0 0.768066 0.637695 0.110352 0.111328
0 0.569336 0.181152 0.097656 0.098633
0 0.578125 0.300293 0.109375 0.110352
0 0.577148 0.414062 0.109375 0.111328
0 0.573242 0.532227 0.109375 0.111328
0 0.476562 0.138184 0.109375 0.110352
0 0.474609 0.238281 0.097656 0.097656
0 0.475586 0.365234 0.097656 0.097656
0 0.482910 0.466797 0.110352 0.111328
0 0.475098 0.584473 0.110352 0.110352
0 0.377930 0.204102 0.109375 0.111328
0 0.372559 0.311523 0.084961 0.085938
0 0.376953 0.407227 0.097656 0.097656
0 0.379395 0.525391 0.084961 0.085938
0 0.282715 0.141602 0.110352 0.111328
0 0.276367 0.252930 0.097656 0.097656
0 0.272949 0.357422 0.084961 0.085938
0 0.277832 0.473145 0.110352 0.110352
0 0.280273 0.583496 0.109375 0.110352
0 0.185547 0.207031 0.097656 0.097656
0 0.187500 0.318359 0.085938 0.085938
0 0.186523 0.431152 0.109375 0.110352
0 0.182617 0.530762 0.097656 0.098633
0 0.093750 0.139160 0.097656 0.098633
0 0.094727 0.252441 0.097656 0.098633
0 0.091797 0.365234 0.085938 0.085938
0 0.090820 0.465332 0.097656 0.098633
0 0.091309 0.589355 0.110352 0.110352
0 0.090332 0.687988 0.110352 0.110352
0 0.087891 0.810059 0.097656 0.098633
0 0.089355 0.916992 0.110352 0.111328
0 0.183594 0.639160 0.097656 0.098633
0 0.180664 0.755371 0.109375 0.110352
0 0.179688 0.867676 0.109375 0.110352
0 0.278320 0.695801 0.109375 0.110352
0 0.277344 0.808105 0.109375 0.110352
0 0.280273 0.916504 0.109375 0.110352
0 0.377930 0.633301 0.097656 0.098633
0 0.367188 0.755371 0.097656 0.098633
0 0.375977 0.872559 0.097656 0.098633
0 0.474121 0.696777 0.110352 0.110352
0 0.477051 0.800293 0.110352 0.110352
0 0.484863 0.909668 0.084961 0.086914
0 0.568359 0.644043 0.109375 0.110352
0 0.573242 0.745605 0.109375 0.110352
0 0.574219 0.860840 0.109375 0.110352
0 0.655762 0.688477 0.110352 0.111328
0 0.666992 0.803223 0.109375 0.110352
0 0.667969 0.915527 0.109375 0.110352
0 0.760254 0.752930 0.110352 0.111328
0 0.756348 0.862793 0.110352 0.110352
0 0.860352 0.689453 0.097656 0.097656
0 0.855957 0.804688 0.110352 0.111328
0 0.853027 0.913086 0.110352 0.111328