0 0.346191 0.841797 0.073242 0.074219
0 0.916504 0.612793 0.073242 0.073242
0 0.823730 0.685547 0.073242 0.074219
0 0.914062 0.511230 0.097656 0.098633
0 0.921875 0.740234 0.097656 0.097656
0 0.827148 0.455078 0.097656 0.097656
0 0.818359 0.563477 0.085938 0.085938
0 0.830078 0.791992 0.097656 0.097656
0 0.731445 0.753906 0.085938 0.085938
0 0.733887 0.846191 0.110352 0.110352
0 0.640625 0.454590 0.097656 0.098633
1 0.633789 0.569336 0.085938 0.085938
0 0.636230 0.674805 0.084961 0.085938
0 0.637207 0.791504 0.110352 0.110352
0 0.641113 0.899902 0.110352 0.110352
0 0.544922 0.420898 0.097656 0.097656
0 0.549805 0.512207 0.097656 0.098633
0 0.535156 0.616211 0.097656 0.097656
0 0.536133 0.743652 0.097656 0.098633
0 0.531250 0.853027 0.097656 0.098633
0 0.451660 0.467773 0.110352 0.111328
0 0.455566 0.592773 0.122070 0.123047
0 0.448730 0.698242 0.084961 0.085938
0 0.431641 0.815430 0.085938 0.085938
0 0.434082 0.900879 0.084961 0.086914
0 0.355957 0.416504 0.110352 0.110352
0 0.359863 0.525879 0.110352 0.110352
0 0.357422 0.638184 0.097656 0.098633
0 0.359375 0.736816 0.097656 0.098633
0 0.267578 0.823730 0.060547 0.061523
0 0.267090 0.926758 0.073242 0.074219
0 0.261719 0.482910 0.109375 0.110352
0 0.269043 0.579590 0.110352 0.110352
0 0.266602 0.694824 0.109375 0.110352
0 0.170898 0.421875 0.085938 0.085938
0 0.166016 0.532715 0.109375 0.110352
0 0.168457 0.639160 0.110352 0.110352
0 0.167969 0.739258 0.109375 0.111328
0 0.156250 0.881348 0.097656 0.098633
0 0.072266 0.929199 0.097656 0.098633
0 0.086914 0.814453 0.085938 0.085938
0 0.072754 0.471191 0.084961 0.086914
0 0.079102 0.575195 0.097656 0.097656
0 0.072266 0.706543 0.097656 0.098633
0 0.826660 0.137695 0.084961 0.085938
0 0.934082 0.154297 0.084961 0.085938
0 0.930176 0.071289 0.084961 0.085938
0 0.919434 0.410645 0.110352 0.110352
0 0.825195 0.342773 0.097656 0.097656
0 0.732422 0.077637 0.097656 0.098633
0 0.733398 0.190918 0.097656 0.098633
0 0.640625 0.135742 0.085938 0.085938
0 0.637695 0.245117 0.097656 0.097656
0 0.632812 0.343750 0.085938 0.085938
0 0.548828 0.092773 0.097656 0.097656
0 0.548828 0.190430 0.109375 0.111328
0 0.543457 0.302246 0.110352 0.110352
0 0.449707 0.162109 0.084961 0.085938
0 0.454590 0.264648 0.084961 0.085938
0 0.360352 0.310059 0.097656 0.098633
0 0.354980 0.203125 0.110352 0.111328
0 0.361328 0.092773 0.097656 0.097656
0 0.273926 0.149902 0.110352 0.110352
0 0.268555 0.252441 0.109375 0.110352
0 0.175293 0.304199 0.110352 0.110352
0 0.268555 0.368164 0.085938 0.085938
0 0.180664 0.210938 0.109375 0.111328
0 0.167969 0.087402 0.109375 0.110352
0 0.076172 0.129883 0.085938 0.085938
0 0.081055 0.250000 0.085938 0.085938
0 0.079590 0.356445 0.084961 0.085938
0 0.458496 0.375488 0.110352 0.110352
0 0.350586 0.945801 0.097656 0.098633