0 0.566895 0.544922 0.073242 0.074219
0 0.930664 0.923828 0.085938 0.085938
0 0.841797 0.838379 0.109375 0.110352
0 0.840332 0.946289 0.084961 0.085938
0 0.747070 0.891602 0.085938 0.085938
0 0.657227 0.825195 0.097656 0.097656
0 0.561035 0.888672 0.084961 0.085938
0 0.468262 0.828613 0.110352 0.110352
0 0.378906 0.875488 0.109375 0.110352
0 0.269043 0.832520 0.110352 0.110352
0 0.266602 0.935059 0.109375 0.110352
0 0.186523 0.884277 0.109375 0.110352
0 0.094727 0.936523 0.085938 0.085938
0 0.943359 0.117676 0.109375 0.110352
0 0.944336 0.230469 0.109375 0.111328
0 0.947266 0.445312 0.097656 0.097656
0 0.937500 0.557129 0.097656 0.098633
0 0.938965 0.664062 0.084961 0.085938
0 0.935059 0.777344 0.084961 0.085938
0 0.840820 0.195312 0.097656 0.097656
0 0.843750 0.287598 0.109375 0.110352
0 0.842285 0.389160 0.110352 0.110352
0 0.846191 0.503418 0.110352 0.110352
0 0.839355 0.616699 0.110352 0.110352
0 0.845703 0.727051 0.109375 0.110352
0 0.757812 0.779297 0.109375 0.111328
0 0.749023 0.660645 0.109375 0.110352
0 0.745117 0.554199 0.109375 0.110352
0 0.753906 0.455566 0.097656 0.098633
0 0.754395 0.337402 0.110352 0.110352
0 0.759766 0.224121 0.097656 0.098633
0 0.660156 0.170410 0.109375 0.110352
0 0.653809 0.286133 0.110352 0.111328
0 0.661133 0.396973 0.109375 0.110352
0 0.660156 0.496582 0.109375 0.110352
0 0.661133 0.612793 0.109375 0.110352
0 0.650391 0.730957 0.109375 0.110352
0 0.563965 0.779297 0.084961 0.085938
0 0.563965 0.658203 0.084961 0.085938
0 0.574707 0.430664 0.084961 0.085938
0 0.569336 0.335449 0.097656 0.098633
0 0.568359 0.222168 0.109375 0.110352
0 0.466309 0.171387 0.110352 0.110352
0 0.471680 0.280762 0.109375 0.110352
0 0.475098 0.395020 0.110352 0.110352
0 0.469727 0.498047 0.109375 0.111328
0 0.460938 0.604980 0.109375 0.110352
0 0.465820 0.712402 0.109375 0.110352
0 0.370117 0.766113 0.109375 0.110352
0 0.369141 0.677246 0.109375 0.110352
0 0.371582 0.571777 0.110352 0.110352
0 0.378418 0.439453 0.110352 0.111328
0 0.378418 0.331543 0.110352 0.110352
0 0.277832 0.172363 0.110352 0.110352
0 0.376953 0.218262 0.109375 0.110352
0 0.276367 0.281738 0.097656 0.098633
0 0.284180 0.383301 0.097656 0.098633
0 0.279785 0.499512 0.110352 0.110352
0 0.280273 0.614746 0.097656 0.098633
0 0.278320 0.723145 0.109375 0.110352
0 0.185547 0.769531 0.109375 0.111328
0 0.178711 0.657715 0.097656 0.098633
0 0.187988 0.560059 0.110352 0.110352
0 0.189453 0.445801 0.097656 0.098633
0 0.186035 0.323730 0.110352 0.110352
0 0.187012 0.226074 0.110352 0.110352
0 0.088867 0.181641 0.085938 0.085938
0 0.092773 0.291016 0.085938 0.085938
0 0.094238 0.385742 0.084961 0.085938
0 0.095215 0.501953 0.084961 0.085938
0 0.097656 0.609375 0.085938 0.085938
0 0.102539 0.726562 0.085938 0.085938
0 0.097168 0.829102 0.084961 0.085938
0 0.847656 0.060059 0.097656 0.098633
0 0.749023 0.108887 0.097656 0.098633
0 0.660156 0.059082 0.097656 0.098633
0 0.559570 0.119629 0.097656 0.098633
0 0.470703 0.075684 0.097656 0.098633
0 0.373047 0.109863 0.097656 0.098633
0 0.287109 0.059082 0.109375 0.110352
0 0.186523 0.104492 0.085938 0.085938
0 0.095215 0.059570 0.084961 0.085938