0 0.950195 0.305176 0.097656 0.098633
0 0.950684 0.871094 0.084961 0.085938
0 0.857422 0.263184 0.109375 0.110352
0 0.854492 0.351562 0.097656 0.097656
0 0.859863 0.437500 0.110352 0.111328
0 0.864746 0.552246 0.110352 0.110352
0 0.846680 0.682129 0.109375 0.110352
0 0.854004 0.805664 0.110352 0.111328
0 0.764648 0.854980 0.109375 0.110352
0 0.753418 0.747070 0.110352 0.111328
0 0.759766 0.633789 0.109375 0.111328
0 0.765625 0.534668 0.097656 0.098633
0 0.778809 0.073242 0.110352 0.111328
0 0.770508 0.173340 0.109375 0.110352
0 0.770508 0.317871 0.109375 0.110352
0 0.766602 0.407715 0.097656 0.098633
0 0.661133 0.131348 0.109375 0.110352
0 0.669922 0.359375 0.097656 0.097656
0 0.670898 0.465820 0.097656 0.097656
0 0.670898 0.579102 0.097656 0.097656
0 0.666992 0.692383 0.097656 0.097656
0 0.572266 0.088379 0.097656 0.098633
0 0.506836 0.322754 0.048828 0.049805
0 0.571777 0.182129 0.110352 0.110352
0 0.575195 0.540039 0.097656 0.097656
0 0.572754 0.629395 0.110352 0.110352
0 0.572266 0.750488 0.097656 0.098633
0 0.573730 0.845703 0.110352 0.111328
0 0.658691 0.798828 0.110352 0.111328
0 0.475586 0.793457 0.097656 0.098633
0 0.479492 0.673828 0.085938 0.085938
0 0.479492 0.574707 0.109375 0.110352
0 0.391602 0.511230 0.097656 0.098633
0 0.404297 0.655762 0.109375 0.110352
0 0.391602 0.751465 0.109375 0.110352
0 0.376953 0.854492 0.097656 0.097656
0 0.295898 0.805176 0.109375 0.110352
0 0.291992 0.687012 0.109375 0.110352
1 0.293457 0.588867 0.084961 0.085938
0 0.297852 0.123047 0.085938 0.085938
0 0.299805 0.219727 0.097656 0.097656
0 0.198242 0.077637 0.109375 0.110352
0 0.291016 0.466797 0.097656 0.097656
0 0.197754 0.422852 0.084961 0.085938
0 0.192383 0.530762 0.097656 0.098633
0 0.192383 0.631836 0.097656 0.097656
0 0.192383 0.747559 0.109375 0.110352
0 0.193848 0.845215 0.110352 0.110352
0 0.095703 0.803223 0.109375 0.110352
0 0.096680 0.688965 0.097656 0.098633
0 0.107422 0.573242 0.109375 0.111328
0 0.098633 0.472168 0.109375 0.110352
0 0.108887 0.347168 0.110352 0.110352
0 0.101562 0.142578 0.097656 0.097656
0 0.392578 0.059570 0.085938 0.085938