1 0.810059 0.885254 0.061523 0.061523
0 0.902832 0.955078 0.084961 0.085938
0 0.903320 0.735352 0.109375 0.111328
0 0.911133 0.626465 0.109375 0.110352
0 0.911133 0.502441 0.109375 0.110352
0 0.911621 0.410156 0.110352 0.111328
0 0.917969 0.282715 0.109375 0.110352
0 0.808105 0.239746 0.110352 0.110352
0 0.805664 0.342285 0.109375 0.110352
0 0.813477 0.459473 0.097656 0.098633
0 0.813477 0.568848 0.097656 0.098633
0 0.815430 0.675293 0.097656 0.098633
0 0.815430 0.758789 0.097656 0.097656
0 0.712891 0.713379 0.097656 0.098633
0 0.725586 0.291504 0.109375 0.110352
0 0.722656 0.428223 0.109375 0.110352
0 0.714844 0.509766 0.085938 0.085938
0 0.722656 0.611816 0.109375 0.110352
0 0.633789 0.343750 0.085938 0.085938
0 0.623047 0.438477 0.109375 0.111328
0 0.620605 0.537598 0.110352 0.110352
0 0.633301 0.651855 0.110352 0.110352
0 0.529785 0.600098 0.110352 0.110352
0 0.530273 0.515137 0.097656 0.098633
0 0.534180 0.404785 0.097656 0.098633
0 0.538086 0.294434 0.109375 0.110352
0 0.437500 0.243164 0.109375 0.111328
0 0.437012 0.347168 0.110352 0.110352
0 0.437012 0.463379 0.110352 0.110352
0 0.429199 0.574707 0.110352 0.110352
0 0.719727 0.938477 0.085938 0.085938
0 0.627930 0.901855 0.109375 0.110352
0 0.621094 0.827637 0.097656 0.098633
0 0.529785 0.862793 0.110352 0.110352
0 0.142578 0.729492 0.097656 0.097656
0 0.342773 0.291504 0.109375 0.110352
0 0.336426 0.405762 0.110352 0.110352
0 0.338867 0.516113 0.097656 0.098633
0 0.336426 0.629395 0.073242 0.073242
0 0.243164 0.333008 0.085938 0.085938
0 0.238281 0.449707 0.097656 0.098633
0 0.237793 0.570801 0.110352 0.110352
0 0.239258 0.684082 0.109375 0.110352
0 0.142578 0.288086 0.085938 0.085938
0 0.146484 0.408203 0.097656 0.097656
0 0.139648 0.506836 0.097656 0.097656
0 0.147461 0.620117 0.109375 0.111328
1 0.051758 0.543457 0.097656 0.098633
0 0.909180 0.173340 0.109375 0.110352
0 0.908203 0.084473 0.109375 0.110352
0 0.817383 0.130371 0.109375 0.110352
0 0.724609 0.176758 0.109375 0.111328
0 0.717773 0.064941 0.097656 0.098633
0 0.641602 0.133789 0.085938 0.085938
0 0.636230 0.236328 0.084961 0.085938
0 0.533203 0.197754 0.109375 0.110352
0 0.532227 0.072754 0.097656 0.098633
0 0.446289 0.140137 0.097656 0.098633
0 0.348633 0.087891 0.109375 0.111328
0 0.344727 0.185547 0.097656 0.097656
0 0.246094 0.232422 0.085938 0.085938
0 0.250977 0.132324 0.097656 0.098633
0 0.145508 0.073730 0.097656 0.098633
0 0.150391 0.188965 0.109375 0.110352
0 0.058594 0.237305 0.109375 0.111328