0 0.941406 0.889160 0.109375 0.110352
0 0.843750 0.067871 0.097656 0.098633
0 0.652344 0.071289 0.109375 0.111328
0 0.468262 0.067871 0.110352 0.110352
0 0.275391 0.069824 0.109375 0.110352
0 0.085938 0.070801 0.109375 0.110352
0 0.086426 0.179199 0.110352 0.110352
0 0.083984 0.289551 0.109375 0.110352
0 0.082031 0.396973 0.109375 0.110352
0 0.083984 0.497070 0.109375 0.111328
0 0.177246 0.125488 0.110352 0.110352
0 0.180176 0.236816 0.110352 0.110352
0 0.181152 0.339355 0.110352 0.110352
0 0.176758 0.457520 0.097656 0.098633
0 0.269531 0.185059 0.109375 0.110352
0 0.274414 0.294434 0.097656 0.098633
0 0.272949 0.397949 0.110352 0.110352
0 0.375977 0.120605 0.097656 0.098633
0 0.372070 0.229004 0.097656 0.098633
0 0.378906 0.344238 0.109375 0.110352
0 0.380371 0.455566 0.110352 0.110352
0 0.469238 0.178223 0.110352 0.110352
0 0.470703 0.287598 0.109375 0.110352
0 0.468750 0.391113 0.109375 0.110352
0 0.566895 0.119141 0.110352 0.111328
0 0.562012 0.235840 0.110352 0.110352
0 0.563965 0.339355 0.110352 0.110352
0 0.558105 0.451660 0.110352 0.110352
0 0.660156 0.176758 0.109375 0.111328
0 0.657227 0.288574 0.109375 0.110352
0 0.655273 0.396973 0.097656 0.098633
0 0.657227 0.513184 0.097656 0.098633
0 0.751465 0.117676 0.110352 0.110352
0 0.750000 0.239258 0.085938 0.085938
0 0.750000 0.345703 0.097656 0.097656
0 0.754883 0.456543 0.097656 0.098633
0 0.846191 0.176270 0.110352 0.110352
0 0.845215 0.281250 0.110352 0.111328
0 0.845703 0.403320 0.109375 0.111328
0 0.841797 0.509277 0.109375 0.110352
0 0.940430 0.118652 0.109375 0.110352
0 0.937988 0.235840 0.110352 0.110352
0 0.939941 0.342285 0.110352 0.110352
0 0.940918 0.453125 0.110352 0.111328
0 0.943848 0.570312 0.110352 0.111328
0 0.942383 0.675293 0.097656 0.098633
0 0.939453 0.781738 0.109375 0.110352
0 0.846680 0.617676 0.097656 0.098633
0 0.841797 0.729004 0.109375 0.110352
0 0.845703 0.833496 0.109375 0.110352
0 0.848633 0.946777 0.048828 0.049805
0 0.747070 0.562012 0.109375 0.110352
0 0.752441 0.677246 0.110352 0.110352
0 0.752441 0.787598 0.110352 0.110352
0 0.755371 0.899902 0.110352 0.110352
0 0.657227 0.614746 0.097656 0.098633
0 0.652832 0.725098 0.110352 0.110352
0 0.658203 0.836426 0.097656 0.098633
0 0.563477 0.565918 0.109375 0.110352
0 0.560547 0.674316 0.109375 0.110352
0 0.565430 0.783691 0.109375 0.110352
0 0.564453 0.888184 0.109375 0.110352
0 0.472656 0.512207 0.109375 0.110352
0 0.471680 0.620605 0.097656 0.098633
0 0.473145 0.735840 0.110352 0.110352
0 0.467285 0.828613 0.110352 0.110352
0 0.376465 0.574707 0.110352 0.110352
0 0.380371 0.687988 0.110352 0.110352
0 0.377441 0.794922 0.110352 0.111328
0 0.378906 0.902344 0.097656 0.097656
0 0.270020 0.511230 0.110352 0.110352
0 0.274902 0.622559 0.110352 0.110352
0 0.275391 0.734375 0.109375 0.111328
0 0.274414 0.834961 0.097656 0.097656
0 0.177734 0.573242 0.097656 0.097656
0 0.182617 0.684570 0.097656 0.097656
0 0.178711 0.795410 0.109375 0.110352
0 0.182617 0.902832 0.109375 0.110352
0 0.083008 0.618164 0.109375 0.111328
0 0.087891 0.727539 0.097656 0.097656
0 0.086426 0.836426 0.110352 0.110352