0 0.502441 0.133789 0.073242 0.074219
0 0.409180 0.072754 0.060547 0.061523
0 0.511230 0.573730 0.073242 0.073242
0 0.584473 0.724609 0.073242 0.074219
0 0.875000 0.909668 0.109375 0.110352
0 0.784180 0.848633 0.085938 0.085938
0 0.686035 0.897949 0.084961 0.086914
0 0.583984 0.841797 0.085938 0.085938
0 0.585449 0.955078 0.084961 0.085938
1 0.503418 0.900391 0.073242 0.074219
0 0.405762 0.837891 0.084961 0.085938
0 0.316406 0.912109 0.085938 0.085938
0 0.222656 0.841309 0.097656 0.098633
0 0.131836 0.910645 0.109375 0.110352
1 0.508301 0.776367 0.073242 0.074219
1 0.503418 0.668457 0.073242 0.073242
0 0.410156 0.626953 0.085938 0.085938
0 0.410156 0.742188 0.085938 0.085938
1 0.599121 0.630859 0.073242 0.074219
1 0.599121 0.511230 0.073242 0.073242
0 0.880859 0.132812 0.085938 0.085938
0 0.875977 0.242188 0.097656 0.097656
0 0.885742 0.359375 0.109375 0.111328
0 0.880859 0.455566 0.097656 0.098633
0 0.887207 0.576660 0.110352 0.110352
0 0.881836 0.679199 0.109375 0.110352
0 0.788574 0.730957 0.110352 0.110352
0 0.881836 0.794922 0.085938 0.085938
0 0.793945 0.637695 0.109375 0.111328
0 0.781250 0.514160 0.109375 0.110352
0 0.781250 0.401855 0.109375 0.110352
0 0.785156 0.291504 0.109375 0.110352
0 0.789062 0.187500 0.109375 0.111328
0 0.794922 0.064941 0.097656 0.098633
0 0.700195 0.117188 0.085938 0.085938
0 0.696289 0.342285 0.097656 0.098633
0 0.692383 0.225098 0.085938 0.086914
0 0.599121 0.291016 0.084961 0.085938
0 0.596680 0.188477 0.085938 0.085938
0 0.217773 0.205078 0.085938 0.085938
0 0.125000 0.347656 0.085938 0.085938
0 0.689453 0.556641 0.085938 0.085938
0 0.694336 0.676758 0.085938 0.085938
0 0.691895 0.457031 0.084961 0.085938
0 0.692871 0.783203 0.084961 0.085938
0 0.593750 0.064941 0.097656 0.098633
0 0.503906 0.243164 0.097656 0.097656
0 0.504883 0.346191 0.097656 0.098633
0 0.511230 0.466797 0.084961 0.085938
0 0.596191 0.399414 0.084961 0.085938
0 0.416992 0.192383 0.109375 0.111328
0 0.410645 0.299316 0.110352 0.110352
0 0.411621 0.406738 0.110352 0.110352
0 0.412598 0.526855 0.110352 0.110352
0 0.322266 0.583984 0.085938 0.085938
0 0.323242 0.673828 0.085938 0.085938
0 0.327637 0.475586 0.084961 0.085938
0 0.323730 0.344238 0.110352 0.110352
0 0.319824 0.242676 0.110352 0.110352
0 0.324219 0.137695 0.085938 0.085938
0 0.221680 0.081543 0.097656 0.098633
0 0.220215 0.322266 0.110352 0.111328
0 0.216309 0.433105 0.110352 0.110352
0 0.218750 0.540527 0.097656 0.098633
0 0.223633 0.621582 0.097656 0.098633
0 0.124512 0.695312 0.084961 0.085938
0 0.125977 0.790527 0.097656 0.098633
0 0.222656 0.735840 0.097656 0.098633
0 0.327148 0.786621 0.097656 0.098633
0 0.127930 0.587402 0.097656 0.098633
1 0.136719 0.126953 0.097656 0.097656
0 0.129883 0.243164 0.085938 0.085938
0 0.129883 0.494141 0.085938 0.085938