0 0.480957 0.816895 0.073242 0.073242
0 0.573730 0.408203 0.073242 0.074219
0 0.388184 0.889648 0.073242 0.074219
0 0.864746 0.929199 0.110352 0.110352
0 0.857422 0.724609 0.097656 0.097656
0 0.769531 0.659668 0.109375 0.110352
0 0.672363 0.716797 0.110352 0.111328
0 0.582031 0.691895 0.109375 0.110352
0 0.574219 0.788086 0.097656 0.097656
0 0.478516 0.715332 0.097656 0.098633
0 0.486328 0.944336 0.097656 0.097656
0 0.678711 0.925781 0.085938 0.085938
0 0.391602 0.659180 0.097656 0.097656
0 0.382812 0.767578 0.085938 0.085938
0 0.205078 0.658691 0.097656 0.098633
1 0.198242 0.773438 0.085938 0.085938
0 0.200684 0.878906 0.084961 0.085938
0 0.109375 0.625000 0.097656 0.097656
0 0.114258 0.716309 0.097656 0.098633
0 0.099609 0.820312 0.097656 0.097656
0 0.100586 0.947754 0.097656 0.098633
0 0.868164 0.500488 0.109375 0.110352
0 0.868164 0.394043 0.109375 0.110352
0 0.864258 0.284668 0.109375 0.110352
0 0.775391 0.128906 0.085938 0.085938
0 0.775391 0.227539 0.085938 0.085938
0 0.769531 0.344238 0.097656 0.098633
0 0.768555 0.447266 0.097656 0.097656
0 0.391602 0.110352 0.085938 0.085938
0 0.384766 0.209961 0.085938 0.085938
0 0.391113 0.341797 0.084961 0.085938
0 0.498535 0.358398 0.084961 0.085938
0 0.494629 0.275391 0.084961 0.085938
0 0.484375 0.159180 0.085938 0.085938
0 0.485840 0.044922 0.084961 0.085938
0 0.580078 0.115234 0.085938 0.085938
0 0.577637 0.237305 0.084961 0.085938
0 0.578613 0.319336 0.084961 0.085938
0 0.676758 0.469727 0.085938 0.085938
0 0.674316 0.362305 0.084961 0.085938
0 0.682129 0.267578 0.084961 0.085938
0 0.674316 0.172852 0.084961 0.085938
0 0.678711 0.062500 0.085938 0.085938
0 0.863281 0.063477 0.085938 0.085938
0 0.861816 0.173828 0.084961 0.085938
0 0.672852 0.618652 0.097656 0.098633
0 0.581055 0.598145 0.109375 0.110352
0 0.483887 0.614746 0.110352 0.110352
0 0.389648 0.546875 0.097656 0.097656
0 0.300781 0.055176 0.097656 0.098633
0 0.298340 0.164062 0.084961 0.085938
0 0.296875 0.281738 0.097656 0.098633
0 0.297852 0.395020 0.097656 0.098633
0 0.209473 0.109375 0.084961 0.085938
0 0.208984 0.227051 0.097656 0.098633
0 0.205078 0.339844 0.085938 0.085938
0 0.202148 0.449219 0.097656 0.097656
0 0.197266 0.547852 0.085938 0.085938
0 0.111328 0.070801 0.097656 0.098633
0 0.111328 0.184082 0.097656 0.098633
0 0.113281 0.296875 0.097656 0.097656
0 0.113281 0.394531 0.109375 0.111328
0 0.107910 0.506348 0.110352 0.110352