0 0.145020 0.182129 0.073242 0.073242
0 0.145996 0.074219 0.084961 0.085938
0 0.064941 0.671875 0.084961 0.085938
0 0.070801 0.568359 0.084961 0.085938
0 0.721680 0.283691 0.060547 0.061523
0 0.353516 0.085449 0.060547 0.061523
0 0.619629 0.127930 0.073242 0.074219
0 0.615723 0.692871 0.073242 0.073242
0 0.451660 0.901367 0.073242 0.074219
0 0.069336 0.121582 0.097656 0.098633
0 0.069336 0.238281 0.097656 0.097656
0 0.069824 0.352539 0.073242 0.074219
0 0.064941 0.454102 0.073242 0.074219
0 0.169434 0.287109 0.073242 0.074219
0 0.164062 0.401367 0.097656 0.097656
0 0.166992 0.512695 0.097656 0.097656
0 0.255371 0.120605 0.084961 0.086914
0 0.259277 0.233887 0.110352 0.110352
0 0.264160 0.350098 0.110352 0.110352
0 0.258301 0.456543 0.110352 0.110352
0 0.257812 0.572266 0.109375 0.111328
0 0.360840 0.177246 0.122070 0.122070
0 0.363281 0.292480 0.097656 0.098633
0 0.353516 0.404785 0.097656 0.098633
0 0.353516 0.522949 0.097656 0.098633
0 0.444336 0.133789 0.085938 0.085938
0 0.449219 0.239746 0.097656 0.098633
0 0.441406 0.353027 0.097656 0.098633
0 0.445312 0.460938 0.085938 0.085938
0 0.455078 0.570801 0.097656 0.098633
0 0.356445 0.630859 0.097656 0.097656
0 0.532715 0.186523 0.084961 0.085938
0 0.534668 0.308594 0.084961 0.085938
0 0.539062 0.407715 0.085938 0.086914
0 0.539062 0.516602 0.085938 0.085938
0 0.538086 0.633789 0.085938 0.085938
0 0.620605 0.251953 0.084961 0.085938
0 0.618652 0.362305 0.084961 0.085938
0 0.618652 0.461914 0.084961 0.085938
0 0.612793 0.577148 0.084961 0.085938
0 0.725586 0.189453 0.048828 0.048828
0 0.717773 0.394531 0.085938 0.085938
0 0.717285 0.510742 0.084961 0.085938
0 0.711914 0.600098 0.048828 0.049805
0 0.820312 0.238281 0.060547 0.060547
0 0.941406 0.325195 0.048828 0.048828
0 0.929199 0.861328 0.084961 0.085938
0 0.713867 0.952637 0.048828 0.049805
0 0.608398 0.776855 0.048828 0.049805
0 0.536133 0.736328 0.085938 0.085938
0 0.526367 0.843262 0.097656 0.098633
0 0.450195 0.688965 0.097656 0.098633
0 0.447754 0.800781 0.084961 0.085938
0 0.355469 0.736816 0.109375 0.110352
0 0.353516 0.847656 0.097656 0.097656
0 0.254883 0.680664 0.097656 0.097656
0 0.260742 0.795898 0.109375 0.111328
0 0.259277 0.904297 0.110352 0.111328
0 0.163086 0.628906 0.109375 0.111328
0 0.161621 0.739258 0.110352 0.111328
0 0.160645 0.848145 0.110352 0.110352
0 0.068848 0.772461 0.084961 0.085938
0 0.063965 0.889648 0.084961 0.085938