0 0.687988 0.246582 0.073242 0.073242
0 0.777832 0.392578 0.073242 0.074219
0 0.778809 0.287598 0.073242 0.073242
0 0.874512 0.330566 0.073242 0.073242
0 0.594238 0.309570 0.084961 0.085938
0 0.689941 0.341797 0.073242 0.074219
0 0.413574 0.864746 0.073242 0.073242
0 0.694824 0.458008 0.073242 0.074219
0 0.412598 0.763184 0.073242 0.073242
0 0.877930 0.435547 0.085938 0.085938
0 0.781738 0.512695 0.073242 0.074219
0 0.106934 0.149902 0.073242 0.073242
0 0.111328 0.262207 0.109375 0.110352
0 0.112305 0.371582 0.109375 0.110352
0 0.112305 0.479492 0.085938 0.085938
0 0.117676 0.593262 0.110352 0.110352
0 0.217285 0.202148 0.122070 0.123047
0 0.205566 0.310547 0.122070 0.123047
0 0.212891 0.431152 0.097656 0.098633
0 0.213867 0.529785 0.097656 0.098633
0 0.210449 0.649414 0.122070 0.123047
0 0.311035 0.147461 0.073242 0.074219
0 0.316406 0.259766 0.097656 0.097656
0 0.322754 0.373047 0.122070 0.123047
0 0.318359 0.485840 0.097656 0.098633
0 0.306641 0.588379 0.097656 0.098633
0 0.411621 0.203125 0.122070 0.123047
0 0.407715 0.323242 0.122070 0.123047
0 0.409668 0.431641 0.084961 0.085938
0 0.407227 0.552246 0.097656 0.098633
0 0.501953 0.154297 0.097656 0.097656
0 0.505859 0.267578 0.097656 0.097656
0 0.505859 0.372070 0.097656 0.097656
0 0.507812 0.486328 0.097656 0.097656
0 0.507324 0.592773 0.122070 0.123047
0 0.405762 0.662598 0.073242 0.073242
0 0.507324 0.703125 0.122070 0.123047
0 0.592285 0.206055 0.073242 0.074219
0 0.599609 0.427734 0.085938 0.085938
0 0.596680 0.541016 0.097656 0.097656
0 0.597168 0.651367 0.122070 0.123047
0 0.686523 0.148926 0.060547 0.061523
0 0.688477 0.590820 0.097656 0.097656
0 0.774414 0.181152 0.060547 0.061523
0 0.788574 0.651367 0.084961 0.085938
0 0.862793 0.133301 0.061523 0.061523
0 0.863770 0.220215 0.061523 0.061523
0 0.881836 0.572266 0.085938 0.085938
0 0.881348 0.688477 0.084961 0.085938
0 0.968750 0.200684 0.048828 0.049805
0 0.967773 0.304199 0.048828 0.049805
0 0.883301 0.784180 0.084961 0.085938
0 0.876953 0.922852 0.097656 0.097656
0 0.789062 0.762695 0.097656 0.097656
0 0.783203 0.875000 0.097656 0.097656
0 0.695312 0.706055 0.085938 0.085938
0 0.689453 0.814453 0.109375 0.111328
0 0.689453 0.917969 0.085938 0.085938
0 0.598633 0.754883 0.097656 0.097656
0 0.593750 0.866699 0.097656 0.098633
0 0.503418 0.811035 0.110352 0.110352
0 0.501953 0.923340 0.097656 0.098633
0 0.302734 0.702637 0.097656 0.098633
0 0.304688 0.812012 0.097656 0.098633
0 0.312500 0.921387 0.097656 0.098633
0 0.207520 0.764160 0.110352 0.110352
0 0.209961 0.867676 0.097656 0.098633
0 0.105957 0.698730 0.110352 0.110352
0 0.114258 0.810059 0.097656 0.098633
0 0.112305 0.918457 0.097656 0.098633