0 0.461426 0.541504 0.073242 0.073242
0 0.551270 0.687500 0.073242 0.074219
0 0.552246 0.582520 0.073242 0.073242
0 0.647949 0.625488 0.073242 0.073242
0 0.367676 0.604492 0.084961 0.085938
0 0.463379 0.636719 0.073242 0.074219
0 0.468262 0.752930 0.073242 0.074219
0 0.651367 0.730469 0.085938 0.085938
0 0.555176 0.807617 0.073242 0.074219
0 0.825684 0.879395 0.073242 0.073242
0 0.744141 0.925781 0.085938 0.085938
0 0.737793 0.807129 0.073242 0.073242
0 0.276855 0.044922 0.084961 0.085938
0 0.082031 0.043945 0.085938 0.085938
0 0.090820 0.155273 0.097656 0.097656
0 0.182129 0.093750 0.084961 0.085938
0 0.180664 0.205078 0.097656 0.097656
0 0.280273 0.152344 0.097656 0.097656
0 0.273926 0.247070 0.084961 0.085938
0 0.369141 0.097656 0.085938 0.085938
0 0.371094 0.201172 0.085938 0.085938
0 0.464844 0.142578 0.085938 0.085938
0 0.461914 0.250000 0.085938 0.085938
0 0.565918 0.090820 0.084961 0.085938
0 0.557617 0.191895 0.097656 0.098633
0 0.655273 0.145020 0.097656 0.098633
1 0.747070 0.087891 0.085938 0.085938
0 0.751953 0.197754 0.097656 0.098633
0 0.849609 0.149414 0.085938 0.085938
0 0.084473 0.442383 0.073242 0.074219
0 0.089844 0.554688 0.097656 0.097656
0 0.096191 0.667969 0.122070 0.123047
0 0.091797 0.780762 0.097656 0.098633
0 0.080078 0.883301 0.097656 0.098633
0 0.185059 0.498047 0.122070 0.123047
0 0.181152 0.618164 0.122070 0.123047
0 0.183105 0.726562 0.084961 0.085938
0 0.180664 0.847168 0.097656 0.098633
0 0.275391 0.449219 0.097656 0.097656
0 0.279297 0.562500 0.097656 0.097656
0 0.279297 0.666992 0.097656 0.097656
0 0.281250 0.781250 0.097656 0.097656
0 0.280762 0.887695 0.122070 0.123047
0 0.179199 0.957520 0.073242 0.073242
0 0.365723 0.500977 0.073242 0.074219
0 0.373047 0.722656 0.085938 0.085938
0 0.370117 0.835938 0.097656 0.097656
0 0.459961 0.443848 0.060547 0.061523
0 0.461914 0.885742 0.097656 0.097656
0 0.547852 0.476074 0.060547 0.061523
0 0.562012 0.946289 0.084961 0.085938
0 0.636230 0.428223 0.061523 0.061523
0 0.637207 0.515137 0.061523 0.061523
0 0.655273 0.867188 0.085938 0.085938
0 0.742188 0.495605 0.048828 0.049805
0 0.741211 0.599121 0.048828 0.049805
0 0.744629 0.708496 0.073242 0.073242
0 0.816406 0.458496 0.060547 0.061523
0 0.820312 0.556152 0.060547 0.061523
0 0.820312 0.641113 0.060547 0.061523
0 0.829590 0.749512 0.061523 0.061523
0 0.904785 0.510254 0.061523 0.061523
0 0.912598 0.615723 0.073242 0.073242
0 0.926270 0.703613 0.073242 0.073242
0 0.924316 0.814941 0.073242 0.073242
0 0.927246 0.936035 0.073242 0.073242