1 0.950684 0.822754 0.061523 0.061523
0 0.853516 0.650879 0.097656 0.098633
0 0.866211 0.229004 0.109375 0.110352
0 0.863281 0.365723 0.109375 0.110352
0 0.855469 0.447266 0.085938 0.085938
0 0.863281 0.549316 0.109375 0.110352
0 0.774414 0.281250 0.085938 0.085938
0 0.763672 0.375977 0.109375 0.111328
0 0.761230 0.475098 0.110352 0.110352
0 0.773926 0.589355 0.110352 0.110352
0 0.670410 0.537598 0.110352 0.110352
0 0.670898 0.452637 0.097656 0.098633
0 0.674805 0.342285 0.097656 0.098633
0 0.678711 0.231934 0.109375 0.110352
0 0.578125 0.180664 0.109375 0.111328
0 0.577637 0.284668 0.110352 0.110352
0 0.577637 0.400879 0.110352 0.110352
0 0.569824 0.512207 0.110352 0.110352
0 0.860352 0.875977 0.085938 0.085938
0 0.768555 0.839355 0.109375 0.110352
0 0.761719 0.765137 0.097656 0.098633
0 0.670410 0.800293 0.110352 0.110352
0 0.671875 0.895996 0.097656 0.098633
0 0.283203 0.666992 0.097656 0.097656
0 0.483398 0.229004 0.109375 0.110352
0 0.477051 0.343262 0.110352 0.110352
0 0.479492 0.453613 0.097656 0.098633
0 0.477051 0.566895 0.073242 0.073242
0 0.383789 0.270508 0.085938 0.085938
0 0.378906 0.387207 0.097656 0.098633
0 0.378418 0.508301 0.110352 0.110352
0 0.379883 0.621582 0.109375 0.110352
0 0.283203 0.225586 0.085938 0.085938
0 0.287109 0.345703 0.097656 0.097656
0 0.280273 0.444336 0.097656 0.097656
0 0.288086 0.557617 0.109375 0.111328
0 0.191406 0.275391 0.109375 0.111328
0 0.192383 0.385742 0.109375 0.111328
1 0.192383 0.480957 0.097656 0.098633
0 0.188477 0.610840 0.109375 0.110352
0 0.188477 0.738281 0.097656 0.097656
0 0.185547 0.937500 0.109375 0.111328
0 0.101562 0.791504 0.097656 0.098633
0 0.098145 0.679688 0.110352 0.111328
0 0.099121 0.556152 0.110352 0.110352
0 0.095703 0.445801 0.109375 0.110352
0 0.099609 0.333496 0.109375 0.110352
0 0.089355 0.237793 0.110352 0.110352
0 0.865234 0.114258 0.109375 0.111328
0 0.782227 0.071289 0.085938 0.085938
0 0.776855 0.173828 0.084961 0.085938
0 0.673828 0.135254 0.109375 0.110352
0 0.586914 0.077637 0.097656 0.098633
0 0.485352 0.123047 0.097656 0.097656
0 0.386719 0.169922 0.085938 0.085938
0 0.391602 0.069824 0.097656 0.098633
0 0.291016 0.126465 0.109375 0.110352
0 0.199219 0.174805 0.109375 0.111328
0 0.195801 0.062988 0.110352 0.110352
0 0.097168 0.121582 0.110352 0.110352