0 0.482910 0.160645 0.073242 0.073242
0 0.556152 0.311523 0.073242 0.074219
0 0.931152 0.855469 0.073242 0.074219
0 0.940918 0.430176 0.110352 0.110352
0 0.942383 0.651855 0.097656 0.098633
0 0.944336 0.750488 0.097656 0.098633
0 0.852539 0.837402 0.060547 0.061523
0 0.852051 0.940430 0.073242 0.074219
0 0.846680 0.496582 0.109375 0.110352
0 0.854004 0.593262 0.110352 0.110352
0 0.851562 0.708496 0.109375 0.110352
0 0.755859 0.435547 0.085938 0.085938
0 0.750977 0.546387 0.109375 0.110352
0 0.753418 0.652832 0.110352 0.110352
0 0.752930 0.752930 0.109375 0.111328
0 0.741211 0.895020 0.097656 0.098633
0 0.657227 0.942871 0.097656 0.098633
0 0.671875 0.828125 0.085938 0.085938
0 0.657715 0.484863 0.084961 0.086914
0 0.664062 0.588867 0.097656 0.097656
0 0.657227 0.720215 0.097656 0.098633
0 0.555664 0.428711 0.085938 0.085938
0 0.557129 0.541992 0.084961 0.085938
0 0.564453 0.655273 0.097656 0.097656
0 0.568359 0.758301 0.109375 0.110352
0 0.578613 0.895508 0.084961 0.085938
0 0.471191 0.943848 0.110352 0.110352
0 0.474121 0.816406 0.110352 0.111328
0 0.476562 0.714844 0.109375 0.111328
0 0.474609 0.599121 0.097656 0.098633
1 0.475098 0.487305 0.073242 0.074219
0 0.377441 0.424805 0.084961 0.085938
0 0.374512 0.545898 0.084961 0.085938
0 0.376953 0.654785 0.109375 0.110352
0 0.379883 0.763184 0.097656 0.098633
0 0.385742 0.886719 0.085938 0.085938
0 0.290527 0.931641 0.084961 0.085938
0 0.299316 0.822266 0.084961 0.085938
0 0.302246 0.709961 0.084961 0.085938
0 0.302734 0.604004 0.097656 0.098633
0 0.288086 0.499023 0.085938 0.085938
0 0.194336 0.428223 0.097656 0.098633
0 0.189941 0.552246 0.110352 0.110352
0 0.190918 0.658691 0.110352 0.110352
0 0.194824 0.768066 0.096680 0.098633
0 0.195801 0.872070 0.084961 0.085938
0 0.103027 0.929199 0.084961 0.086914
0 0.103516 0.497559 0.109375 0.110352
0 0.103516 0.604004 0.097656 0.098633
0 0.103027 0.714355 0.110352 0.110352
0 0.100586 0.827637 0.109375 0.110352
1 0.479980 0.363281 0.073242 0.074219
1 0.475098 0.255371 0.073242 0.073242
0 0.381836 0.213867 0.085938 0.085938
0 0.381836 0.329102 0.085938 0.085938
1 0.570801 0.217773 0.073242 0.074219
1 0.570801 0.098145 0.073242 0.073242
0 0.945312 0.323730 0.097656 0.098633
0 0.939941 0.216797 0.110352 0.111328
0 0.946289 0.106445 0.097656 0.097656
0 0.858887 0.163574 0.110352 0.110352
0 0.853516 0.266113 0.109375 0.110352
0 0.760254 0.317871 0.110352 0.110352
0 0.853516 0.381836 0.085938 0.085938
0 0.765625 0.224609 0.109375 0.111328
0 0.752930 0.101074 0.109375 0.110352
0 0.661133 0.143555 0.085938 0.085938
0 0.666016 0.263672 0.085938 0.085938
0 0.663574 0.043945 0.084961 0.085938
0 0.664551 0.370117 0.084961 0.085938
0 0.482910 0.053711 0.084961 0.085938
0 0.384277 0.113770 0.110352 0.110352
0 0.293945 0.170898 0.085938 0.085938
0 0.294922 0.260742 0.085938 0.085938
0 0.299316 0.062500 0.084961 0.085938
0 0.190430 0.127441 0.097656 0.098633
0 0.195312 0.208496 0.097656 0.098633
0 0.096191 0.282227 0.084961 0.085938
0 0.097656 0.377441 0.097656 0.098633
0 0.194336 0.322754 0.097656 0.098633
0 0.298828 0.373535 0.097656 0.098633
0 0.099609 0.174316 0.097656 0.098633
0 0.101562 0.081055 0.085938 0.085938