0 0.561035 0.200684 0.073242 0.073242
0 0.648926 0.268555 0.073242 0.074219
0 0.752441 0.209961 0.073242 0.074219
0 0.758301 0.095703 0.073242 0.074219
0 0.176758 0.200195 0.085938 0.085938
0 0.854492 0.142578 0.048828 0.048828
0 0.089355 0.054688 0.084961 0.085938
0 0.088867 0.162598 0.097656 0.098633
0 0.091309 0.253906 0.084961 0.085938
0 0.182129 0.098633 0.084961 0.085938
0 0.277832 0.153809 0.110352 0.110352
0 0.368164 0.099121 0.109375 0.110352
0 0.657715 0.045898 0.084961 0.085938
0 0.647461 0.161621 0.097656 0.098633
0 0.559082 0.319336 0.084961 0.085938
0 0.750488 0.320312 0.084961 0.085938
0 0.943359 0.324707 0.097656 0.098633
0 0.940430 0.435547 0.085938 0.085938
0 0.843750 0.377930 0.097656 0.097656
0 0.746094 0.435059 0.097656 0.098633
0 0.930176 0.200195 0.084961 0.085938
0 0.848633 0.257812 0.085938 0.085938
0 0.554199 0.093750 0.084961 0.085938
0 0.474121 0.155273 0.084961 0.085938
0 0.467773 0.261719 0.097656 0.097656
0 0.464844 0.373535 0.097656 0.098633
0 0.369141 0.426758 0.097656 0.097656
0 0.365234 0.313965 0.097656 0.098633
0 0.275391 0.377441 0.097656 0.098633
0 0.177734 0.425293 0.097656 0.098633
0 0.933594 0.874512 0.109375 0.110352
0 0.650391 0.927246 0.109375 0.110352
0 0.456543 0.928223 0.110352 0.110352
0 0.268066 0.929199 0.110352 0.110352
0 0.079102 0.938477 0.085938 0.085938
0 0.938477 0.543457 0.097656 0.098633
0 0.935547 0.639648 0.109375 0.111328
0 0.932617 0.754883 0.109375 0.111328
0 0.837891 0.816895 0.097656 0.098633
0 0.850586 0.700195 0.097656 0.097656
0 0.856445 0.591797 0.085938 0.085938
0 0.846680 0.479492 0.097656 0.097656
0 0.744141 0.537109 0.109375 0.111328
0 0.744141 0.652344 0.097656 0.097656
0 0.739746 0.753418 0.110352 0.110352
0 0.739258 0.865723 0.097656 0.098633
0 0.650391 0.815918 0.097656 0.098633
0 0.648926 0.711426 0.110352 0.110352
0 0.649414 0.592285 0.097656 0.098633
0 0.649902 0.482422 0.110352 0.111328
0 0.651367 0.378906 0.097656 0.097656
0 0.560547 0.432617 0.097656 0.097656
0 0.550781 0.523926 0.097656 0.098633
0 0.554688 0.653809 0.097656 0.098633
0 0.556641 0.759277 0.109375 0.110352
0 0.549805 0.876465 0.097656 0.098633
0 0.460938 0.832520 0.097656 0.098633
0 0.462891 0.705566 0.109375 0.110352
0 0.457031 0.598145 0.109375 0.110352
0 0.463867 0.480957 0.109375 0.110352
0 0.370117 0.657715 0.097656 0.098633
0 0.366699 0.754395 0.110352 0.110352
0 0.363281 0.866699 0.097656 0.098633
0 0.277344 0.815918 0.109375 0.110352
0 0.277344 0.704590 0.097656 0.098633
0 0.273926 0.587891 0.084961 0.085938
0 0.280273 0.484863 0.097656 0.098633
0 0.178711 0.543457 0.097656 0.098633
0 0.173828 0.756836 0.097656 0.097656
0 0.176758 0.861328 0.085938 0.085938
0 0.085449 0.816406 0.084961 0.085938
0 0.082520 0.696289 0.084961 0.085938
0 0.088867 0.480469 0.085938 0.085938