0 0.930176 0.279297 0.073242 0.074219
0 0.728027 0.791992 0.073242 0.074219
0 0.929688 0.512695 0.085938 0.085938
0 0.929688 0.611328 0.085938 0.085938
0 0.923828 0.728027 0.097656 0.098633
0 0.922852 0.831055 0.097656 0.097656
0 0.830078 0.219238 0.097656 0.098633
0 0.827637 0.335449 0.110352 0.110352
0 0.729492 0.382324 0.097656 0.098633
0 0.738770 0.273926 0.110352 0.110352
0 0.640625 0.316895 0.109375 0.110352
0 0.552734 0.264648 0.085938 0.085938
0 0.541992 0.369141 0.085938 0.085938
0 0.545898 0.494141 0.085938 0.085938
0 0.539062 0.593750 0.085938 0.085938
0 0.545410 0.725586 0.084961 0.085938
0 0.652832 0.742188 0.084961 0.085938
0 0.648926 0.659180 0.084961 0.085938
0 0.638672 0.542969 0.085938 0.085938
0 0.640137 0.428711 0.084961 0.085938
0 0.734375 0.499023 0.085938 0.085938
0 0.731934 0.621094 0.084961 0.085938
0 0.732910 0.703125 0.084961 0.085938
0 0.831055 0.853516 0.085938 0.085938
0 0.828613 0.746094 0.084961 0.085938
0 0.836426 0.651367 0.084961 0.085938
0 0.828613 0.556641 0.084961 0.085938
0 0.833008 0.446289 0.085938 0.085938
0 0.932129 0.392578 0.084961 0.085938
0 0.543945 0.930664 0.097656 0.097656
0 0.453125 0.215332 0.097656 0.098633
0 0.457031 0.331055 0.085938 0.085938
0 0.455078 0.438965 0.097656 0.098633
0 0.452637 0.547852 0.084961 0.085938
0 0.451172 0.665527 0.097656 0.098633
0 0.452148 0.778809 0.097656 0.098633
0 0.362305 0.280273 0.097656 0.097656
0 0.363281 0.382812 0.097656 0.097656
0 0.363770 0.493164 0.084961 0.085938
0 0.363281 0.610840 0.097656 0.098633
0 0.359375 0.723633 0.085938 0.085938
0 0.356445 0.833008 0.097656 0.097656
0 0.351562 0.931641 0.085938 0.085938
0 0.275879 0.230957 0.110352 0.110352
0 0.269531 0.345215 0.097656 0.098633
0 0.265625 0.454590 0.097656 0.098633
0 0.265625 0.567871 0.097656 0.098633
0 0.267578 0.680664 0.097656 0.097656
0 0.267578 0.778320 0.109375 0.111328
0 0.262207 0.890137 0.110352 0.110352
0 0.171387 0.194336 0.084961 0.085938
0 0.168457 0.300781 0.084961 0.085938
0 0.171387 0.397461 0.084961 0.085938
0 0.168457 0.511719 0.084961 0.085938
0 0.170898 0.625977 0.097656 0.097656
0 0.168457 0.750000 0.084961 0.085938
0 0.173340 0.852539 0.084961 0.085938
0 0.079102 0.897949 0.097656 0.098633
0 0.073730 0.791016 0.110352 0.111328
0 0.080078 0.680664 0.097656 0.097656
0 0.085938 0.564941 0.109375 0.110352
0 0.084961 0.459473 0.097656 0.098633
1 0.080566 0.351562 0.084961 0.085938
0 0.079590 0.239258 0.084961 0.085938
0 0.080078 0.126465 0.097656 0.098633
0 0.175781 0.064941 0.097656 0.098633
0 0.273438 0.122559 0.097656 0.098633
0 0.365234 0.164551 0.097656 0.098633
0 0.372070 0.053711 0.097656 0.097656
0 0.458008 0.098145 0.097656 0.098633
0 0.554199 0.148926 0.110352 0.110352
0 0.643555 0.097168 0.097656 0.098633
0 0.744141 0.162109 0.109375 0.111328
0 0.644531 0.208984 0.085938 0.085938
0 0.829102 0.105957 0.109375 0.110352
0 0.928711 0.166992 0.085938 0.085938
0 0.935547 0.051758 0.085938 0.085938