0 0.302734 0.750488 0.109375 0.110352
0 0.111328 0.100586 0.085938 0.085938
0 0.111328 0.207031 0.097656 0.097656
0 0.116211 0.317871 0.097656 0.098633
0 0.206543 0.142578 0.110352 0.111328
0 0.207031 0.264648 0.109375 0.111328
0 0.203125 0.370605 0.109375 0.110352
0 0.299316 0.097168 0.110352 0.110352
0 0.301270 0.203613 0.110352 0.110352
0 0.302246 0.314453 0.110352 0.111328
0 0.388672 0.145020 0.109375 0.110352
0 0.396484 0.256348 0.109375 0.110352
0 0.489258 0.093262 0.109375 0.110352
0 0.492188 0.199707 0.097656 0.098633
0 0.493164 0.312012 0.109375 0.110352
0 0.583496 0.143066 0.110352 0.110352
0 0.587402 0.262207 0.110352 0.110352
0 0.589844 0.367676 0.109375 0.110352
0 0.691895 0.085938 0.084961 0.085938
0 0.687012 0.197266 0.084961 0.085938
0 0.687988 0.310547 0.084961 0.085938
0 0.781250 0.144043 0.109375 0.110352
0 0.783203 0.259277 0.097656 0.098633
0 0.780762 0.367676 0.110352 0.110352
0 0.882812 0.094238 0.109375 0.110352
0 0.878906 0.196777 0.097656 0.098633
0 0.881836 0.312988 0.109375 0.110352
0 0.873047 0.426270 0.109375 0.110352
0 0.872070 0.538574 0.109375 0.110352
0 0.875488 0.641113 0.110352 0.110352
0 0.871582 0.748535 0.110352 0.110352
0 0.782715 0.479004 0.110352 0.110352
0 0.773926 0.589355 0.110352 0.110352
0 0.779785 0.703613 0.110352 0.110352
0 0.779297 0.812500 0.109375 0.111328
0 0.690430 0.421387 0.097656 0.098633
0 0.693359 0.529297 0.085938 0.085938
0 0.682617 0.642578 0.097656 0.097656
0 0.686523 0.758789 0.097656 0.097656
0 0.588867 0.479980 0.109375 0.110352
0 0.590820 0.583984 0.109375 0.111328
0 0.592773 0.698242 0.109375 0.111328
0 0.587402 0.797852 0.110352 0.111328
0 0.491211 0.424316 0.109375 0.110352
0 0.492676 0.535156 0.110352 0.111328
0 0.489746 0.642578 0.110352 0.111328
0 0.494629 0.749512 0.110352 0.110352
0 0.393066 0.368164 0.110352 0.111328
0 0.395020 0.475586 0.110352 0.111328
0 0.398926 0.593262 0.110352 0.110352
0 0.403320 0.697754 0.109375 0.110352
0 0.305176 0.431641 0.110352 0.111328
0 0.303711 0.536621 0.097656 0.098633
0 0.300781 0.643066 0.109375 0.110352
0 0.208008 0.479004 0.097656 0.098633
0 0.203125 0.590332 0.109375 0.110352
0 0.207031 0.694824 0.109375 0.110352
0 0.209961 0.808105 0.048828 0.049805
0 0.301758 0.862793 0.048828 0.049805
0 0.396484 0.800781 0.048828 0.048828
0 0.108398 0.423340 0.109375 0.110352
0 0.113770 0.538574 0.110352 0.110352
0 0.113770 0.648926 0.110352 0.110352
0 0.116699 0.761230 0.110352 0.110352
0 0.115723 0.867188 0.084961 0.085938
0 0.207031 0.920410 0.109375 0.110352
0 0.399902 0.916016 0.084961 0.085938
0 0.496582 0.867188 0.084961 0.085938
0 0.590332 0.915527 0.073242 0.073242
0 0.678711 0.861816 0.097656 0.098633
0 0.781738 0.916504 0.110352 0.110352
0 0.876465 0.865723 0.110352 0.110352