0 0.161133 0.514160 0.109375 0.110352
0 0.827148 0.450684 0.085938 0.086914
0 0.341309 0.614258 0.073242 0.074219
0 0.922363 0.154297 0.084961 0.085938
0 0.918945 0.279785 0.097656 0.098633
0 0.926758 0.389160 0.097656 0.098633
0 0.824707 0.122070 0.084961 0.085938
0 0.817871 0.241211 0.084961 0.085938
0 0.824219 0.344727 0.085938 0.085938
0 0.739746 0.068848 0.024414 0.024414
0 0.733398 0.187500 0.037109 0.037109
0 0.735840 0.293457 0.024414 0.024414
0 0.729980 0.406738 0.024414 0.024414
0 0.638184 0.215332 0.024414 0.024414
0 0.638184 0.325684 0.024414 0.024414
0 0.634277 0.440918 0.024414 0.024414
0 0.638672 0.096191 0.097656 0.098633
0 0.630371 0.550293 0.024414 0.024414
0 0.633301 0.632324 0.024414 0.024414
0 0.730957 0.493652 0.024414 0.024414
0 0.724121 0.601074 0.024414 0.024414
0 0.824219 0.631836 0.037109 0.037109
0 0.821289 0.549316 0.109375 0.110352
0 0.930664 0.493164 0.085938 0.085938
0 0.931152 0.602051 0.073242 0.073242
0 0.347656 0.181152 0.097656 0.098633
0 0.351562 0.284668 0.109375 0.110352
0 0.342773 0.395508 0.097656 0.097656
0 0.347656 0.506836 0.097656 0.097656
1 0.250000 0.236328 0.085938 0.085938
0 0.250977 0.349609 0.097656 0.097656
0 0.246582 0.454590 0.110352 0.110352
0 0.247070 0.563965 0.097656 0.098633
0 0.161621 0.172852 0.110352 0.111328
0 0.159668 0.286133 0.110352 0.111328
0 0.159180 0.398438 0.097656 0.097656
0 0.163574 0.619629 0.073242 0.073242
0 0.062012 0.125000 0.110352 0.111328
0 0.061523 0.228516 0.109375 0.111328
0 0.058594 0.350098 0.109375 0.110352
0 0.060547 0.457520 0.097656 0.098633
0 0.064453 0.562012 0.097656 0.098633
0 0.067871 0.836914 0.084961 0.085938
0 0.063477 0.944824 0.097656 0.098633
0 0.160156 0.783691 0.060547 0.061523
0 0.163086 0.893066 0.097656 0.098633
0 0.251953 0.839844 0.085938 0.085938
0 0.252930 0.943848 0.097656 0.098633
0 0.350098 0.791016 0.036133 0.037109
0 0.350586 0.889648 0.097656 0.097656
0 0.445801 0.848633 0.084961 0.085938
0 0.443359 0.946289 0.097656 0.097656
0 0.545898 0.795410 0.060547 0.061523
0 0.538086 0.893555 0.085938 0.085938
0 0.634766 0.843750 0.085938 0.085938
0 0.731934 0.802246 0.061523 0.061523
0 0.728516 0.895996 0.097656 0.098633
0 0.826172 0.845215 0.097656 0.098633
0 0.916016 0.812500 0.048828 0.048828
0 0.913086 0.897949 0.097656 0.098633