1 0.817871 0.820312 0.073242 0.074219
1 0.816406 0.939941 0.060547 0.061523
0 0.910645 0.878906 0.110352 0.111328
0 0.721680 0.908691 0.097656 0.098633
0 0.618164 0.823730 0.097656 0.098633
0 0.625000 0.937012 0.097656 0.098633
0 0.533203 0.878418 0.097656 0.098633
0 0.433594 0.934082 0.109375 0.110352
0 0.343262 0.879395 0.110352 0.110352
0 0.255371 0.935547 0.084961 0.085938
0 0.159668 0.881836 0.084961 0.085938
0 0.056152 0.931152 0.110352 0.110352
1 0.911133 0.453125 0.085938 0.085938
1 0.533691 0.646973 0.061523 0.061523
0 0.626465 0.716797 0.084961 0.085938
0 0.723633 0.675781 0.085938 0.085938
0 0.723633 0.765625 0.085938 0.085938
0 0.819336 0.707031 0.085938 0.085938
0 0.827148 0.620117 0.085938 0.085938
0 0.909668 0.765625 0.084961 0.085938
0 0.915039 0.120117 0.097656 0.097656
0 0.913086 0.215332 0.097656 0.098633
0 0.914062 0.321777 0.097656 0.098633
0 0.907227 0.553223 0.097656 0.098633
0 0.906250 0.658691 0.097656 0.098633
0 0.822266 0.371094 0.085938 0.085938
0 0.826172 0.265625 0.085938 0.085938
0 0.823730 0.160156 0.084961 0.085938
0 0.823730 0.057617 0.084961 0.085938
0 0.727051 0.113770 0.110352 0.110352
0 0.720215 0.227051 0.110352 0.110352
0 0.718750 0.339844 0.109375 0.111328
0 0.722656 0.441406 0.109375 0.111328
0 0.626953 0.497070 0.109375 0.111328
0 0.634766 0.388184 0.109375 0.110352
0 0.634766 0.264160 0.109375 0.110352
0 0.635254 0.171875 0.110352 0.111328
0 0.529297 0.104004 0.109375 0.110352
0 0.537109 0.221191 0.097656 0.098633
0 0.537109 0.330566 0.097656 0.098633
0 0.539062 0.437012 0.097656 0.098633
0 0.539062 0.520508 0.097656 0.097656
0 0.436523 0.475098 0.097656 0.098633
0 0.446289 0.189941 0.109375 0.110352
0 0.438477 0.271484 0.085938 0.085938
0 0.446289 0.373535 0.109375 0.110352
0 0.357422 0.105469 0.085938 0.085938
0 0.346680 0.200195 0.109375 0.111328
0 0.344238 0.299316 0.110352 0.110352
0 0.356934 0.413574 0.110352 0.110352
0 0.253418 0.361816 0.110352 0.110352
0 0.253906 0.276855 0.097656 0.098633
0 0.257812 0.166504 0.097656 0.098633
0 0.261719 0.056152 0.109375 0.110352
0 0.160645 0.108887 0.110352 0.110352
0 0.160645 0.225098 0.110352 0.110352
0 0.152832 0.336426 0.110352 0.110352
0 0.532227 0.765137 0.109375 0.110352
0 0.437988 0.827637 0.110352 0.110352
0 0.346191 0.777832 0.110352 0.110352
0 0.443359 0.700195 0.085938 0.085938
0 0.351562 0.663574 0.109375 0.110352
0 0.344727 0.589355 0.097656 0.098633
0 0.253418 0.624512 0.110352 0.110352
0 0.254883 0.720215 0.097656 0.098633
0 0.255859 0.810059 0.109375 0.110352
0 0.152344 0.773926 0.109375 0.110352
0 0.060059 0.167480 0.110352 0.110352
0 0.062500 0.277832 0.097656 0.098633
0 0.060059 0.391113 0.073242 0.073242