0 0.749512 0.066895 0.073242 0.073242
0 0.845215 0.118164 0.084961 0.085938
0 0.841797 0.234375 0.085938 0.085938
0 0.747070 0.172852 0.085938 0.085938
0 0.748047 0.284180 0.097656 0.097656
0 0.650391 0.118164 0.085938 0.085938
0 0.650391 0.224609 0.097656 0.097656
0 0.557129 0.067383 0.084961 0.085938
0 0.560059 0.175781 0.084961 0.085938
0 0.558594 0.280273 0.097656 0.097656
0 0.462402 0.125977 0.084961 0.085938
0 0.460938 0.228516 0.097656 0.097656
0 0.372559 0.067383 0.073242 0.074219
0 0.370605 0.175781 0.073242 0.074219
0 0.362793 0.287598 0.073242 0.073242
0 0.278809 0.118164 0.084961 0.085938
0 0.280273 0.227051 0.097656 0.098633
0 0.183105 0.063477 0.084961 0.085938
0 0.181641 0.175293 0.097656 0.098633
0 0.181641 0.289551 0.097656 0.098633
0 0.085938 0.119141 0.085938 0.085938
0 0.087891 0.228027 0.097656 0.098633
0 0.087891 0.336426 0.109375 0.110352
0 0.094727 0.460449 0.109375 0.110352
0 0.087891 0.563965 0.109375 0.110352
0 0.087891 0.680176 0.109375 0.110352
0 0.084961 0.783691 0.109375 0.110352
0 0.182617 0.390625 0.097656 0.097656
0 0.179199 0.506348 0.110352 0.110352
0 0.185547 0.621582 0.109375 0.110352
0 0.180664 0.732910 0.097656 0.098633
0 0.186523 0.840332 0.109375 0.110352
0 0.275879 0.341797 0.073242 0.074219
0 0.278320 0.449219 0.097656 0.097656
0 0.274902 0.557129 0.110352 0.110352
0 0.277832 0.674316 0.110352 0.110352
0 0.276855 0.789062 0.084961 0.085938
0 0.367676 0.393555 0.073242 0.074219
0 0.364258 0.505859 0.097656 0.097656
0 0.369629 0.617188 0.084961 0.085938
0 0.368164 0.728027 0.097656 0.098633
0 0.465820 0.336426 0.097656 0.098633
0 0.461914 0.450195 0.085938 0.085938
0 0.459961 0.552734 0.097656 0.097656
0 0.460938 0.666992 0.085938 0.085938
0 0.463867 0.783203 0.085938 0.085938
0 0.558594 0.388184 0.097656 0.098633
0 0.563477 0.506348 0.097656 0.098633
0 0.566406 0.612305 0.097656 0.097656
0 0.565430 0.729492 0.097656 0.097656
0 0.652344 0.339355 0.085938 0.086914
0 0.652344 0.446777 0.097656 0.098633
0 0.651367 0.555176 0.097656 0.098633
0 0.652344 0.685059 0.097656 0.098633
0 0.751953 0.393066 0.097656 0.098633
0 0.745117 0.501465 0.097656 0.098633
0 0.744141 0.616211 0.085938 0.085938
0 0.747559 0.725586 0.084961 0.085938
0 0.841309 0.333008 0.084961 0.085938
0 0.841309 0.445312 0.084961 0.085938
0 0.841797 0.559082 0.097656 0.098633
0 0.843750 0.670898 0.085938 0.085938
0 0.839844 0.782227 0.085938 0.085938
0 0.654785 0.795898 0.084961 0.085938
0 0.840820 0.889648 0.085938 0.085938
0 0.744629 0.833984 0.084961 0.085938
1 0.650879 0.890625 0.084961 0.085938
0 0.561523 0.837891 0.085938 0.085938
0 0.558594 0.949707 0.097656 0.098633
0 0.466797 0.887207 0.097656 0.098633
0 0.365723 0.840820 0.084961 0.085938
0 0.368652 0.953125 0.084961 0.085938
0 0.277344 0.895020 0.097656 0.098633
1 0.079590 0.902832 0.110352 0.110352