0 0.243652 0.835449 0.073242 0.073242
0 0.336426 0.426758 0.073242 0.074219
0 0.150879 0.908203 0.073242 0.074219
0 0.816406 0.723633 0.085938 0.085938
0 0.818359 0.820312 0.097656 0.097656
0 0.716797 0.678223 0.109375 0.110352
0 0.620117 0.743164 0.097656 0.097656
0 0.532227 0.678223 0.109375 0.110352
0 0.435059 0.735352 0.110352 0.111328
0 0.344727 0.710449 0.109375 0.110352
0 0.336914 0.806641 0.097656 0.097656
0 0.241211 0.733887 0.097656 0.098633
0 0.441406 0.944336 0.085938 0.085938
0 0.154297 0.677734 0.097656 0.097656
0 0.145508 0.786133 0.085938 0.085938
0 0.827637 0.061523 0.084961 0.085938
0 0.897461 0.112305 0.085938 0.085938
0 0.820801 0.206055 0.084961 0.085938
0 0.907715 0.261719 0.084961 0.085938
0 0.911133 0.660156 0.085938 0.085938
0 0.813965 0.616699 0.110352 0.110352
0 0.818359 0.511719 0.097656 0.097656
0 0.822266 0.417969 0.097656 0.097656
0 0.906250 0.467285 0.097656 0.098633
0 0.908691 0.570312 0.084961 0.085938
0 0.822266 0.317383 0.085938 0.085938
0 0.903809 0.354492 0.084961 0.085938
0 0.724121 0.141113 0.110352 0.110352
0 0.721680 0.231934 0.109375 0.110352
0 0.717285 0.359375 0.110352 0.111328
0 0.721191 0.454590 0.110352 0.110352
0 0.727539 0.579102 0.109375 0.111328
0 0.630859 0.519043 0.109375 0.110352
0 0.630859 0.412598 0.109375 0.110352
0 0.626953 0.303223 0.109375 0.110352
0 0.538086 0.147461 0.085938 0.085938
0 0.538086 0.246094 0.085938 0.085938
0 0.532227 0.362793 0.097656 0.098633
0 0.531250 0.465820 0.097656 0.097656
0 0.154297 0.128906 0.085938 0.085938
0 0.147461 0.228516 0.085938 0.085938
0 0.153809 0.360352 0.084961 0.085938
0 0.261230 0.376953 0.084961 0.085938
0 0.257324 0.293945 0.084961 0.085938
0 0.247070 0.177734 0.085938 0.085938
0 0.248535 0.063477 0.084961 0.085938
0 0.342773 0.133789 0.085938 0.085938
0 0.340332 0.255859 0.084961 0.085938
0 0.341309 0.337891 0.084961 0.085938
0 0.439453 0.488281 0.085938 0.085938
0 0.437012 0.380859 0.084961 0.085938
0 0.444824 0.286133 0.084961 0.085938
0 0.437012 0.191406 0.084961 0.085938
0 0.441406 0.081055 0.085938 0.085938
0 0.625977 0.082031 0.085938 0.085938
0 0.624512 0.192383 0.084961 0.085938
0 0.435547 0.637207 0.097656 0.098633
0 0.343750 0.616699 0.109375 0.110352
0 0.246582 0.633301 0.110352 0.110352
0 0.152344 0.565430 0.097656 0.097656
0 0.063477 0.073730 0.097656 0.098633
0 0.061035 0.182617 0.084961 0.085938
0 0.059570 0.300293 0.097656 0.098633
0 0.060547 0.413574 0.097656 0.098633