0 0.864258 0.057617 0.109375 0.111328
0 0.879395 0.170898 0.110352 0.111328
0 0.879395 0.275391 0.110352 0.111328
0 0.774902 0.107422 0.084961 0.085938
0 0.777344 0.220215 0.109375 0.110352
0 0.784180 0.331543 0.109375 0.110352
0 0.678711 0.050781 0.097656 0.097656
0 0.681641 0.156738 0.097656 0.098633
0 0.677734 0.268555 0.085938 0.085938
0 0.682617 0.382812 0.085938 0.085938
0 0.584961 0.103027 0.097656 0.098633
0 0.582031 0.211914 0.085938 0.085938
0 0.588379 0.326660 0.084961 0.086914
0 0.491211 0.156738 0.097656 0.098633
0 0.490723 0.268066 0.084961 0.086914
0 0.398926 0.093750 0.084961 0.085938
0 0.398438 0.212402 0.097656 0.098633
0 0.399414 0.322754 0.097656 0.098633
0 0.301758 0.163574 0.097656 0.098633
0 0.305664 0.268066 0.109375 0.110352
0 0.209473 0.097168 0.110352 0.110352
0 0.207031 0.213379 0.097656 0.098633
0 0.205566 0.324219 0.084961 0.085938
0 0.116699 0.153809 0.110352 0.110352
0 0.113281 0.258789 0.097656 0.097656
0 0.113281 0.377930 0.097656 0.097656
0 0.303223 0.377930 0.084961 0.085938
0 0.118164 0.483398 0.097656 0.097656
0 0.110352 0.594238 0.097656 0.098633
0 0.114258 0.701660 0.109375 0.110352
0 0.114746 0.819824 0.110352 0.110352
0 0.109863 0.936035 0.110352 0.110352
0 0.208008 0.432617 0.097656 0.097656
0 0.206543 0.545898 0.110352 0.111328
0 0.205078 0.649902 0.109375 0.110352
0 0.205078 0.761230 0.097656 0.098633
0 0.202148 0.875488 0.109375 0.110352
0 0.304199 0.493164 0.110352 0.111328
0 0.299805 0.602539 0.097656 0.097656
0 0.299805 0.713867 0.097656 0.097656
0 0.298340 0.821289 0.084961 0.085938
0 0.298828 0.934570 0.085938 0.085938
0 0.395508 0.437500 0.085938 0.085938
0 0.394531 0.549805 0.097656 0.097656
0 0.398926 0.659180 0.110352 0.111328
0 0.391113 0.769531 0.110352 0.111328
0 0.396973 0.875488 0.110352 0.110352
0 0.488770 0.380859 0.084961 0.085938
0 0.491211 0.490234 0.085938 0.085938
0 0.488281 0.601562 0.085938 0.085938
0 0.494141 0.703125 0.109375 0.111328
0 0.491211 0.812500 0.109375 0.111328
0 0.486816 0.936035 0.110352 0.110352
0 0.583496 0.437012 0.110352 0.110352
0 0.584473 0.550293 0.110352 0.110352
0 0.592773 0.653809 0.109375 0.110352
0 0.586914 0.764160 0.109375 0.110352
0 0.585938 0.878906 0.109375 0.111328
0 0.685059 0.484863 0.110352 0.110352
0 0.683105 0.600098 0.110352 0.110352
0 0.677734 0.708496 0.097656 0.098633
0 0.680176 0.818359 0.084961 0.085938
0 0.680664 0.931641 0.097656 0.097656
0 0.779297 0.443848 0.109375 0.110352
0 0.781250 0.543457 0.109375 0.110352
0 0.771484 0.655762 0.097656 0.098633
0 0.776855 0.768066 0.110352 0.110352
0 0.769043 0.874512 0.110352 0.110352
0 0.859863 0.387207 0.110352 0.110352
0 0.868164 0.503418 0.109375 0.110352
0 0.869141 0.611816 0.109375 0.110352
0 0.869141 0.714355 0.097656 0.098633
0 0.874023 0.830566 0.109375 0.110352
0 0.871582 0.940918 0.110352 0.110352