0 0.719727 0.832520 0.085938 0.086914
0 0.530273 0.147461 0.097656 0.097656
0 0.525391 0.264160 0.097656 0.098633
0 0.626465 0.206055 0.073242 0.074219
0 0.723633 0.159180 0.097656 0.097656
0 0.725586 0.269531 0.097656 0.097656
0 0.811523 0.099121 0.109375 0.110352
0 0.810547 0.217285 0.109375 0.110352
0 0.811523 0.325195 0.109375 0.111328
0 0.909668 0.159668 0.110352 0.110352
0 0.911133 0.268066 0.109375 0.110352
0 0.900391 0.380371 0.109375 0.110352
0 0.903320 0.491211 0.109375 0.111328
0 0.907227 0.591797 0.109375 0.111328
0 0.900391 0.711426 0.097656 0.098633
0 0.900879 0.828125 0.084961 0.085938
0 0.814453 0.428711 0.109375 0.111328
0 0.814941 0.536133 0.084961 0.085938
0 0.811523 0.661621 0.097656 0.098633
0 0.819336 0.770996 0.097656 0.098633
0 0.714355 0.395508 0.110352 0.111328
0 0.717285 0.503906 0.084961 0.085938
0 0.710449 0.623047 0.084961 0.085938
0 0.716797 0.726562 0.085938 0.085938
0 0.625488 0.336914 0.084961 0.085938
0 0.632324 0.450684 0.024414 0.024414
0 0.625977 0.569336 0.037109 0.037109
0 0.628418 0.675293 0.024414 0.024414
0 0.622559 0.788574 0.024414 0.024414
0 0.530762 0.597168 0.024414 0.024414
0 0.530762 0.707520 0.024414 0.024414
0 0.526855 0.822754 0.024414 0.024414
0 0.533203 0.372559 0.097656 0.098633
0 0.531250 0.478027 0.097656 0.098633
0 0.522949 0.932129 0.024414 0.024414
0 0.623535 0.875488 0.024414 0.024414
0 0.616699 0.982910 0.024414 0.024414
0 0.713867 0.931152 0.109375 0.110352
0 0.823242 0.875000 0.085938 0.085938
0 0.904297 0.934082 0.097656 0.098633
0 0.240234 0.562988 0.097656 0.098633
0 0.244141 0.666504 0.109375 0.110352
0 0.235352 0.777344 0.097656 0.097656
0 0.240234 0.888672 0.097656 0.097656
1 0.142578 0.618164 0.085938 0.085938
0 0.143555 0.731445 0.097656 0.097656
0 0.139160 0.836426 0.110352 0.110352
0 0.139648 0.945801 0.097656 0.098633
0 0.051758 0.780273 0.097656 0.097656