0 0.050781 0.098633 0.097656 0.097656
0 0.145996 0.057617 0.084961 0.085938
0 0.143555 0.155273 0.097656 0.097656
0 0.142090 0.271484 0.110352 0.111328
0 0.138184 0.383789 0.122070 0.123047
0 0.140625 0.485840 0.109375 0.110352
0 0.238281 0.102539 0.085938 0.085938
0 0.239746 0.213867 0.110352 0.111328
0 0.231934 0.327148 0.122070 0.123047
0 0.231934 0.435059 0.110352 0.110352
0 0.334961 0.052734 0.085938 0.085938
0 0.327148 0.162598 0.097656 0.098633
0 0.336914 0.272949 0.109375 0.110352
0 0.334473 0.384766 0.122070 0.123047
0 0.333496 0.496582 0.061523 0.061523
0 0.236816 0.549316 0.110352 0.110352
0 0.428711 0.104980 0.097656 0.098633
0 0.433105 0.219727 0.122070 0.123047
0 0.425781 0.328613 0.109375 0.110352
0 0.429199 0.443359 0.122070 0.123047
0 0.431641 0.549805 0.109375 0.111328
0 0.526367 0.054199 0.097656 0.098633
0 0.521973 0.163574 0.110352 0.110352
0 0.514160 0.267578 0.122070 0.123047
0 0.522949 0.390137 0.110352 0.110352
0 0.523926 0.493164 0.122070 0.123047
0 0.613281 0.106934 0.097656 0.098633
0 0.612793 0.222168 0.122070 0.122070
0 0.616699 0.328125 0.122070 0.123047
0 0.615723 0.444824 0.110352 0.110352
0 0.611816 0.547852 0.122070 0.123047
0 0.701660 0.054199 0.073242 0.073242
0 0.706055 0.166504 0.109375 0.110352
0 0.707031 0.275879 0.109375 0.110352
0 0.707031 0.383789 0.085938 0.085938
0 0.712402 0.497559 0.110352 0.110352
0 0.812012 0.106445 0.122070 0.123047
0 0.800293 0.214844 0.122070 0.123047
0 0.807617 0.335449 0.097656 0.098633
0 0.808594 0.434082 0.097656 0.098633
0 0.805176 0.553711 0.122070 0.123047
0 0.905762 0.051758 0.073242 0.074219
0 0.911133 0.164062 0.097656 0.097656
0 0.917480 0.277344 0.122070 0.123047
0 0.913086 0.390137 0.097656 0.098633
0 0.901367 0.492676 0.097656 0.098633
0 0.897461 0.606934 0.097656 0.098633
0 0.899414 0.716309 0.097656 0.098633
0 0.907227 0.825684 0.097656 0.098633
0 0.902344 0.928223 0.097656 0.098633
0 0.802246 0.668457 0.110352 0.110352
0 0.804688 0.771973 0.097656 0.098633
0 0.803223 0.883301 0.096680 0.098633
0 0.700684 0.603027 0.110352 0.110352
0 0.708984 0.714355 0.097656 0.098633
0 0.707031 0.822754 0.097656 0.098633
0 0.702148 0.935547 0.097656 0.097656
0 0.612305 0.659668 0.097656 0.098633
0 0.614258 0.765625 0.097656 0.097656
0 0.613281 0.874023 0.097656 0.097656
0 0.520020 0.604492 0.122070 0.123047
0 0.519531 0.715820 0.097656 0.097656
0 0.519531 0.823242 0.097656 0.097656
0 0.521484 0.932617 0.097656 0.097656
0 0.421875 0.661133 0.097656 0.097656
0 0.428711 0.771484 0.097656 0.097656
0 0.419434 0.875000 0.084961 0.085938
0 0.336426 0.599609 0.110352 0.111328
0 0.332031 0.714844 0.097656 0.097656
0 0.330566 0.815430 0.073242 0.074219
0 0.328125 0.931152 0.097656 0.098633
0 0.235352 0.660645 0.109375 0.110352
0 0.235352 0.766113 0.097656 0.098633
0 0.231445 0.873047 0.085938 0.085938
0 0.142578 0.596191 0.109375 0.110352
0 0.146973 0.710449 0.110352 0.110352
0 0.144043 0.820801 0.110352 0.110352
0 0.143066 0.924316 0.122070 0.122070
0 0.050781 0.658691 0.097656 0.098633