0 0.566895 0.480469 0.073242 0.074219
0 0.473633 0.419434 0.060547 0.061523
0 0.575684 0.920410 0.073242 0.073242
0 0.762207 0.350586 0.073242 0.074219
1 0.663574 0.857910 0.073242 0.073242
0 0.944336 0.366211 0.085938 0.085938
0 0.945312 0.479492 0.085938 0.085938
0 0.940430 0.588867 0.097656 0.097656
0 0.945312 0.802246 0.097656 0.098633
0 0.845703 0.860840 0.109375 0.110352
0 0.845703 0.748535 0.109375 0.110352
0 0.849609 0.638184 0.109375 0.110352
0 0.853516 0.534180 0.109375 0.111328
0 0.859375 0.411621 0.097656 0.098633
0 0.764648 0.463867 0.085938 0.085938
0 0.760742 0.688965 0.097656 0.098633
0 0.756836 0.571777 0.085938 0.086914
0 0.663574 0.637695 0.084961 0.085938
0 0.661133 0.535156 0.085938 0.085938
0 0.282227 0.551758 0.085938 0.085938
0 0.098633 0.665039 0.085938 0.085938
0 0.189453 0.694336 0.085938 0.085938
0 0.753906 0.903320 0.085938 0.085938
0 0.756348 0.803711 0.084961 0.085938
0 0.658203 0.411621 0.097656 0.098633
0 0.574219 0.378906 0.097656 0.097656
0 0.568359 0.589844 0.097656 0.097656
0 0.569336 0.692871 0.097656 0.098633
0 0.575684 0.813477 0.084961 0.085938
0 0.660645 0.746094 0.084961 0.085938
0 0.481445 0.539062 0.109375 0.111328
0 0.475098 0.645996 0.110352 0.110352
0 0.476074 0.753418 0.110352 0.110352
0 0.477051 0.873535 0.110352 0.110352
0 0.386719 0.930664 0.085938 0.085938
0 0.392090 0.822266 0.084961 0.085938
0 0.388184 0.690918 0.110352 0.110352
0 0.384277 0.589355 0.110352 0.110352
0 0.388672 0.484375 0.085938 0.085938
0 0.391602 0.372559 0.097656 0.098633
0 0.286133 0.428223 0.097656 0.098633
0 0.284668 0.668945 0.110352 0.111328
0 0.280762 0.779785 0.110352 0.110352
0 0.283203 0.887207 0.097656 0.098633
0 0.192383 0.934082 0.097656 0.098633
0 0.094727 0.537109 0.097656 0.097656
0 0.091309 0.421875 0.084961 0.085938
0 0.189453 0.372070 0.085938 0.085938
1 0.201172 0.473633 0.097656 0.097656
0 0.194336 0.589844 0.085938 0.085938
0 0.097168 0.771484 0.084961 0.085938
0 0.194336 0.840820 0.085938 0.085938
0 0.100098 0.870117 0.084961 0.085938
0 0.100586 0.312012 0.097656 0.098633
0 0.099121 0.207031 0.084961 0.085938
0 0.103516 0.093262 0.097656 0.098633
0 0.197266 0.261230 0.097656 0.098633
0 0.192383 0.165039 0.097656 0.097656
0 0.288086 0.092773 0.085938 0.085938
0 0.288086 0.186035 0.097656 0.098633
0 0.286133 0.315918 0.097656 0.098633
0 0.390137 0.242188 0.084961 0.085938
0 0.392578 0.149414 0.085938 0.085938
0 0.478027 0.320312 0.084961 0.085938
0 0.479492 0.081055 0.085938 0.085938
0 0.471680 0.207031 0.085938 0.085938
0 0.573730 0.054688 0.084961 0.085938
0 0.573242 0.145996 0.097656 0.098633
0 0.576172 0.282715 0.097656 0.098633
0 0.666504 0.312500 0.084961 0.085938
0 0.666504 0.197266 0.084961 0.085938
0 0.673340 0.095703 0.084961 0.085938
0 0.757324 0.143555 0.084961 0.085938
0 0.754395 0.249023 0.084961 0.085938
0 0.844727 0.097168 0.097656 0.098633
0 0.859375 0.219238 0.097656 0.098633
0 0.854004 0.315430 0.110352 0.111328
0 0.943359 0.044922 0.085938 0.085938
0 0.941895 0.149414 0.084961 0.085938
0 0.948242 0.255859 0.097656 0.097656