0 0.871094 0.388184 0.097656 0.098633
0 0.867188 0.500000 0.097656 0.097656
0 0.867188 0.602539 0.085938 0.085938
0 0.868164 0.713379 0.097656 0.098633
0 0.867188 0.829590 0.097656 0.098633
0 0.864258 0.936035 0.097656 0.098633
0 0.771484 0.443848 0.109375 0.110352
0 0.778320 0.557129 0.097656 0.098633
0 0.770020 0.668945 0.084961 0.085938
0 0.770020 0.806641 0.084961 0.085938
0 0.767090 0.892578 0.084961 0.085938
0 0.681152 0.389160 0.110352 0.110352
0 0.679688 0.503906 0.109375 0.111328
0 0.680664 0.610840 0.097656 0.098633
0 0.676758 0.719727 0.097656 0.097656
0 0.684570 0.834473 0.097656 0.098633
0 0.593262 0.445312 0.084961 0.085938
0 0.587891 0.554199 0.097656 0.098633
0 0.580078 0.671387 0.097656 0.098633
0 0.584961 0.769043 0.097656 0.098633
0 0.582520 0.887695 0.084961 0.085938
0 0.497559 0.391602 0.084961 0.085938
0 0.491211 0.504883 0.097656 0.097656
0 0.488281 0.607910 0.097656 0.098633
0 0.485352 0.721191 0.097656 0.098633
0 0.481445 0.836914 0.085938 0.085938
0 0.484375 0.941895 0.097656 0.098633
0 0.385742 0.876953 0.109375 0.111328
0 0.386230 0.765137 0.110352 0.110352
1 0.399414 0.657227 0.097656 0.097656
0 0.390137 0.550293 0.110352 0.110352
0 0.394043 0.440918 0.110352 0.110352
1 0.296875 0.395508 0.097656 0.097656
0 0.291016 0.499512 0.097656 0.098633
0 0.292969 0.608887 0.097656 0.098633
0 0.295898 0.714355 0.109375 0.110352
0 0.290527 0.832520 0.110352 0.110352
0 0.291504 0.936523 0.110352 0.111328
0 0.201660 0.447754 0.110352 0.110352
0 0.201172 0.555176 0.097656 0.098633
0 0.193359 0.666016 0.097656 0.097656
0 0.200195 0.777832 0.085938 0.086914
0 0.196289 0.887207 0.097656 0.098633
0 0.105957 0.391113 0.110352 0.110352
0 0.108398 0.494141 0.109375 0.111328
0 0.104492 0.608887 0.097656 0.098633
0 0.103027 0.725586 0.110352 0.111328
0 0.106445 0.834961 0.097656 0.097656
1 0.871582 0.156738 0.061523 0.061523
0 0.870117 0.274902 0.109375 0.110352
0 0.775879 0.337402 0.110352 0.110352
0 0.684082 0.287598 0.110352 0.110352
0 0.781250 0.209961 0.085938 0.085938
0 0.689453 0.173340 0.109375 0.110352
0 0.682617 0.099121 0.097656 0.098633
0 0.591309 0.134277 0.110352 0.110352
0 0.592773 0.229980 0.097656 0.098633
0 0.593750 0.319824 0.109375 0.110352
0 0.490234 0.283691 0.109375 0.110352
0 0.393066 0.331543 0.110352 0.110352
0 0.297852 0.289551 0.109375 0.110352
0 0.190430 0.332520 0.109375 0.110352
0 0.109375 0.072266 0.097656 0.097656
0 0.106445 0.271484 0.109375 0.111328