0 0.892090 0.596191 0.110352 0.110352
0 0.890625 0.710938 0.109375 0.111328
0 0.891602 0.817871 0.097656 0.098633
0 0.887695 0.926758 0.097656 0.097656
0 0.804199 0.652344 0.084961 0.085938
0 0.798828 0.761230 0.097656 0.098633
0 0.791016 0.878418 0.097656 0.098633
0 0.708496 0.598633 0.084961 0.085938
0 0.702148 0.711914 0.097656 0.097656
0 0.699219 0.814941 0.097656 0.098633
0 0.696289 0.928223 0.097656 0.098633
1 0.610352 0.864258 0.097656 0.097656
0 0.601074 0.757324 0.110352 0.110352
0 0.604980 0.647949 0.110352 0.110352
1 0.507812 0.602539 0.097656 0.097656
0 0.501953 0.706543 0.097656 0.098633
0 0.503906 0.815918 0.097656 0.098633
0 0.506836 0.921387 0.109375 0.110352
0 0.412598 0.654785 0.110352 0.110352
0 0.412109 0.762207 0.097656 0.098633
0 0.404297 0.873047 0.097656 0.097656
0 0.316895 0.598145 0.110352 0.110352
0 0.319336 0.701172 0.109375 0.111328
0 0.315430 0.815918 0.097656 0.098633
0 0.313965 0.932617 0.110352 0.111328
0 0.222656 0.773926 0.109375 0.110352
0 0.219727 0.862305 0.097656 0.097656
0 0.144043 0.583984 0.110352 0.111328
0 0.135742 0.684082 0.109375 0.110352
0 0.135742 0.828613 0.109375 0.110352
0 0.131836 0.918457 0.097656 0.098633
0 0.905762 0.130371 0.110352 0.110352
0 0.802246 0.078613 0.110352 0.110352
0 0.895020 0.494629 0.110352 0.110352
0 0.900391 0.380371 0.109375 0.110352
0 0.893555 0.306152 0.097656 0.098633
0 0.802246 0.341309 0.110352 0.110352
0 0.803711 0.437012 0.097656 0.098633
0 0.804688 0.526855 0.109375 0.110352
0 0.701172 0.490723 0.109375 0.110352
0 0.604004 0.538574 0.110352 0.110352
0 0.508789 0.496582 0.109375 0.110352
0 0.401367 0.539551 0.109375 0.110352
0 0.415039 0.208008 0.097656 0.097656
0 0.608887 0.107910 0.073242 0.073242
0 0.511719 0.162598 0.109375 0.110352
0 0.419922 0.098633 0.109375 0.111328
0 0.320312 0.151855 0.109375 0.110352
0 0.320312 0.279297 0.097656 0.097656
0 0.317383 0.478516 0.109375 0.111328
0 0.233398 0.332520 0.097656 0.098633
0 0.229980 0.220703 0.110352 0.111328
0 0.230957 0.097168 0.110352 0.110352
0 0.149414 0.133301 0.097656 0.098633
0 0.145508 0.272949 0.109375 0.110352
0 0.149414 0.384277 0.109375 0.110352
0 0.135254 0.491211 0.110352 0.111328