0 0.881836 0.659668 0.109375 0.110352
0 0.875488 0.542969 0.110352 0.111328
0 0.875977 0.439941 0.109375 0.110352
0 0.882324 0.329590 0.110352 0.110352
0 0.879883 0.232910 0.109375 0.110352
0 0.788086 0.269531 0.109375 0.111328
0 0.784180 0.376465 0.097656 0.098633
0 0.783203 0.484375 0.097656 0.097656
0 0.782715 0.597168 0.110352 0.110352
0 0.784180 0.714355 0.097656 0.098633
0 0.780273 0.822754 0.097656 0.098633
0 0.872559 0.886230 0.110352 0.110352
0 0.870117 0.760254 0.109375 0.110352
0 0.768066 0.919922 0.084961 0.085938
0 0.682617 0.869141 0.097656 0.097656
0 0.689453 0.748535 0.097656 0.098633
0 0.688477 0.649414 0.097656 0.097656
0 0.683594 0.545410 0.097656 0.098633
0 0.684570 0.436035 0.109375 0.110352
0 0.688477 0.318848 0.097656 0.098633
0 0.693848 0.213379 0.110352 0.110352
0 0.594238 0.272949 0.110352 0.110352
0 0.596680 0.385254 0.109375 0.110352
0 0.599121 0.485352 0.110352 0.111328
0 0.592773 0.600098 0.109375 0.110352
0 0.593750 0.708984 0.109375 0.111328
0 0.589844 0.812012 0.109375 0.110352
0 0.579590 0.933105 0.110352 0.110352
0 0.488770 0.866699 0.110352 0.110352
0 0.495605 0.753418 0.110352 0.110352
0 0.487793 0.645020 0.110352 0.110352
0 0.497070 0.541016 0.097656 0.097656
0 0.498535 0.430664 0.110352 0.111328
0 0.507812 0.210449 0.109375 0.110352
0 0.500977 0.318848 0.109375 0.110352
0 0.401855 0.269043 0.110352 0.110352
0 0.402832 0.370605 0.110352 0.110352
0 0.396484 0.492676 0.109375 0.110352
0 0.395996 0.597168 0.110352 0.110352
0 0.391113 0.702637 0.110352 0.110352
0 0.388184 0.833496 0.110352 0.110352
0 0.397461 0.922363 0.097656 0.098633
0 0.298828 0.859863 0.097656 0.098633
0 0.291504 0.759277 0.110352 0.110352
0 0.301758 0.649902 0.109375 0.110352
0 0.308594 0.541016 0.109375 0.111328
0 0.311035 0.435547 0.110352 0.111328
0 0.302246 0.326660 0.110352 0.110352
0 0.305664 0.217285 0.097656 0.098633
0 0.211914 0.262207 0.109375 0.110352
0 0.218262 0.371582 0.110352 0.110352
0 0.198730 0.473145 0.110352 0.110352
0 0.205078 0.594238 0.109375 0.110352
1 0.206055 0.704590 0.109375 0.110352
0 0.200684 0.819336 0.110352 0.111328
0 0.198242 0.926270 0.109375 0.110352
0 0.105469 0.872559 0.097656 0.098633
0 0.109375 0.756348 0.109375 0.110352
0 0.105469 0.645020 0.097656 0.098633
0 0.112305 0.545898 0.097656 0.097656
0 0.116211 0.212891 0.109375 0.111328
0 0.118652 0.319824 0.110352 0.110352
0 0.118164 0.434082 0.097656 0.098633