0 0.142578 0.101562 0.097656 0.097656
0 0.141113 0.208984 0.084961 0.085938
0 0.141602 0.322266 0.085938 0.085938
0 0.233887 0.157227 0.110352 0.111328
0 0.239746 0.263184 0.110352 0.110352
0 0.336914 0.090820 0.109375 0.111328
0 0.333984 0.200195 0.109375 0.111328
0 0.329590 0.323730 0.110352 0.110352
0 0.429688 0.151855 0.109375 0.110352
0 0.428711 0.266602 0.109375 0.111328
0 0.520508 0.096191 0.097656 0.098633
0 0.522949 0.206055 0.084961 0.085938
0 0.523438 0.319336 0.097656 0.097656
0 0.619629 0.155762 0.110352 0.110352
0 0.611816 0.262207 0.110352 0.110352
0 0.711914 0.102051 0.097656 0.098633
0 0.716797 0.218262 0.109375 0.110352
0 0.802734 0.162598 0.109375 0.110352
0 0.803711 0.271973 0.109375 0.110352
0 0.904785 0.104004 0.110352 0.110352
0 0.896973 0.211426 0.110352 0.110352
0 0.898926 0.329590 0.110352 0.110352
0 0.900391 0.437988 0.109375 0.110352
0 0.900391 0.555176 0.097656 0.098633
0 0.900391 0.655762 0.097656 0.098633
0 0.894531 0.769531 0.109375 0.111328
0 0.805664 0.379395 0.109375 0.110352
0 0.801758 0.488770 0.109375 0.110352
0 0.803711 0.598145 0.109375 0.110352
0 0.802246 0.709961 0.110352 0.111328
0 0.714355 0.328613 0.110352 0.110352
0 0.705566 0.425293 0.110352 0.110352
0 0.708984 0.537109 0.097656 0.097656
0 0.710449 0.647461 0.110352 0.111328
0 0.710449 0.766113 0.110352 0.110352
0 0.616699 0.378418 0.110352 0.110352
0 0.618652 0.495117 0.110352 0.111328
0 0.609375 0.604492 0.097656 0.097656
0 0.619141 0.722168 0.109375 0.110352
0 0.520508 0.431641 0.109375 0.111328
0 0.519531 0.551270 0.060547 0.061523
0 0.515625 0.657715 0.109375 0.110352
0 0.517578 0.768066 0.109375 0.110352
0 0.425781 0.375977 0.109375 0.111328
0 0.428711 0.485840 0.109375 0.110352
0 0.420410 0.594238 0.110352 0.110352
0 0.424316 0.714355 0.110352 0.110352
0 0.331543 0.432129 0.110352 0.110352
0 0.327637 0.531738 0.061523 0.061523
0 0.328613 0.652832 0.110352 0.110352
0 0.328125 0.769043 0.109375 0.110352
0 0.237793 0.381348 0.061523 0.061523
0 0.232910 0.489746 0.061523 0.061523
0 0.234375 0.600098 0.109375 0.110352
0 0.233398 0.719238 0.109375 0.110352
0 0.144531 0.431152 0.109375 0.110352
0 0.138672 0.556641 0.085938 0.085938
0 0.138672 0.656738 0.109375 0.110352
0 0.140625 0.765137 0.097656 0.098633
0 0.143555 0.867188 0.097656 0.097656
0 0.238281 0.818848 0.097656 0.098633
0 0.239258 0.926270 0.097656 0.098633
0 0.328613 0.877441 0.110352 0.110352
0 0.419434 0.823730 0.110352 0.110352
0 0.422363 0.935059 0.110352 0.110352
0 0.511719 0.883301 0.109375 0.110352
0 0.618164 0.818848 0.097656 0.098633
0 0.614258 0.927246 0.097656 0.098633
0 0.711426 0.876465 0.110352 0.110352
0 0.809082 0.817383 0.110352 0.111328
0 0.804199 0.934082 0.110352 0.110352
0 0.902344 0.875000 0.109375 0.111328