0 0.119629 0.110840 0.110352 0.110352
0 0.313477 0.106445 0.097656 0.097656
0 0.593750 0.059082 0.109375 0.110352
0 0.780273 0.062988 0.097656 0.098633
0 0.875000 0.109863 0.097656 0.098633
0 0.875977 0.219238 0.097656 0.098633
0 0.876465 0.335449 0.073242 0.073242
0 0.877930 0.439941 0.097656 0.098633
0 0.875977 0.553223 0.097656 0.098633
0 0.785645 0.169434 0.110352 0.110352
0 0.778320 0.267090 0.097656 0.098633
0 0.775391 0.396973 0.097656 0.098633
0 0.781250 0.502441 0.109375 0.110352
0 0.688965 0.116699 0.110352 0.110352
0 0.690430 0.225098 0.109375 0.110352
0 0.690430 0.342285 0.097656 0.098633
0 0.690430 0.442871 0.097656 0.098633
0 0.684570 0.556641 0.109375 0.111328
0 0.595703 0.166504 0.109375 0.110352
0 0.591797 0.275879 0.109375 0.110352
0 0.593750 0.385254 0.109375 0.110352
0 0.592285 0.497070 0.110352 0.111328
0 0.504395 0.115723 0.110352 0.110352
0 0.495605 0.212402 0.110352 0.110352
0 0.499023 0.324219 0.097656 0.097656
0 0.500488 0.434570 0.110352 0.111328
0 0.500488 0.553223 0.110352 0.110352
0 0.406738 0.165527 0.110352 0.110352
0 0.408691 0.282227 0.110352 0.111328
0 0.399414 0.391602 0.097656 0.097656
0 0.409180 0.509277 0.109375 0.110352
0 0.310547 0.218750 0.109375 0.111328
0 0.309570 0.338379 0.060547 0.061523
0 0.305664 0.444824 0.109375 0.110352
0 0.307617 0.555176 0.109375 0.110352
0 0.215820 0.163086 0.109375 0.111328
0 0.218750 0.272949 0.109375 0.110352
0 0.210449 0.381348 0.110352 0.110352
0 0.214355 0.501465 0.110352 0.110352
0 0.121582 0.219238 0.110352 0.110352
0 0.117676 0.318848 0.061523 0.061523
0 0.118652 0.439941 0.110352 0.110352
0 0.118164 0.556152 0.109375 0.110352
0 0.118652 0.664551 0.110352 0.110352
0 0.116211 0.774902 0.109375 0.110352
0 0.114258 0.882324 0.109375 0.110352
0 0.209473 0.610840 0.110352 0.110352
0 0.212402 0.722168 0.110352 0.110352
0 0.213379 0.824707 0.110352 0.110352
0 0.208984 0.942871 0.097656 0.098633
0 0.301758 0.670410 0.109375 0.110352
0 0.306641 0.779785 0.097656 0.098633
0 0.305176 0.883301 0.110352 0.110352
0 0.408203 0.605957 0.097656 0.098633
0 0.404297 0.714355 0.097656 0.098633
0 0.411133 0.829590 0.109375 0.110352
0 0.412598 0.940918 0.110352 0.110352
0 0.501465 0.663574 0.110352 0.110352
0 0.502930 0.772949 0.109375 0.110352
0 0.500977 0.876465 0.109375 0.110352
0 0.599121 0.604492 0.110352 0.111328
0 0.594238 0.721191 0.110352 0.110352
0 0.596191 0.824707 0.110352 0.110352
0 0.590332 0.937012 0.110352 0.110352
0 0.692383 0.662109 0.109375 0.111328
0 0.689453 0.773926 0.109375 0.110352
0 0.687500 0.882324 0.097656 0.098633
0 0.783691 0.603027 0.110352 0.110352
0 0.782227 0.724609 0.085938 0.085938
0 0.782227 0.831055 0.097656 0.097656
0 0.787109 0.941895 0.097656 0.098633
0 0.878418 0.661621 0.110352 0.110352
0 0.877441 0.766602 0.110352 0.111328
0 0.877930 0.888672 0.109375 0.111328