0 0.060547 0.093750 0.060547 0.060547
0 0.166504 0.583496 0.073242 0.073242
0 0.159668 0.800781 0.084961 0.085938
0 0.164551 0.917480 0.073242 0.073242
0 0.254395 0.742676 0.073242 0.073242
0 0.253418 0.856934 0.061523 0.061523
0 0.261230 0.637207 0.073242 0.073242
0 0.069336 0.197266 0.097656 0.097656
0 0.067871 0.305664 0.084961 0.085938
0 0.066895 0.418945 0.084961 0.085938
0 0.067871 0.526367 0.084961 0.085938
1 0.160645 0.139648 0.073242 0.074219
1 0.253906 0.193359 0.085938 0.085938
1 0.259277 0.305664 0.073242 0.074219
0 0.166016 0.250000 0.097656 0.097656
0 0.166016 0.361328 0.097656 0.097656
0 0.162598 0.475098 0.061523 0.061523
0 0.071289 0.638184 0.085938 0.086914
0 0.255859 0.417969 0.085938 0.085938
0 0.256836 0.526367 0.085938 0.085938
0 0.158691 0.691895 0.073242 0.073242
0 0.066406 0.749023 0.085938 0.085938
0 0.062500 0.860840 0.097656 0.098633