0 0.145508 0.053223 0.097656 0.098633
0 0.141602 0.161621 0.109375 0.110352
0 0.243164 0.114746 0.109375 0.110352
0 0.323730 0.052246 0.084961 0.086914
0 0.327148 0.152832 0.097656 0.098633
0 0.437988 0.107910 0.110352 0.110352
0 0.433105 0.224121 0.110352 0.110352
0 0.525391 0.163574 0.109375 0.110352
0 0.621582 0.109375 0.084961 0.085938
0 0.622070 0.222656 0.085938 0.085938
0 0.714355 0.057617 0.110352 0.111328
0 0.720215 0.163574 0.110352 0.110352
0 0.814453 0.100586 0.109375 0.111328
0 0.810059 0.224121 0.110352 0.110352
0 0.909180 0.166992 0.109375 0.111328
0 0.906250 0.276367 0.109375 0.111328
0 0.909180 0.386230 0.109375 0.110352
0 0.900879 0.494629 0.110352 0.110352
0 0.904785 0.614746 0.110352 0.110352
0 0.812012 0.332520 0.110352 0.110352
0 0.808105 0.432129 0.061523 0.061523
0 0.809082 0.553223 0.110352 0.110352
0 0.808594 0.669434 0.109375 0.110352
0 0.718262 0.281738 0.061523 0.061523
0 0.713379 0.390137 0.061523 0.061523
0 0.714844 0.500488 0.109375 0.110352
0 0.713867 0.619629 0.109375 0.110352
0 0.625000 0.331543 0.109375 0.110352
0 0.619141 0.457031 0.085938 0.085938
0 0.619141 0.557129 0.109375 0.110352
0 0.621094 0.665527 0.097656 0.098633
0 0.527344 0.273926 0.109375 0.110352
0 0.523926 0.386230 0.110352 0.110352
0 0.527832 0.496582 0.110352 0.110352
0 0.528809 0.608887 0.110352 0.110352
0 0.431152 0.325684 0.110352 0.110352
0 0.433105 0.442871 0.110352 0.110352
0 0.433594 0.542480 0.109375 0.110352
0 0.428711 0.657227 0.109375 0.111328
0 0.531738 0.715820 0.110352 0.111328
0 0.333008 0.259277 0.097656 0.098633
0 0.341797 0.378418 0.109375 0.110352
0 0.340820 0.492188 0.109375 0.111328
0 0.336914 0.610352 0.109375 0.111328
0 0.240234 0.216309 0.109375 0.110352
0 0.238281 0.316406 0.097656 0.097656
0 0.239258 0.443359 0.097656 0.097656
0 0.246582 0.544922 0.110352 0.111328
0 0.238770 0.662598 0.110352 0.110352
0 0.141602 0.282227 0.109375 0.111328
0 0.136230 0.389648 0.084961 0.085938
0 0.140625 0.485352 0.097656 0.097656
0 0.143066 0.603516 0.084961 0.085938
0 0.141602 0.711426 0.097656 0.098633
0 0.130859 0.833496 0.097656 0.098633
0 0.237793 0.774902 0.110352 0.110352
0 0.240723 0.878418 0.110352 0.110352
0 0.332031 0.722168 0.109375 0.110352
0 0.336914 0.823730 0.109375 0.110352
0 0.337891 0.938965 0.109375 0.110352
0 0.419434 0.766602 0.110352 0.111328
0 0.430664 0.881348 0.109375 0.110352
0 0.523926 0.831055 0.110352 0.111328
0 0.520020 0.940918 0.110352 0.110352
0 0.624023 0.767578 0.097656 0.097656
0 0.619629 0.882812 0.110352 0.111328
0 0.718750 0.719238 0.097656 0.098633
0 0.719727 0.826660 0.097656 0.098633
0 0.717773 0.938477 0.097656 0.097656
0 0.809082 0.777832 0.110352 0.110352
0 0.806641 0.888184 0.109375 0.110352
0 0.899902 0.724121 0.110352 0.110352
0 0.902832 0.835449 0.110352 0.110352
0 0.903809 0.937988 0.110352 0.110352