0 0.875488 0.279297 0.084961 0.085938
0 0.694824 0.834473 0.073242 0.073242
0 0.693848 0.732910 0.073242 0.073242
0 0.118652 0.076660 0.061523 0.061523
0 0.115234 0.170410 0.097656 0.098633
0 0.119629 0.285156 0.122070 0.123047
0 0.112305 0.394043 0.109375 0.110352
0 0.115723 0.508789 0.122070 0.123047
0 0.118164 0.615234 0.109375 0.111328
0 0.212891 0.119629 0.097656 0.098633
0 0.208496 0.229004 0.110352 0.110352
0 0.200684 0.333008 0.122070 0.123047
0 0.209473 0.455566 0.110352 0.110352
0 0.210449 0.558594 0.122070 0.123047
0 0.302734 0.086914 0.048828 0.048828
0 0.299805 0.172363 0.097656 0.098633
0 0.299316 0.287598 0.122070 0.122070
0 0.303223 0.393555 0.122070 0.123047
0 0.302246 0.510254 0.110352 0.110352
0 0.298340 0.613281 0.122070 0.123047
0 0.388184 0.119629 0.073242 0.073242
0 0.392578 0.231934 0.109375 0.110352
0 0.393555 0.341309 0.109375 0.110352
0 0.393555 0.449219 0.085938 0.085938
0 0.398926 0.562988 0.110352 0.110352
0 0.498535 0.171875 0.122070 0.123047
0 0.486816 0.280273 0.122070 0.123047
0 0.494141 0.400879 0.097656 0.098633
0 0.495117 0.499512 0.097656 0.098633
0 0.491699 0.619141 0.122070 0.123047
0 0.592285 0.117188 0.073242 0.074219
0 0.597656 0.229492 0.097656 0.097656
0 0.604004 0.342773 0.122070 0.123047
0 0.599609 0.455566 0.097656 0.098633
0 0.587891 0.558105 0.097656 0.098633
0 0.692871 0.172852 0.122070 0.123047
0 0.688965 0.292969 0.122070 0.123047
0 0.690918 0.401367 0.084961 0.085938
0 0.688477 0.521973 0.097656 0.098633
0 0.783203 0.124023 0.097656 0.097656
0 0.787109 0.237305 0.097656 0.097656
0 0.787109 0.341797 0.097656 0.097656
0 0.789062 0.456055 0.097656 0.097656
0 0.788574 0.562500 0.122070 0.123047
0 0.687012 0.632324 0.073242 0.073242
0 0.788574 0.672852 0.122070 0.123047
0 0.873535 0.175781 0.073242 0.074219
0 0.880859 0.397461 0.085938 0.085938
0 0.877930 0.510742 0.097656 0.097656
0 0.878418 0.621094 0.122070 0.123047
0 0.967773 0.118652 0.060547 0.061523
0 0.879883 0.724609 0.097656 0.097656
0 0.875000 0.836426 0.097656 0.098633
0 0.871582 0.950684 0.073242 0.073242
0 0.784668 0.780762 0.110352 0.110352
0 0.783203 0.893066 0.097656 0.098633
0 0.583984 0.672363 0.097656 0.098633
0 0.585938 0.781738 0.097656 0.098633
0 0.593750 0.891113 0.097656 0.098633
0 0.488770 0.733887 0.110352 0.110352
0 0.491211 0.837402 0.097656 0.098633
0 0.489746 0.948730 0.096680 0.098633
0 0.387207 0.668457 0.110352 0.110352
0 0.395508 0.779785 0.097656 0.098633
0 0.393555 0.888184 0.097656 0.098633
0 0.298828 0.725098 0.097656 0.098633
0 0.300781 0.831055 0.097656 0.097656
0 0.299805 0.939453 0.097656 0.097656
0 0.206543 0.669922 0.122070 0.123047
0 0.206055 0.781250 0.097656 0.097656
0 0.206055 0.888672 0.097656 0.097656
0 0.108398 0.726562 0.097656 0.097656
0 0.115234 0.836914 0.097656 0.097656
0 0.105957 0.940430 0.084961 0.085938