0 0.494629 0.528809 0.061523 0.061523
0 0.223145 0.575684 0.061523 0.061523
0 0.416992 0.680176 0.060547 0.061523
0 0.782715 0.594727 0.073242 0.074219
0 0.498535 0.635742 0.073242 0.074219
0 0.959473 0.100586 0.073242 0.074219
0 0.879395 0.067871 0.073242 0.073242
0 0.877441 0.165527 0.073242 0.073242
0 0.975098 0.589844 0.036133 0.037109
1 0.877930 0.757324 0.048828 0.049805
1 0.782227 0.798828 0.048828 0.048828
1 0.777344 0.708984 0.048828 0.048828
1 0.701172 0.652832 0.060547 0.061523
1 0.599121 0.687988 0.036133 0.036133
1 0.874512 0.646973 0.061523 0.061523
0 0.881836 0.874023 0.085938 0.085938
0 0.781250 0.913086 0.097656 0.097656
0 0.694824 0.534180 0.084961 0.085938
0 0.596680 0.577148 0.085938 0.085938
0 0.413086 0.581055 0.048828 0.048828
0 0.694336 0.862305 0.097656 0.097656
0 0.703613 0.744141 0.084961 0.085938
0 0.602539 0.918457 0.109375 0.110352
0 0.603027 0.788086 0.110352 0.111328
0 0.504883 0.740234 0.085938 0.085938
0 0.506836 0.860840 0.097656 0.098633
1 0.408691 0.910156 0.110352 0.111328
0 0.416992 0.795410 0.109375 0.110352
0 0.323730 0.748535 0.110352 0.110352
0 0.315918 0.634277 0.110352 0.110352
0 0.314453 0.851562 0.109375 0.111328
0 0.224121 0.678223 0.110352 0.110352
0 0.224121 0.792969 0.110352 0.111328
0 0.226562 0.911621 0.109375 0.110352
0 0.132812 0.619629 0.109375 0.110352
0 0.129883 0.726562 0.109375 0.111328
0 0.130859 0.833008 0.097656 0.097656
0 0.942871 0.199707 0.061523 0.061523
0 0.696289 0.153320 0.085938 0.085938
0 0.778809 0.121094 0.084961 0.085938
0 0.604492 0.103027 0.097656 0.098633
0 0.599121 0.210938 0.084961 0.085938
0 0.522949 0.166504 0.084961 0.086914
0 0.512695 0.061523 0.085938 0.085938
0 0.408203 0.115723 0.109375 0.110352
0 0.419922 0.219727 0.097656 0.097656
0 0.322754 0.156250 0.084961 0.085938
0 0.233398 0.202148 0.085938 0.085938
0 0.228516 0.102539 0.097656 0.097656
0 0.135254 0.157227 0.084961 0.085938
0 0.132812 0.054199 0.097656 0.098633