0 0.865723 0.299316 0.110352 0.110352
0 0.865234 0.406738 0.097656 0.098633
0 0.857422 0.517578 0.097656 0.097656
0 0.864258 0.629395 0.085938 0.086914
0 0.860352 0.738770 0.097656 0.098633
0 0.859863 0.844238 0.110352 0.110352
0 0.770020 0.242676 0.110352 0.110352
0 0.772461 0.345703 0.109375 0.111328
0 0.768555 0.460449 0.097656 0.098633
0 0.767090 0.577148 0.110352 0.111328
0 0.770508 0.686523 0.097656 0.097656
0 0.771973 0.806152 0.110352 0.110352
0 0.773438 0.900879 0.109375 0.110352
0 0.675781 0.418457 0.109375 0.110352
0 0.672852 0.506836 0.097656 0.097656
0 0.678223 0.592773 0.110352 0.111328
0 0.683105 0.707520 0.110352 0.110352
0 0.665039 0.837402 0.109375 0.110352
0 0.571777 0.902344 0.110352 0.111328
0 0.578125 0.789062 0.109375 0.111328
0 0.583984 0.689941 0.097656 0.098633
0 0.597168 0.228516 0.110352 0.111328
0 0.588867 0.328613 0.109375 0.110352
0 0.588867 0.473145 0.109375 0.110352
0 0.584961 0.562988 0.097656 0.098633
0 0.479492 0.286621 0.109375 0.110352
0 0.488281 0.514648 0.097656 0.097656
0 0.489258 0.621094 0.097656 0.097656
0 0.489258 0.734375 0.097656 0.097656
0 0.485352 0.847656 0.097656 0.097656
0 0.390625 0.243652 0.097656 0.098633
0 0.325195 0.478027 0.048828 0.049805
0 0.390137 0.337402 0.110352 0.110352
0 0.393555 0.695312 0.097656 0.097656
0 0.391113 0.784668 0.110352 0.110352
0 0.390625 0.905762 0.097656 0.098633
0 0.293945 0.948730 0.097656 0.098633
0 0.297852 0.829102 0.085938 0.085938
0 0.297852 0.729980 0.109375 0.110352
0 0.209961 0.666504 0.097656 0.098633
0 0.222656 0.811035 0.109375 0.110352
0 0.209961 0.906738 0.109375 0.110352
0 0.110352 0.842285 0.109375 0.110352
1 0.111816 0.744141 0.084961 0.085938
0 0.116211 0.278320 0.085938 0.085938
0 0.118164 0.375000 0.097656 0.097656
0 0.109375 0.622070 0.097656 0.097656
0 0.854492 0.184082 0.109375 0.110352
0 0.770508 0.123047 0.109375 0.111328
0 0.588379 0.135742 0.110352 0.111328
0 0.487305 0.178711 0.109375 0.111328
0 0.488770 0.073242 0.110352 0.111328
0 0.210938 0.214844 0.085938 0.085938
0 0.113770 0.171387 0.110352 0.110352
0 0.118164 0.066406 0.097656 0.097656
0 0.208496 0.125000 0.084961 0.085938
0 0.409180 0.126465 0.097656 0.098633