0 0.620605 0.200684 0.073242 0.073242
0 0.324707 0.473633 0.073242 0.074219
0 0.328613 0.123535 0.073242 0.073242
0 0.518066 0.250000 0.073242 0.074219
0 0.605957 0.395996 0.073242 0.073242
0 0.424316 0.303223 0.073242 0.073242
0 0.691895 0.478027 0.073242 0.073242
0 0.688965 0.581055 0.073242 0.074219
0 0.795410 0.789062 0.073242 0.074219
0 0.799805 0.411621 0.097656 0.098633
0 0.515625 0.454102 0.085938 0.085938
0 0.503906 0.567383 0.085938 0.085938
0 0.615234 0.509277 0.085938 0.086914
0 0.613770 0.621094 0.084961 0.085938
0 0.683594 0.671875 0.085938 0.085938
0 0.606934 0.765625 0.084961 0.085938
0 0.693848 0.821289 0.084961 0.085938
0 0.798340 0.866211 0.084961 0.085938
0 0.608398 0.876953 0.085938 0.085938
0 0.689941 0.914062 0.084961 0.085938
0 0.510254 0.700684 0.110352 0.110352
0 0.507812 0.791504 0.109375 0.110352
0 0.503418 0.918945 0.110352 0.111328
0 0.413086 0.862793 0.109375 0.110352
0 0.324219 0.707031 0.085938 0.085938
0 0.324219 0.805664 0.085938 0.085938
0 0.318359 0.922363 0.097656 0.098633
0 0.224609 0.413574 0.097656 0.098633
0 0.222168 0.529785 0.110352 0.110352
0 0.124023 0.576660 0.097656 0.098633
0 0.133301 0.468262 0.110352 0.110352
0 0.047363 0.936523 0.084961 0.085938
0 0.043457 0.853516 0.084961 0.085938
0 0.128906 0.693359 0.085938 0.085938
0 0.126465 0.815430 0.084961 0.085938
0 0.127441 0.897461 0.084961 0.085938
0 0.223145 0.940430 0.084961 0.085938
0 0.230957 0.845703 0.084961 0.085938
0 0.223145 0.750977 0.084961 0.085938
0 0.227539 0.640625 0.085938 0.085938
0 0.413574 0.515625 0.084961 0.085938
0 0.412109 0.641602 0.085938 0.085938
0 0.410645 0.751953 0.084961 0.085938
0 0.326660 0.586914 0.084961 0.085938
0 0.620605 0.294434 0.073242 0.073242
0 0.516113 0.359375 0.073242 0.074219
0 0.138672 0.356445 0.109375 0.111328
0 0.134766 0.231445 0.085938 0.085938
0 0.134766 0.139160 0.097656 0.098633
0 0.231445 0.071777 0.097656 0.098633
0 0.222656 0.188965 0.109375 0.110352
0 0.223633 0.300293 0.109375 0.110352
0 0.323242 0.361328 0.085938 0.085938
0 0.330078 0.246094 0.085938 0.085938
0 0.418945 0.071777 0.097656 0.098633
0 0.419922 0.187500 0.097656 0.097656
0 0.517578 0.130371 0.109375 0.110352
0 0.800781 0.084961 0.048828 0.048828
0 0.800293 0.186523 0.084961 0.085938
0 0.802734 0.302246 0.085938 0.086914
0 0.705078 0.131836 0.085938 0.085938
0 0.699219 0.365234 0.085938 0.085938