0 0.729492 0.848145 0.109375 0.110352
0 0.057617 0.144043 0.109375 0.110352
0 0.062500 0.253418 0.097656 0.098633
0 0.061035 0.356934 0.110352 0.110352
0 0.164062 0.079590 0.097656 0.098633
0 0.160156 0.187988 0.097656 0.098633
0 0.166992 0.303223 0.109375 0.110352
0 0.168457 0.414551 0.110352 0.110352
0 0.257324 0.137207 0.110352 0.110352
0 0.258789 0.246582 0.109375 0.110352
0 0.256836 0.350098 0.109375 0.110352
0 0.354980 0.078125 0.110352 0.111328
0 0.350098 0.194824 0.110352 0.110352
0 0.352051 0.298340 0.110352 0.110352
0 0.346191 0.410645 0.110352 0.110352
0 0.448242 0.135742 0.109375 0.111328
0 0.445312 0.247559 0.109375 0.110352
0 0.443359 0.355957 0.097656 0.098633
0 0.445312 0.472168 0.097656 0.098633
0 0.539551 0.076660 0.110352 0.110352
0 0.538086 0.198242 0.085938 0.085938
0 0.538086 0.304688 0.097656 0.097656
0 0.542969 0.415527 0.097656 0.098633
0 0.634277 0.135254 0.110352 0.110352
0 0.633301 0.240234 0.110352 0.111328
0 0.633789 0.362305 0.109375 0.111328
0 0.629883 0.468262 0.109375 0.110352
0 0.728516 0.077637 0.109375 0.110352
0 0.726074 0.194824 0.110352 0.110352
0 0.728027 0.301270 0.110352 0.110352
0 0.729004 0.412109 0.110352 0.111328
0 0.816406 0.129395 0.109375 0.110352
0 0.815430 0.242676 0.109375 0.110352
0 0.823242 0.354004 0.109375 0.110352
0 0.916016 0.079590 0.097656 0.098633
0 0.916016 0.190918 0.109375 0.110352
0 0.918945 0.297363 0.097656 0.098633
0 0.919922 0.409668 0.109375 0.110352
0 0.917969 0.521973 0.109375 0.110352
0 0.919434 0.632812 0.110352 0.111328
0 0.916504 0.740234 0.110352 0.111328
0 0.921387 0.847168 0.110352 0.110352
0 0.819824 0.465820 0.110352 0.111328
0 0.821777 0.573242 0.110352 0.111328
0 0.825684 0.690918 0.110352 0.110352
0 0.830078 0.795410 0.109375 0.110352
0 0.731934 0.529297 0.110352 0.111328
0 0.730469 0.634277 0.097656 0.098633
0 0.727539 0.740723 0.109375 0.110352
0 0.634766 0.576660 0.097656 0.098633
0 0.629883 0.687988 0.109375 0.110352
0 0.633789 0.792480 0.109375 0.110352
0 0.636719 0.905762 0.048828 0.049805
0 0.728516 0.960449 0.048828 0.049805
0 0.823242 0.898438 0.048828 0.048828
0 0.535156 0.520996 0.109375 0.110352
0 0.540527 0.636230 0.110352 0.110352
0 0.540527 0.746582 0.110352 0.110352
0 0.543457 0.858887 0.110352 0.110352
0 0.445312 0.573730 0.097656 0.098633
0 0.440918 0.684082 0.110352 0.110352
0 0.446289 0.795410 0.097656 0.098633
0 0.351562 0.524902 0.109375 0.110352
0 0.348633 0.633301 0.109375 0.110352
0 0.353516 0.742676 0.109375 0.110352
0 0.352539 0.847168 0.109375 0.110352
0 0.260742 0.471191 0.109375 0.110352
0 0.259766 0.579590 0.097656 0.098633
0 0.261230 0.694824 0.110352 0.110352
0 0.255371 0.787598 0.110352 0.110352
0 0.257324 0.909180 0.110352 0.111328
0 0.164551 0.533691 0.110352 0.110352
0 0.168457 0.646973 0.110352 0.110352
0 0.165527 0.753906 0.110352 0.111328
0 0.166992 0.861328 0.097656 0.097656
0 0.168945 0.965332 0.060547 0.061523
0 0.058105 0.470215 0.110352 0.110352
0 0.062988 0.581543 0.110352 0.110352
0 0.063477 0.693359 0.109375 0.111328
0 0.062500 0.793945 0.097656 0.097656
0 0.065430 0.913574 0.109375 0.110352