0 0.296875 0.292480 0.109375 0.110352
0 0.866211 0.080566 0.109375 0.110352
0 0.869629 0.183105 0.110352 0.110352
0 0.865723 0.290527 0.110352 0.110352
0 0.768066 0.131348 0.110352 0.110352
0 0.773926 0.245605 0.110352 0.110352
0 0.773438 0.354492 0.109375 0.111328
0 0.687500 0.071289 0.085938 0.085938
0 0.676758 0.184570 0.097656 0.097656
0 0.680664 0.300781 0.097656 0.097656
0 0.584961 0.125977 0.109375 0.111328
0 0.586914 0.240234 0.109375 0.111328
0 0.581543 0.339844 0.110352 0.111328
0 0.486816 0.077148 0.110352 0.111328
0 0.483887 0.184570 0.110352 0.111328
0 0.488770 0.291504 0.110352 0.110352
0 0.393066 0.135254 0.110352 0.110352
0 0.397461 0.239746 0.109375 0.110352
0 0.297852 0.078613 0.097656 0.098633
0 0.294922 0.185059 0.109375 0.110352
0 0.197266 0.132324 0.109375 0.110352
0 0.201172 0.236816 0.109375 0.110352
0 0.204102 0.350098 0.048828 0.049805
0 0.295898 0.404785 0.048828 0.049805
0 0.390625 0.342773 0.048828 0.048828
0 0.107910 0.080566 0.110352 0.110352
0 0.107910 0.190918 0.110352 0.110352
0 0.110840 0.303223 0.110352 0.110352
0 0.109863 0.409180 0.084961 0.085938
0 0.110840 0.511230 0.110352 0.110352
0 0.201172 0.462402 0.109375 0.110352
0 0.297852 0.511719 0.109375 0.111328
0 0.400391 0.570312 0.085938 0.085938
0 0.394043 0.458008 0.084961 0.085938
0 0.490723 0.409180 0.084961 0.085938
0 0.487793 0.515625 0.084961 0.085938
0 0.495117 0.623047 0.097656 0.097656
0 0.490234 0.727539 0.097656 0.097656
0 0.485352 0.844238 0.097656 0.098633
0 0.584473 0.457520 0.073242 0.073242
0 0.587402 0.569336 0.084961 0.085938
0 0.586426 0.786133 0.073242 0.074219
0 0.672852 0.403809 0.097656 0.098633
0 0.678711 0.513184 0.097656 0.098633
0 0.673828 0.628418 0.097656 0.098633
0 0.683594 0.739258 0.097656 0.097656
0 0.685547 0.849609 0.097656 0.097656
0 0.775879 0.458496 0.110352 0.110352
0 0.776855 0.572754 0.110352 0.110352
0 0.771484 0.679199 0.109375 0.110352
0 0.770508 0.797363 0.109375 0.110352
0 0.771484 0.905273 0.109375 0.111328
0 0.870605 0.407715 0.110352 0.110352
0 0.867676 0.519043 0.110352 0.110352
0 0.861816 0.627441 0.110352 0.110352
0 0.869629 0.739746 0.110352 0.110352
0 0.871094 0.848145 0.109375 0.110352
0 0.585449 0.916992 0.084961 0.085938