0 0.658691 0.646484 0.073242 0.074219
0 0.945801 0.058105 0.073242 0.073242
0 0.757324 0.138672 0.084961 0.085938
0 0.660645 0.072266 0.084961 0.085938
0 0.094727 0.084473 0.097656 0.098633
0 0.188965 0.141602 0.084961 0.085938
0 0.283203 0.092285 0.097656 0.098633
0 0.378906 0.148926 0.097656 0.098633
0 0.484375 0.088867 0.097656 0.097656
0 0.568359 0.151367 0.097656 0.097656
0 0.850586 0.112305 0.085938 0.085938
0 0.944336 0.598633 0.097656 0.097656
0 0.947266 0.711914 0.097656 0.097656
0 0.945312 0.812988 0.097656 0.098633
0 0.941406 0.920898 0.085938 0.085938
0 0.844727 0.550781 0.085938 0.085938
0 0.846191 0.649414 0.084961 0.085938
0 0.848633 0.763672 0.085938 0.085938
0 0.849609 0.873047 0.085938 0.085938
0 0.750488 0.591797 0.084961 0.085938
0 0.746582 0.694336 0.084961 0.085938
0 0.746582 0.809570 0.084961 0.085938
0 0.745117 0.918457 0.109375 0.110352
0 0.651855 0.860840 0.110352 0.110352
0 0.653320 0.749023 0.097656 0.097656
0 0.564453 0.685547 0.085938 0.085938
0 0.548828 0.812988 0.097656 0.098633
0 0.554688 0.922363 0.097656 0.098633
0 0.468750 0.859863 0.097656 0.098633
0 0.368164 0.590332 0.097656 0.098633
0 0.275391 0.541992 0.097656 0.097656
0 0.277344 0.638184 0.097656 0.098633
0 0.272461 0.755371 0.109375 0.110352
0 0.269531 0.860840 0.109375 0.110352
0 0.177734 0.584473 0.097656 0.098633
0 0.184570 0.689941 0.097656 0.098633
0 0.179199 0.802246 0.110352 0.110352
0 0.176270 0.916504 0.110352 0.110352
0 0.084961 0.860352 0.109375 0.111328
0 0.093750 0.726562 0.097656 0.097656
0 0.088867 0.625000 0.109375 0.111328
0 0.945312 0.364258 0.097656 0.097656
0 0.938477 0.481934 0.097656 0.098633
0 0.846191 0.454102 0.084961 0.085938
0 0.665527 0.206055 0.084961 0.085938
0 0.652832 0.313965 0.110352 0.110352
0 0.557617 0.252441 0.109375 0.110352
0 0.557617 0.367676 0.097656 0.098633
0 0.483398 0.187988 0.085938 0.086914
0 0.484375 0.286621 0.097656 0.098633
0 0.479004 0.408203 0.084961 0.085938
0 0.376953 0.460938 0.097656 0.097656
0 0.371094 0.354004 0.097656 0.098633
0 0.371094 0.268066 0.097656 0.098633
0 0.277344 0.201660 0.097656 0.098633
0 0.276367 0.309082 0.109375 0.110352
0 0.275391 0.420898 0.097656 0.097656
0 0.189453 0.464844 0.097656 0.097656
0 0.181641 0.250000 0.097656 0.097656
0 0.186523 0.363281 0.097656 0.097656
0 0.094727 0.200195 0.097656 0.097656
0 0.094727 0.314453 0.097656 0.097656
0 0.086914 0.424805 0.097656 0.097656
0 0.086426 0.525879 0.110352 0.110352