0 0.170410 0.882812 0.084961 0.085938
0 0.916504 0.902832 0.110352 0.110352
0 0.832520 0.853027 0.110352 0.110352
0 0.737305 0.897949 0.097656 0.098633
0 0.644531 0.845703 0.097656 0.097656
0 0.544922 0.901367 0.109375 0.111328
0 0.452148 0.835938 0.085938 0.085938
0 0.356445 0.890625 0.097656 0.097656
0 0.263672 0.851562 0.109375 0.111328
0 0.933594 0.055176 0.097656 0.098633
0 0.925781 0.166016 0.097656 0.097656
0 0.932617 0.277832 0.085938 0.086914
0 0.928711 0.387207 0.097656 0.098633
0 0.928223 0.492676 0.110352 0.110352
0 0.929688 0.626465 0.109375 0.110352
0 0.836914 0.108887 0.097656 0.098633
0 0.835449 0.225586 0.110352 0.111328
0 0.838867 0.334961 0.097656 0.097656
0 0.840332 0.454590 0.110352 0.110352
0 0.841797 0.549316 0.109375 0.110352
0 0.837402 0.674805 0.084961 0.085938
0 0.744141 0.066895 0.109375 0.110352
0 0.741211 0.155273 0.097656 0.097656
0 0.746582 0.241211 0.110352 0.111328
0 0.751465 0.355957 0.110352 0.110352
0 0.733398 0.485840 0.109375 0.110352
0 0.740723 0.609375 0.110352 0.111328
0 0.651367 0.658691 0.109375 0.110352
0 0.640137 0.550781 0.110352 0.111328
0 0.646484 0.437500 0.109375 0.111328
0 0.652344 0.338379 0.097656 0.098633
0 0.657227 0.121582 0.109375 0.110352
0 0.653320 0.211426 0.097656 0.098633
0 0.556641 0.163086 0.097656 0.097656
0 0.557617 0.269531 0.097656 0.097656
0 0.557617 0.382812 0.097656 0.097656
0 0.553711 0.496094 0.097656 0.097656
0 0.393555 0.126465 0.048828 0.049805
0 0.461914 0.343750 0.097656 0.097656
0 0.459473 0.433105 0.110352 0.110352
0 0.458984 0.554199 0.097656 0.098633
0 0.460449 0.649414 0.110352 0.111328
0 0.545410 0.602539 0.110352 0.111328
0 0.362305 0.597168 0.097656 0.098633
0 0.366211 0.477539 0.085938 0.085938
0 0.366211 0.378418 0.109375 0.110352
0 0.278320 0.314941 0.097656 0.098633
0 0.291016 0.459473 0.109375 0.110352
0 0.278320 0.555176 0.109375 0.110352
0 0.263672 0.658203 0.097656 0.097656
0 0.182617 0.608887 0.109375 0.110352
0 0.178711 0.490723 0.109375 0.110352
1 0.180176 0.392578 0.084961 0.085938
0 0.177734 0.270508 0.097656 0.097656
0 0.084473 0.226562 0.084961 0.085938
0 0.079102 0.334473 0.097656 0.098633
0 0.079102 0.435547 0.097656 0.097656
0 0.079102 0.551270 0.109375 0.110352
0 0.080566 0.648926 0.110352 0.110352