0 0.155762 0.958984 0.073242 0.074219
0 0.330566 0.378906 0.073242 0.074219
0 0.332520 0.464844 0.073242 0.074219
0 0.533691 0.446777 0.073242 0.073242
0 0.526855 0.230469 0.073242 0.074219
0 0.252441 0.432129 0.073242 0.073242
0 0.445312 0.560059 0.060547 0.061523
0 0.250488 0.529785 0.073242 0.073242
0 0.809570 0.899414 0.048828 0.048828
0 0.714844 0.960938 0.048828 0.048828
0 0.625000 0.916016 0.048828 0.048828
0 0.530273 0.969727 0.037109 0.037109
0 0.348145 0.954102 0.036133 0.037109
0 0.067871 0.898438 0.084961 0.085938
0 0.912109 0.142578 0.085938 0.085938
0 0.914551 0.234863 0.110352 0.110352
0 0.907227 0.347168 0.097656 0.098633
0 0.816895 0.063477 0.084961 0.085938
0 0.817871 0.180176 0.110352 0.110352
0 0.821777 0.288574 0.110352 0.110352
0 0.820312 0.397949 0.109375 0.110352
0 0.817383 0.516113 0.097656 0.098633
0 0.716797 0.132324 0.097656 0.098633
0 0.711914 0.241699 0.097656 0.098633
0 0.708008 0.347168 0.097656 0.098633
0 0.719238 0.456055 0.084961 0.085938
0 0.623535 0.503906 0.084961 0.085938
0 0.629395 0.086914 0.084961 0.085938
0 0.612305 0.204102 0.085938 0.085938
0 0.614746 0.289551 0.084961 0.086914
0 0.621094 0.397461 0.097656 0.097656
0 0.540039 0.125488 0.097656 0.098633
0 0.448242 0.212402 0.060547 0.061523
0 0.447754 0.315430 0.073242 0.074219
0 0.450684 0.401367 0.084961 0.085938
0 0.441406 0.480469 0.085938 0.085938
0 0.315918 0.563965 0.061523 0.061523
0 0.069336 0.517578 0.085938 0.085938
0 0.447266 0.083496 0.109375 0.110352
0 0.348633 0.127930 0.109375 0.111328
0 0.336914 0.270020 0.097656 0.098633
0 0.252930 0.317871 0.097656 0.098633
0 0.267578 0.203125 0.085938 0.085938
0 0.252930 0.095215 0.097656 0.098633
0 0.164062 0.133301 0.109375 0.110352
0 0.174316 0.270508 0.084961 0.085938
0 0.165039 0.364746 0.097656 0.098633
0 0.151855 0.485352 0.084961 0.085938
0 0.074707 0.412598 0.110352 0.110352
0 0.066895 0.318848 0.110352 0.110352
0 0.069824 0.191406 0.110352 0.111328
0 0.072266 0.089844 0.109375 0.111328
0 0.531250 0.334473 0.097656 0.098633