0 0.948730 0.076660 0.073242 0.073242
0 0.946289 0.182617 0.085938 0.085938
0 0.947266 0.293945 0.097656 0.097656
0 0.849609 0.127930 0.085938 0.085938
0 0.849609 0.234375 0.097656 0.097656
0 0.756348 0.077148 0.084961 0.085938
0 0.759277 0.185547 0.084961 0.085938
0 0.757812 0.290039 0.097656 0.097656
0 0.661621 0.135742 0.084961 0.085938
0 0.660156 0.238281 0.097656 0.097656
0 0.571777 0.077148 0.073242 0.074219
0 0.569824 0.185547 0.073242 0.074219
0 0.562012 0.297363 0.073242 0.073242
0 0.478027 0.127930 0.084961 0.085938
0 0.479492 0.236816 0.097656 0.098633
0 0.382324 0.073242 0.084961 0.085938
0 0.380859 0.185059 0.097656 0.098633
0 0.380859 0.299316 0.097656 0.098633
0 0.285156 0.128906 0.085938 0.085938
0 0.287109 0.237793 0.097656 0.098633
0 0.194336 0.074707 0.097656 0.098633
0 0.195312 0.182129 0.097656 0.098633
0 0.192383 0.293457 0.097656 0.098633
0 0.092285 0.128418 0.110352 0.110352
0 0.088379 0.235840 0.110352 0.110352
0 0.093262 0.353027 0.110352 0.110352
0 0.090332 0.464355 0.110352 0.110352
0 0.084473 0.572754 0.110352 0.110352
0 0.092285 0.685059 0.110352 0.110352
0 0.093750 0.793457 0.109375 0.110352
0 0.194336 0.405762 0.109375 0.110352
0 0.194336 0.514160 0.097656 0.098633
0 0.189941 0.626465 0.110352 0.110352
0 0.192871 0.737793 0.110352 0.110352
0 0.191895 0.853027 0.110352 0.110352
0 0.287109 0.346191 0.109375 0.110352
0 0.293945 0.470215 0.109375 0.110352
0 0.287109 0.573730 0.109375 0.110352
0 0.287109 0.689941 0.109375 0.110352
0 0.284180 0.793457 0.109375 0.110352
0 0.381836 0.400391 0.097656 0.097656
0 0.378418 0.516113 0.110352 0.110352
0 0.384766 0.631348 0.109375 0.110352
0 0.379883 0.742676 0.097656 0.098633
0 0.385742 0.850098 0.109375 0.110352
0 0.475098 0.351562 0.073242 0.074219
0 0.477539 0.458984 0.097656 0.097656
0 0.474121 0.566895 0.110352 0.110352
0 0.477051 0.684082 0.110352 0.110352
0 0.476074 0.798828 0.084961 0.085938
0 0.566895 0.403320 0.073242 0.074219
0 0.563477 0.515625 0.097656 0.097656
0 0.568848 0.626953 0.084961 0.085938
0 0.567383 0.737793 0.097656 0.098633
0 0.665039 0.346191 0.097656 0.098633
0 0.661133 0.459961 0.085938 0.085938
0 0.659180 0.562500 0.097656 0.097656
0 0.660156 0.676758 0.085938 0.085938
0 0.663086 0.792969 0.085938 0.085938
0 0.757812 0.397949 0.097656 0.098633
0 0.762695 0.516113 0.097656 0.098633
0 0.765625 0.622070 0.097656 0.097656
0 0.764648 0.739258 0.097656 0.097656
0 0.851562 0.349121 0.085938 0.086914
0 0.851562 0.456543 0.097656 0.098633
0 0.850586 0.564941 0.097656 0.098633
0 0.851562 0.694824 0.097656 0.098633
0 0.944336 0.511230 0.097656 0.098633
0 0.943359 0.625977 0.085938 0.085938
0 0.946777 0.735352 0.084961 0.085938
0 0.854004 0.805664 0.084961 0.085938
0 0.943848 0.843750 0.084961 0.085938
1 0.850098 0.900391 0.084961 0.085938
0 0.760742 0.847656 0.085938 0.085938
0 0.666016 0.896973 0.097656 0.098633
0 0.564941 0.850586 0.084961 0.085938
0 0.476562 0.904785 0.097656 0.098633
1 0.278809 0.912598 0.110352 0.110352
0 0.083008 0.905762 0.109375 0.110352