0 0.357910 0.303223 0.061523 0.061523
0 0.086426 0.350098 0.061523 0.061523
0 0.280273 0.454590 0.060547 0.061523
0 0.645996 0.369141 0.073242 0.074219
0 0.361816 0.410156 0.073242 0.074219
0 0.838379 0.364258 0.036133 0.037109
1 0.741211 0.531738 0.048828 0.049805
1 0.645508 0.573242 0.048828 0.048828
1 0.640625 0.483398 0.048828 0.048828
1 0.564453 0.427246 0.060547 0.061523
1 0.462402 0.462402 0.036133 0.036133
0 0.844727 0.471680 0.085938 0.085938
1 0.737793 0.421387 0.061523 0.061523
0 0.919434 0.419922 0.024414 0.025391
0 0.935547 0.547363 0.097656 0.098633
0 0.936523 0.651367 0.097656 0.097656
0 0.929688 0.768555 0.097656 0.097656
0 0.932129 0.871094 0.084961 0.085938
0 0.838867 0.912598 0.097656 0.098633
0 0.837891 0.810547 0.085938 0.085938
0 0.835938 0.700684 0.097656 0.098633
0 0.836914 0.584961 0.109375 0.111328
0 0.745117 0.648438 0.085938 0.085938
0 0.745117 0.737305 0.097656 0.097656
0 0.744141 0.846191 0.097656 0.098633
0 0.644043 0.907715 0.110352 0.110352
0 0.648438 0.792969 0.097656 0.097656
0 0.644531 0.687500 0.097656 0.097656
0 0.558105 0.308594 0.084961 0.085938
0 0.459961 0.351562 0.085938 0.085938
0 0.276367 0.355469 0.048828 0.048828
0 0.557617 0.636719 0.097656 0.097656
0 0.566895 0.518555 0.084961 0.085938
0 0.552734 0.764648 0.085938 0.085938
1 0.557617 0.865723 0.097656 0.098633
0 0.458008 0.908691 0.109375 0.110352
0 0.457031 0.800781 0.097656 0.097656
0 0.465820 0.692871 0.109375 0.110352
0 0.466309 0.562500 0.110352 0.111328
0 0.368164 0.514648 0.085938 0.085938
0 0.370117 0.635254 0.097656 0.098633
0 0.366211 0.747070 0.097656 0.097656
0 0.359863 0.860352 0.110352 0.111328
0 0.269531 0.901855 0.109375 0.110352
0 0.274414 0.796387 0.109375 0.110352
1 0.271973 0.684570 0.110352 0.111328
0 0.280273 0.569824 0.109375 0.110352
0 0.187012 0.522949 0.110352 0.110352
0 0.179199 0.408691 0.110352 0.110352
0 0.177734 0.625977 0.109375 0.111328
0 0.180664 0.727539 0.097656 0.097656
0 0.176270 0.852051 0.110352 0.110352
0 0.087402 0.452637 0.110352 0.110352
0 0.087402 0.567383 0.110352 0.111328
0 0.089844 0.686035 0.109375 0.110352
0 0.082031 0.783203 0.109375 0.111328
0 0.085938 0.886230 0.109375 0.110352