0 0.179199 0.277832 0.073242 0.073242
0 0.080566 0.108887 0.061523 0.061523
0 0.175293 0.154785 0.061523 0.061523
0 0.268555 0.116211 0.060547 0.060547
0 0.180664 0.601562 0.085938 0.085938
0 0.374512 0.605957 0.073242 0.073242
0 0.367676 0.823242 0.084961 0.085938
0 0.372559 0.939941 0.073242 0.073242
0 0.462402 0.765137 0.073242 0.073242
0 0.461426 0.879395 0.061523 0.061523
0 0.469238 0.659668 0.073242 0.073242
0 0.085938 0.222656 0.085938 0.085938
0 0.083008 0.333008 0.085938 0.085938
0 0.085449 0.441895 0.073242 0.073242
1 0.087402 0.553223 0.073242 0.073242
0 0.182617 0.397461 0.085938 0.085938
0 0.179688 0.497559 0.085938 0.086914
0 0.277344 0.219727 0.097656 0.097656
0 0.275879 0.328125 0.084961 0.085938
0 0.274902 0.441406 0.084961 0.085938
0 0.275879 0.548828 0.084961 0.085938
1 0.368652 0.162109 0.073242 0.074219
1 0.461914 0.215820 0.085938 0.085938
1 0.467285 0.328125 0.073242 0.074219
0 0.374023 0.272461 0.097656 0.097656
0 0.374023 0.383789 0.097656 0.097656
0 0.370605 0.497559 0.061523 0.061523
0 0.279297 0.660645 0.085938 0.086914
0 0.091797 0.654785 0.097656 0.098633
0 0.463867 0.440430 0.085938 0.085938
0 0.464844 0.548828 0.085938 0.085938
0 0.366699 0.714355 0.073242 0.073242
0 0.274414 0.771484 0.085938 0.085938
0 0.270508 0.883301 0.097656 0.098633
0 0.177734 0.718262 0.097656 0.098633
0 0.177734 0.825684 0.097656 0.098633
0 0.180176 0.940430 0.084961 0.085938
0 0.085938 0.767090 0.097656 0.098633
0 0.088867 0.879883 0.097656 0.097656