0 0.120605 0.137695 0.110352 0.111328
0 0.116699 0.243164 0.110352 0.111328
0 0.206055 0.073730 0.109375 0.110352
0 0.208008 0.185547 0.097656 0.097656
0 0.309570 0.126465 0.097656 0.098633
0 0.305664 0.234863 0.109375 0.110352
0 0.394531 0.069824 0.097656 0.098633
0 0.407227 0.187988 0.109375 0.110352
0 0.487793 0.125488 0.084961 0.086914
0 0.491211 0.226074 0.097656 0.098633
0 0.601562 0.062988 0.109375 0.110352
0 0.602051 0.181152 0.110352 0.110352
0 0.597168 0.297363 0.110352 0.110352
0 0.692383 0.122559 0.097656 0.098633
0 0.689453 0.236816 0.109375 0.110352
0 0.787109 0.075195 0.097656 0.097656
0 0.785645 0.182617 0.084961 0.085938
0 0.786133 0.295898 0.085938 0.085938
0 0.878418 0.130859 0.110352 0.111328
0 0.884277 0.236816 0.110352 0.110352
0 0.882324 0.354980 0.061523 0.061523
0 0.877441 0.463379 0.061523 0.061523
0 0.878906 0.573730 0.109375 0.110352
0 0.877930 0.692871 0.109375 0.110352
0 0.789062 0.404785 0.109375 0.110352
0 0.783203 0.530273 0.085938 0.085938
0 0.783203 0.630371 0.109375 0.110352
0 0.785156 0.738770 0.097656 0.098633
0 0.691406 0.347168 0.109375 0.110352
0 0.687988 0.459473 0.110352 0.110352
0 0.691895 0.569824 0.110352 0.110352
0 0.692871 0.682129 0.110352 0.110352
0 0.595215 0.398926 0.110352 0.110352
0 0.597168 0.516113 0.110352 0.110352
0 0.597656 0.615723 0.109375 0.110352
0 0.592773 0.730469 0.109375 0.111328
0 0.695801 0.789062 0.110352 0.111328
0 0.497070 0.332520 0.097656 0.098633
0 0.505859 0.451660 0.109375 0.110352
0 0.504883 0.565430 0.109375 0.111328
0 0.500977 0.683594 0.109375 0.111328
0 0.404297 0.289551 0.109375 0.110352
0 0.402344 0.389648 0.097656 0.097656
0 0.403320 0.516602 0.097656 0.097656
0 0.410645 0.618164 0.110352 0.111328
0 0.402832 0.735840 0.110352 0.110352
0 0.305664 0.355469 0.109375 0.111328
0 0.300293 0.462891 0.084961 0.085938
0 0.304688 0.558594 0.097656 0.097656
0 0.307129 0.676758 0.084961 0.085938
0 0.210449 0.292969 0.110352 0.111328
0 0.204102 0.404297 0.097656 0.097656
0 0.200684 0.508789 0.084961 0.085938
0 0.205566 0.624512 0.110352 0.110352
0 0.208008 0.734863 0.109375 0.110352
0 0.113281 0.358398 0.097656 0.097656
0 0.115234 0.469727 0.085938 0.085938
0 0.114258 0.582520 0.109375 0.110352
0 0.110352 0.682129 0.097656 0.098633
0 0.111328 0.790527 0.097656 0.098633
0 0.108398 0.906738 0.109375 0.110352
0 0.206055 0.847168 0.109375 0.110352
0 0.305664 0.784668 0.097656 0.098633
0 0.294922 0.906738 0.097656 0.098633
0 0.401855 0.848145 0.110352 0.110352
0 0.496094 0.795410 0.109375 0.110352
0 0.500977 0.896973 0.109375 0.110352
0 0.583496 0.839844 0.110352 0.111328
0 0.687988 0.904297 0.110352 0.111328
0 0.788086 0.840820 0.097656 0.097656
0 0.882812 0.792480 0.097656 0.098633
0 0.883789 0.899902 0.097656 0.098633