0 0.903320 0.906250 0.097656 0.097656
0 0.902344 0.795410 0.097656 0.098633
0 0.807617 0.852051 0.097656 0.098633
1 0.714355 0.895020 0.110352 0.110352
0 0.718262 0.784180 0.110352 0.111328
0 0.618652 0.846680 0.110352 0.111328
0 0.526855 0.895996 0.110352 0.110352
0 0.524414 0.799316 0.109375 0.110352
0 0.432617 0.835938 0.109375 0.111328
0 0.428711 0.942871 0.097656 0.098633
0 0.333008 0.885254 0.097656 0.098633
0 0.338379 0.779785 0.110352 0.110352
0 0.238770 0.839355 0.110352 0.110352
0 0.152344 0.776855 0.109375 0.110352
0 0.145508 0.885254 0.109375 0.110352
0 0.911621 0.136230 0.110352 0.110352
0 0.910156 0.254395 0.109375 0.110352
0 0.907227 0.362793 0.109375 0.110352
0 0.913574 0.474121 0.061523 0.061523
0 0.909668 0.566895 0.084961 0.086914
0 0.815918 0.093262 0.084961 0.086914
0 0.819824 0.205078 0.084961 0.085938
0 0.815430 0.306641 0.085938 0.085938
0 0.812988 0.419922 0.084961 0.085938
0 0.820312 0.532715 0.097656 0.098633
0 0.721191 0.158203 0.084961 0.085938
0 0.726562 0.258789 0.085938 0.085938
0 0.722656 0.350586 0.085938 0.085938
0 0.722168 0.464844 0.084961 0.085938
0 0.716797 0.575684 0.097656 0.098633
0 0.634766 0.074707 0.109375 0.110352
0 0.632324 0.193359 0.110352 0.111328
0 0.623047 0.309082 0.109375 0.110352
0 0.630859 0.418457 0.109375 0.110352
0 0.620117 0.526367 0.109375 0.111328
0 0.524902 0.149902 0.110352 0.110352
0 0.527344 0.254395 0.109375 0.110352
0 0.531250 0.354492 0.097656 0.097656
0 0.532227 0.469238 0.097656 0.098633
0 0.527344 0.583008 0.085938 0.085938
0 0.437500 0.086426 0.097656 0.098633
0 0.439453 0.200684 0.097656 0.098633
0 0.435547 0.309082 0.097656 0.098633
0 0.440918 0.415527 0.084961 0.086914
0 0.439453 0.521973 0.109375 0.110352
0 0.342773 0.134277 0.097656 0.098633
0 0.341797 0.250488 0.097656 0.098633
0 0.338867 0.356934 0.097656 0.098633
0 0.343750 0.476562 0.097656 0.097656
0 0.338379 0.583008 0.084961 0.085938
0 0.244629 0.089844 0.084961 0.085938
0 0.244629 0.227539 0.084961 0.085938
0 0.241699 0.313477 0.084961 0.085938
0 0.243164 0.416504 0.109375 0.110352
0 0.249512 0.531250 0.122070 0.123047
0 0.151367 0.140625 0.097656 0.097656
0 0.159180 0.255371 0.097656 0.098633
0 0.149902 0.365723 0.110352 0.110352
0 0.149902 0.464355 0.110352 0.110352
0 0.145996 0.568848 0.110352 0.110352
0 0.054688 0.092285 0.097656 0.098633
0 0.059570 0.189941 0.097656 0.098633
0 0.057129 0.308594 0.084961 0.085938
0 0.055664 0.416504 0.097656 0.098633
0 0.056641 0.518066 0.109375 0.110352