0 0.094727 0.145508 0.060547 0.060547
0 0.200684 0.635254 0.073242 0.073242
0 0.193848 0.852539 0.084961 0.085938
0 0.288574 0.794434 0.073242 0.073242
0 0.287598 0.908691 0.061523 0.061523
0 0.295410 0.688965 0.073242 0.073242
0 0.103516 0.249023 0.097656 0.097656
0 0.102051 0.357422 0.084961 0.085938
0 0.101074 0.470703 0.084961 0.085938
0 0.102051 0.578125 0.084961 0.085938
1 0.194824 0.191406 0.073242 0.074219
1 0.288086 0.245117 0.085938 0.085938
1 0.293457 0.357422 0.073242 0.074219
0 0.200195 0.301758 0.097656 0.097656
0 0.200195 0.413086 0.097656 0.097656
0 0.196777 0.526855 0.061523 0.061523
0 0.105469 0.689941 0.085938 0.086914
0 0.290039 0.469727 0.085938 0.085938
0 0.291016 0.578125 0.085938 0.085938
0 0.192871 0.743652 0.073242 0.073242
0 0.100586 0.800781 0.085938 0.085938
0 0.096680 0.912598 0.097656 0.098633