0 0.106934 0.434570 0.073242 0.074219
0 0.879883 0.561035 0.109375 0.110352
0 0.409668 0.882324 0.073242 0.073242
0 0.314941 0.839844 0.073242 0.074219
0 0.880371 0.219727 0.110352 0.111328
0 0.878418 0.333008 0.110352 0.111328
0 0.877930 0.445312 0.097656 0.097656
0 0.882324 0.666504 0.073242 0.073242
0 0.780762 0.171875 0.110352 0.111328
0 0.780273 0.275391 0.109375 0.111328
0 0.777344 0.396973 0.109375 0.110352
0 0.779297 0.504395 0.097656 0.098633
0 0.783203 0.608887 0.097656 0.098633
0 0.682617 0.223145 0.109375 0.110352
0 0.687500 0.331543 0.097656 0.098633
0 0.688477 0.441895 0.097656 0.098633
0 0.688477 0.548340 0.097656 0.098633
0 0.690918 0.660645 0.073242 0.073242
0 0.685547 0.112305 0.109375 0.111328
0 0.588867 0.169434 0.109375 0.110352
0 0.585449 0.273438 0.084961 0.085938
0 0.589844 0.375488 0.097656 0.098633
0 0.591797 0.498535 0.097656 0.098633
0 0.591797 0.607910 0.097656 0.098633
0 0.492676 0.111816 0.110352 0.110352
0 0.491699 0.214355 0.110352 0.110352
0 0.500000 0.326660 0.097656 0.098633
0 0.494141 0.432129 0.097656 0.098633
0 0.495117 0.551270 0.097656 0.098633
0 0.499512 0.653320 0.073242 0.074219
0 0.396973 0.164551 0.110352 0.110352
0 0.402344 0.269043 0.109375 0.110352
0 0.403320 0.382324 0.097656 0.098633
0 0.402344 0.496582 0.097656 0.098633
0 0.402344 0.601562 0.085938 0.085938
0 0.300781 0.110840 0.085938 0.086914
0 0.302734 0.219238 0.109375 0.110352
0 0.303711 0.325684 0.097656 0.098633
0 0.302734 0.438965 0.097656 0.098633
0 0.309082 0.542969 0.084961 0.085938
0 0.305664 0.650391 0.097656 0.097656
0 0.204102 0.159668 0.109375 0.110352
0 0.208984 0.270996 0.097656 0.098633
0 0.205566 0.377930 0.084961 0.085938
0 0.207520 0.487305 0.084961 0.085938
0 0.213867 0.601562 0.097656 0.097656
0 0.108398 0.097168 0.097656 0.098633
0 0.106934 0.211914 0.084961 0.085938
0 0.112793 0.328125 0.084961 0.085938
0 0.113770 0.541016 0.073242 0.074219
0 0.109375 0.645020 0.060547 0.061523
0 0.590820 0.057129 0.109375 0.110352
0 0.398926 0.054688 0.084961 0.085938
0 0.114746 0.829102 0.084961 0.085938
0 0.208984 0.892578 0.097656 0.097656
0 0.304688 0.935059 0.109375 0.110352
0 0.502441 0.831543 0.061523 0.061523
0 0.500977 0.937988 0.097656 0.098633
0 0.600586 0.880371 0.097656 0.098633
0 0.697266 0.829590 0.060547 0.061523
0 0.689453 0.936035 0.097656 0.098633
0 0.786621 0.883789 0.084961 0.085938
0 0.878906 0.830566 0.060547 0.061523
0 0.881836 0.939941 0.097656 0.098633