0 0.406738 0.166016 0.073242 0.074219
0 0.304199 0.209473 0.073242 0.073242
0 0.807617 0.062988 0.097656 0.098633
0 0.613770 0.064453 0.084961 0.085938
0 0.521484 0.118164 0.097656 0.097656
0 0.711426 0.118164 0.084961 0.085938
0 0.399414 0.066406 0.097656 0.097656
0 0.299805 0.090332 0.097656 0.098633
0 0.231445 0.052246 0.097656 0.098633
0 0.127930 0.105957 0.048828 0.049805
0 0.033203 0.180176 0.060547 0.061523
0 0.124023 0.236328 0.085938 0.085938
0 0.125977 0.340332 0.109375 0.110352
0 0.126953 0.452637 0.109375 0.110352
0 0.128906 0.564453 0.097656 0.097656
0 0.231445 0.172363 0.097656 0.098633
0 0.229980 0.279785 0.110352 0.110352
0 0.229492 0.400879 0.109375 0.110352
0 0.230469 0.505371 0.097656 0.098633
0 0.226562 0.613770 0.109375 0.110352
0 0.317383 0.354004 0.097656 0.098633
0 0.315430 0.448730 0.097656 0.098633
0 0.328125 0.566895 0.109375 0.110352
0 0.405273 0.294434 0.097656 0.098633
0 0.411621 0.393555 0.084961 0.085938
0 0.408691 0.504395 0.084961 0.086914
0 0.412109 0.604980 0.097656 0.098633
0 0.526367 0.223633 0.097656 0.097656
0 0.518555 0.334473 0.097656 0.098633
0 0.522461 0.441895 0.109375 0.110352
0 0.522949 0.560059 0.110352 0.110352
0 0.518066 0.676270 0.110352 0.110352
0 0.616211 0.172852 0.097656 0.097656
0 0.614746 0.286133 0.110352 0.111328
0 0.613281 0.390137 0.109375 0.110352
0 0.613281 0.501465 0.097656 0.098633
0 0.610352 0.615723 0.109375 0.110352
0 0.712402 0.233398 0.110352 0.111328
0 0.708008 0.342773 0.097656 0.097656
0 0.708008 0.454102 0.097656 0.097656
0 0.706543 0.561523 0.084961 0.085938
0 0.707031 0.674805 0.085938 0.085938
0 0.803711 0.177734 0.085938 0.085938
0 0.802734 0.290039 0.097656 0.097656
0 0.807129 0.399414 0.110352 0.111328
0 0.799316 0.509766 0.110352 0.111328
0 0.805176 0.615723 0.110352 0.110352
0 0.896973 0.121094 0.084961 0.085938
0 0.899414 0.230469 0.085938 0.085938
0 0.896484 0.341797 0.085938 0.085938
0 0.902344 0.443359 0.109375 0.111328
0 0.899414 0.552734 0.109375 0.111328
0 0.895020 0.676270 0.110352 0.110352
0 0.896973 0.784668 0.110352 0.110352
0 0.893066 0.884277 0.061523 0.061523
0 0.803223 0.733887 0.061523 0.061523
0 0.798340 0.842285 0.061523 0.061523
0 0.709961 0.783691 0.109375 0.110352
0 0.704102 0.909180 0.085938 0.085938
0 0.612305 0.726074 0.109375 0.110352
0 0.608887 0.838379 0.110352 0.110352
0 0.516113 0.777832 0.110352 0.110352
0 0.518066 0.895020 0.110352 0.110352
0 0.417969 0.711426 0.097656 0.098633
0 0.426758 0.830566 0.109375 0.110352
0 0.325195 0.668457 0.109375 0.110352
0 0.323242 0.768555 0.097656 0.097656
0 0.324219 0.895508 0.097656 0.097656
0 0.226562 0.734375 0.109375 0.111328
0 0.221191 0.841797 0.084961 0.085938
0 0.225586 0.937500 0.097656 0.097656
0 0.131348 0.671875 0.110352 0.111328
0 0.125000 0.783203 0.097656 0.097656
0 0.121582 0.887695 0.084961 0.085938