1 0.674316 0.047852 0.073242 0.074219
1 0.672852 0.167480 0.060547 0.061523
0 0.957520 0.770996 0.061523 0.061523
0 0.953613 0.863770 0.084961 0.086914
0 0.857422 0.054199 0.097656 0.098633
0 0.862793 0.170410 0.110352 0.110352
0 0.870117 0.271973 0.097656 0.098633
0 0.859863 0.390137 0.084961 0.086914
0 0.863770 0.501953 0.084961 0.085938
0 0.859375 0.603516 0.085938 0.085938
0 0.856934 0.716797 0.084961 0.085938
0 0.864258 0.829590 0.097656 0.098633
0 0.767090 0.106445 0.110352 0.111328
0 0.773438 0.214355 0.097656 0.098633
0 0.765137 0.455078 0.084961 0.085938
0 0.770508 0.555664 0.085938 0.085938
0 0.766602 0.647461 0.085938 0.085938
0 0.766113 0.761719 0.084961 0.085938
0 0.760742 0.872559 0.097656 0.098633
0 0.686523 0.291016 0.085938 0.085938
0 0.678711 0.371582 0.109375 0.110352
0 0.676270 0.490234 0.110352 0.111328
0 0.666992 0.605957 0.109375 0.110352
0 0.674805 0.715332 0.109375 0.110352
0 0.664062 0.823242 0.109375 0.111328
0 0.578125 0.136230 0.097656 0.098633
0 0.581055 0.208008 0.085938 0.085938
0 0.575684 0.322266 0.110352 0.111328
0 0.568848 0.446777 0.110352 0.110352
0 0.571289 0.551270 0.109375 0.110352
0 0.575195 0.651367 0.097656 0.097656
0 0.576172 0.766113 0.097656 0.098633
0 0.571289 0.879883 0.085938 0.085938
0 0.474609 0.051270 0.097656 0.098633
0 0.481445 0.164551 0.097656 0.098633
0 0.478516 0.277832 0.085938 0.086914
0 0.481445 0.383301 0.097656 0.098633
0 0.483398 0.497559 0.097656 0.098633
0 0.479492 0.605957 0.097656 0.098633
0 0.484863 0.712402 0.084961 0.086914
0 0.483398 0.818848 0.109375 0.110352
0 0.389648 0.105957 0.097656 0.098633
0 0.385742 0.217773 0.097656 0.097656
0 0.385742 0.320312 0.085938 0.085938
0 0.386719 0.431152 0.097656 0.098633
0 0.385742 0.547363 0.097656 0.098633
0 0.382812 0.653809 0.097656 0.098633
0 0.387695 0.773438 0.097656 0.097656
0 0.382324 0.879883 0.084961 0.085938
0 0.290039 0.161621 0.109375 0.110352
0 0.296875 0.274902 0.097656 0.098633
0 0.288574 0.386719 0.084961 0.085938
0 0.288574 0.524414 0.084961 0.085938
0 0.285645 0.610352 0.084961 0.085938
0 0.287109 0.713379 0.109375 0.110352
0 0.293457 0.828125 0.122070 0.123047
0 0.199707 0.106934 0.110352 0.110352
0 0.198242 0.221680 0.109375 0.111328
0 0.199219 0.328613 0.097656 0.098633
0 0.195312 0.437500 0.097656 0.097656
0 0.203125 0.552246 0.097656 0.098633
0 0.193848 0.662598 0.110352 0.110352
0 0.193848 0.761230 0.110352 0.110352
0 0.189941 0.865723 0.110352 0.110352
0 0.111816 0.163086 0.084961 0.085938
0 0.106445 0.271973 0.097656 0.098633
0 0.098633 0.389160 0.097656 0.098633
0 0.103516 0.486816 0.097656 0.098633
0 0.101074 0.605469 0.084961 0.085938
0 0.099609 0.713379 0.097656 0.098633
0 0.100586 0.814941 0.109375 0.110352