0 0.563965 0.526367 0.073242 0.074219
0 0.651855 0.466797 0.073242 0.074219
0 0.954590 0.914551 0.073242 0.073242
0 0.859863 0.872070 0.073242 0.074219
0 0.941895 0.196777 0.110352 0.110352
0 0.948242 0.414551 0.097656 0.098633
0 0.947266 0.528809 0.097656 0.098633
0 0.947266 0.633789 0.085938 0.085938
0 0.845703 0.143066 0.085938 0.086914
0 0.847656 0.251465 0.109375 0.110352
0 0.848633 0.357910 0.097656 0.098633
0 0.847656 0.471191 0.097656 0.098633
0 0.854004 0.575195 0.084961 0.085938
0 0.850586 0.682617 0.097656 0.097656
0 0.749023 0.191895 0.109375 0.110352
0 0.753906 0.303223 0.097656 0.098633
0 0.750488 0.410156 0.084961 0.085938
0 0.752441 0.519531 0.084961 0.085938
0 0.758789 0.633789 0.097656 0.097656
0 0.653320 0.129395 0.097656 0.098633
0 0.651855 0.244141 0.084961 0.085938
0 0.657715 0.360352 0.084961 0.085938
0 0.658691 0.573242 0.073242 0.074219
0 0.654297 0.677246 0.060547 0.061523
0 0.943848 0.086914 0.084961 0.085938
0 0.752930 0.081543 0.109375 0.110352
0 0.566406 0.081543 0.097656 0.098633
0 0.565430 0.190430 0.097656 0.097656
0 0.563477 0.298828 0.097656 0.097656
0 0.570312 0.410156 0.085938 0.085938
1 0.183105 0.067383 0.084961 0.085938
0 0.103516 0.353027 0.097656 0.098633
0 0.093262 0.465332 0.110352 0.110352
0 0.184570 0.181641 0.109375 0.111328
0 0.179688 0.295898 0.085938 0.085938
0 0.181641 0.410156 0.085938 0.085938
0 0.273926 0.133789 0.110352 0.111328
0 0.274414 0.239258 0.097656 0.097656
0 0.278320 0.368164 0.097656 0.097656
0 0.377930 0.067871 0.097656 0.098633
0 0.379395 0.186523 0.084961 0.085938
0 0.380371 0.301758 0.084961 0.085938
0 0.371582 0.405273 0.084961 0.085938
0 0.477539 0.126465 0.097656 0.098633
0 0.477539 0.253418 0.109375 0.110352
0 0.475586 0.351562 0.085938 0.085938
0 0.475586 0.452148 0.097656 0.097656
1 0.564941 0.613281 0.073242 0.074219
0 0.471680 0.567383 0.097656 0.097656
0 0.465332 0.661133 0.073242 0.074219
0 0.377441 0.521484 0.084961 0.085938
0 0.377441 0.620605 0.073242 0.073242
0 0.275391 0.583496 0.097656 0.098633
0 0.281250 0.469727 0.085938 0.085938
0 0.184570 0.519531 0.085938 0.085938
0 0.181641 0.618652 0.085938 0.086914
0 0.092773 0.569824 0.097656 0.098633
0 0.090332 0.867676 0.073242 0.073242
0 0.090332 0.957520 0.073242 0.073242
0 0.172363 0.826660 0.073242 0.073242
0 0.176270 0.902832 0.073242 0.073242
0 0.271973 0.841309 0.073242 0.073242
0 0.369629 0.911133 0.122070 0.123047
0 0.471680 0.863770 0.097656 0.098633
0 0.567871 0.835938 0.084961 0.085938
0 0.568359 0.918945 0.097656 0.097656
0 0.659668 0.861328 0.084961 0.085938
0 0.753906 0.924805 0.097656 0.097656