0 0.068359 0.299316 0.109375 0.110352
0 0.922363 0.787598 0.061523 0.061523
0 0.743652 0.789551 0.061523 0.061523
0 0.065918 0.089355 0.110352 0.110352
0 0.066406 0.404785 0.097656 0.098633
0 0.068359 0.515625 0.097656 0.097656
0 0.067383 0.630859 0.085938 0.085938
0 0.067871 0.735840 0.061523 0.061523
0 0.068359 0.850098 0.097656 0.098633
0 0.160156 0.789062 0.085938 0.085938
0 0.175293 0.906250 0.084961 0.085938
0 0.256836 0.848633 0.097656 0.097656
0 0.361816 0.902344 0.110352 0.111328
0 0.355957 0.791992 0.084961 0.085938
0 0.456055 0.849121 0.097656 0.098633
0 0.551758 0.801270 0.109375 0.110352
0 0.554688 0.906738 0.097656 0.098633
0 0.645508 0.846191 0.097656 0.098633
0 0.647461 0.949707 0.097656 0.098633
0 0.739258 0.902832 0.097656 0.098633
0 0.833984 0.842285 0.097656 0.098633
0 0.927734 0.901367 0.085938 0.085938