0 0.206543 0.383789 0.073242 0.074219
0 0.881836 0.120117 0.097656 0.097656
0 0.877930 0.230957 0.109375 0.110352
0 0.881836 0.338379 0.109375 0.110352
0 0.787109 0.163086 0.097656 0.097656
0 0.785645 0.271973 0.110352 0.110352
0 0.782715 0.381348 0.110352 0.110352
0 0.688965 0.105957 0.110352 0.110352
0 0.693848 0.222168 0.110352 0.110352
0 0.687012 0.331543 0.110352 0.110352
0 0.593262 0.060059 0.110352 0.110352
0 0.593750 0.163574 0.109375 0.110352
0 0.591797 0.273926 0.109375 0.110352
0 0.588867 0.384277 0.097656 0.098633
0 0.498047 0.106934 0.109375 0.110352
0 0.499023 0.220215 0.097656 0.098633
0 0.503906 0.323730 0.097656 0.098633
0 0.406250 0.056152 0.109375 0.110352
0 0.402832 0.159668 0.110352 0.110352
0 0.402832 0.272949 0.110352 0.110352
0 0.400879 0.382324 0.110352 0.110352
0 0.303711 0.105957 0.097656 0.098633
0 0.305664 0.216309 0.097656 0.098633
0 0.306641 0.329102 0.097656 0.097656
0 0.306641 0.430664 0.097656 0.097656
0 0.212891 0.056152 0.109375 0.110352
0 0.208984 0.164551 0.097656 0.098633
0 0.207031 0.266602 0.097656 0.097656
0 0.108398 0.101074 0.097656 0.098633
0 0.114258 0.212402 0.097656 0.098633
0 0.115723 0.325195 0.084961 0.085938
0 0.117188 0.446777 0.109375 0.110352
0 0.114258 0.550781 0.085938 0.085938
0 0.113770 0.653320 0.084961 0.085938
0 0.113770 0.761719 0.110352 0.111328
0 0.119629 0.884766 0.110352 0.111328
0 0.212891 0.492188 0.085938 0.085938
0 0.210938 0.603027 0.097656 0.098633
0 0.206055 0.725098 0.097656 0.098633
0 0.209473 0.831055 0.110352 0.111328
0 0.309570 0.554199 0.097656 0.098633
0 0.300781 0.664062 0.085938 0.085938
0 0.302734 0.771973 0.097656 0.098633
0 0.302734 0.884766 0.097656 0.097656
0 0.401855 0.492676 0.110352 0.110352
0 0.407715 0.603027 0.110352 0.110352
0 0.407715 0.714355 0.110352 0.110352
0 0.408203 0.833496 0.109375 0.110352
0 0.491211 0.439941 0.109375 0.110352
0 0.494141 0.553223 0.109375 0.110352
0 0.495605 0.656738 0.110352 0.110352
0 0.497559 0.779785 0.110352 0.110352
0 0.500488 0.887207 0.110352 0.110352
0 0.590820 0.498535 0.109375 0.110352
0 0.596680 0.607910 0.109375 0.110352
0 0.590820 0.717285 0.109375 0.110352
0 0.585938 0.827637 0.109375 0.110352
0 0.681152 0.441406 0.110352 0.111328
0 0.685547 0.558594 0.097656 0.097656
0 0.687500 0.661621 0.109375 0.110352
0 0.690430 0.775879 0.097656 0.098633
0 0.684570 0.886230 0.109375 0.110352
0 0.783691 0.498047 0.110352 0.111328
0 0.783691 0.613281 0.110352 0.111328
0 0.779785 0.723145 0.110352 0.110352
0 0.786621 0.838379 0.110352 0.110352
0 0.875977 0.444824 0.109375 0.110352
0 0.881836 0.560547 0.109375 0.111328
0 0.880371 0.667969 0.110352 0.111328
0 0.881348 0.780273 0.110352 0.111328
0 0.877441 0.895996 0.110352 0.110352
0 0.779297 0.938965 0.109375 0.110352
0 0.590332 0.938965 0.110352 0.110352
1 0.402344 0.938477 0.085938 0.085938
0 0.207520 0.926270 0.110352 0.110352