0 0.059570 0.162598 0.109375 0.110352
0 0.140137 0.100098 0.084961 0.086914
0 0.143555 0.200684 0.097656 0.098633
0 0.254395 0.155762 0.110352 0.110352
0 0.249512 0.271973 0.110352 0.110352
0 0.344727 0.097168 0.097656 0.098633
0 0.341797 0.211426 0.109375 0.110352
0 0.439453 0.049805 0.097656 0.097656
0 0.437988 0.157227 0.084961 0.085938
0 0.438477 0.270508 0.085938 0.085938
0 0.530762 0.105469 0.110352 0.111328
0 0.536621 0.211426 0.110352 0.110352
0 0.630859 0.148438 0.109375 0.111328
0 0.626465 0.271973 0.110352 0.110352
0 0.726562 0.100098 0.109375 0.110352
0 0.725586 0.214844 0.109375 0.111328
0 0.819824 0.154297 0.084961 0.085938
0 0.820312 0.267578 0.097656 0.097656
0 0.916504 0.104004 0.110352 0.110352
0 0.908691 0.210449 0.110352 0.110352
0 0.913574 0.326660 0.110352 0.110352
0 0.915527 0.443359 0.110352 0.111328
0 0.906250 0.552734 0.097656 0.097656
0 0.916016 0.670410 0.109375 0.110352
0 0.817383 0.379883 0.109375 0.111328
0 0.816406 0.499512 0.060547 0.061523
0 0.812500 0.605957 0.109375 0.110352
0 0.814453 0.716309 0.109375 0.110352
0 0.722656 0.324219 0.109375 0.111328
0 0.725586 0.434082 0.109375 0.110352
0 0.717285 0.542480 0.110352 0.110352
0 0.721191 0.662598 0.110352 0.110352
0 0.628418 0.380371 0.110352 0.110352
0 0.624512 0.479980 0.061523 0.061523
0 0.625488 0.601074 0.110352 0.110352
0 0.625000 0.717285 0.109375 0.110352
0 0.534668 0.329590 0.061523 0.061523
0 0.529785 0.437988 0.061523 0.061523
0 0.531250 0.548340 0.109375 0.110352
0 0.530273 0.667480 0.109375 0.110352
0 0.441406 0.379395 0.109375 0.110352
0 0.435547 0.504883 0.085938 0.085938
0 0.435547 0.604980 0.109375 0.110352
0 0.437500 0.713379 0.097656 0.098633
0 0.343750 0.321777 0.109375 0.110352
0 0.340332 0.434082 0.110352 0.110352
0 0.344238 0.544434 0.110352 0.110352
0 0.345215 0.656738 0.110352 0.110352
0 0.247559 0.373535 0.110352 0.110352
0 0.249512 0.490723 0.110352 0.110352
0 0.250000 0.590332 0.109375 0.110352
0 0.245117 0.705078 0.109375 0.111328
0 0.348145 0.763672 0.110352 0.111328
0 0.149414 0.307129 0.097656 0.098633
0 0.158203 0.426270 0.109375 0.110352
0 0.157227 0.540039 0.109375 0.111328
0 0.153320 0.658203 0.109375 0.111328
0 0.056641 0.264160 0.109375 0.110352
0 0.054688 0.364258 0.097656 0.097656
0 0.055664 0.491211 0.097656 0.097656
0 0.062988 0.592773 0.110352 0.111328
0 0.057129 0.926270 0.110352 0.110352
0 0.148438 0.770020 0.109375 0.110352
0 0.153320 0.871582 0.109375 0.110352
0 0.235840 0.814453 0.110352 0.111328
0 0.247070 0.929199 0.109375 0.110352
0 0.340332 0.878906 0.110352 0.111328
0 0.440430 0.815430 0.097656 0.097656
0 0.436035 0.930664 0.110352 0.111328
0 0.535156 0.767090 0.097656 0.098633
0 0.536133 0.874512 0.097656 0.098633
0 0.625488 0.825684 0.110352 0.110352
0 0.623047 0.936035 0.109375 0.110352
0 0.716309 0.771973 0.110352 0.110352
0 0.719238 0.883301 0.110352 0.110352
0 0.808594 0.831543 0.109375 0.110352
0 0.813477 0.940918 0.097656 0.098633
0 0.915039 0.767090 0.097656 0.098633
0 0.911133 0.875488 0.097656 0.098633