0 0.335449 0.137695 0.073242 0.074219
0 0.423340 0.078125 0.073242 0.074219
0 0.146973 0.642090 0.073242 0.073242
0 0.726074 0.525879 0.073242 0.073242
0 0.631348 0.483398 0.073242 0.074219
0 0.908203 0.142090 0.097656 0.098633
0 0.908203 0.251465 0.097656 0.098633
0 0.810547 0.075684 0.097656 0.098633
0 0.811523 0.194824 0.097656 0.098633
0 0.815918 0.296875 0.073242 0.074219
0 0.718750 0.140137 0.097656 0.098633
0 0.718750 0.245117 0.085938 0.085938
0 0.619141 0.082520 0.097656 0.098633
0 0.625488 0.186523 0.084961 0.085938
0 0.622070 0.293945 0.097656 0.097656
0 0.523926 0.130859 0.084961 0.085938
0 0.530273 0.245117 0.097656 0.097656
0 0.430176 0.184570 0.073242 0.074219
0 0.425781 0.288574 0.060547 0.061523
0 0.247070 0.063477 0.097656 0.097656
1 0.336426 0.224609 0.073242 0.074219
0 0.243164 0.178711 0.097656 0.097656
0 0.236816 0.272461 0.073242 0.074219
0 0.148926 0.132812 0.084961 0.085938
0 0.148926 0.231934 0.073242 0.073242
0 0.052734 0.081055 0.085938 0.085938
0 0.043457 0.452637 0.073242 0.073242
0 0.046387 0.579590 0.073242 0.073242
0 0.052246 0.706543 0.073242 0.073242
0 0.141113 0.522461 0.122070 0.123047
0 0.146973 0.752930 0.084961 0.085938
0 0.145020 0.864746 0.110352 0.110352
0 0.243164 0.475098 0.097656 0.098633
0 0.245605 0.582031 0.122070 0.123047
0 0.248047 0.694824 0.109375 0.110352
0 0.235352 0.808105 0.109375 0.110352
0 0.238770 0.917480 0.110352 0.110352
0 0.339355 0.447266 0.084961 0.085938
0 0.339844 0.530273 0.097656 0.097656
0 0.338379 0.650391 0.122070 0.123047
0 0.344727 0.746582 0.109375 0.110352
0 0.349609 0.862793 0.109375 0.110352
0 0.431152 0.472656 0.084961 0.085938
0 0.433105 0.584961 0.122070 0.123047
0 0.445312 0.798828 0.085938 0.085938
0 0.428711 0.916504 0.109375 0.110352
0 0.525391 0.536133 0.097656 0.097656
0 0.533691 0.642578 0.122070 0.123047
0 0.533691 0.751953 0.110352 0.111328
0 0.531738 0.854004 0.110352 0.110352
0 0.621094 0.578613 0.109375 0.110352
0 0.625977 0.691406 0.109375 0.111328
0 0.625488 0.803711 0.122070 0.123047
0 0.623535 0.918457 0.110352 0.110352
0 0.721191 0.636230 0.110352 0.110352
0 0.724121 0.747070 0.122070 0.123047
0 0.723145 0.859375 0.122070 0.123047
0 0.818848 0.475098 0.061523 0.061523
0 0.817383 0.581543 0.097656 0.098633
0 0.816406 0.693848 0.097656 0.098633
0 0.823242 0.787109 0.097656 0.097656
0 0.816895 0.914062 0.122070 0.123047
0 0.916992 0.523926 0.097656 0.098633
0 0.911133 0.642090 0.097656 0.098633
0 0.910645 0.738281 0.122070 0.123047
0 0.909668 0.854492 0.122070 0.123047