0 0.926270 0.740234 0.084961 0.085938
0 0.920898 0.849121 0.097656 0.098633
0 0.830566 0.686523 0.084961 0.085938
0 0.824219 0.799805 0.097656 0.097656
0 0.821289 0.902832 0.097656 0.098633
0 0.723145 0.845215 0.110352 0.110352
0 0.727051 0.735840 0.110352 0.110352
1 0.629883 0.690430 0.097656 0.097656
0 0.624023 0.794434 0.097656 0.098633
0 0.625977 0.903809 0.097656 0.098633
0 0.534668 0.742676 0.110352 0.110352
0 0.534180 0.850098 0.097656 0.098633
0 0.438965 0.686035 0.110352 0.110352
0 0.441406 0.789062 0.109375 0.111328
0 0.437500 0.903809 0.097656 0.098633
0 0.344727 0.861816 0.109375 0.110352
0 0.341797 0.950195 0.097656 0.097656
0 0.266113 0.671875 0.110352 0.111328
0 0.257812 0.771973 0.109375 0.110352
0 0.257812 0.916504 0.109375 0.110352
0 0.148438 0.729980 0.109375 0.110352
0 0.059570 0.687012 0.097656 0.098633
0 0.059082 0.780762 0.110352 0.110352
0 0.924316 0.166504 0.110352 0.110352
0 0.924805 0.081543 0.097656 0.098633
0 0.823730 0.141113 0.110352 0.110352
0 0.924316 0.429199 0.110352 0.110352
0 0.925781 0.524902 0.097656 0.098633
0 0.926758 0.614746 0.109375 0.110352
0 0.823242 0.578613 0.109375 0.110352
0 0.726074 0.626465 0.110352 0.110352
0 0.630859 0.584473 0.109375 0.110352
0 0.523438 0.627441 0.109375 0.110352
0 0.537109 0.295898 0.097656 0.097656
0 0.733398 0.082520 0.097656 0.098633
0 0.730957 0.195801 0.073242 0.073242
0 0.632324 0.137207 0.110352 0.110352
0 0.633789 0.250488 0.109375 0.110352
0 0.534180 0.073242 0.097656 0.097656
0 0.541992 0.186523 0.109375 0.111328
1 0.446289 0.109863 0.097656 0.098633
0 0.442383 0.239746 0.109375 0.110352
0 0.442383 0.367188 0.097656 0.097656
0 0.439453 0.566406 0.109375 0.111328
0 0.355469 0.420410 0.097656 0.098633
0 0.352051 0.308594 0.110352 0.111328
0 0.353027 0.185059 0.110352 0.110352
0 0.349609 0.074707 0.109375 0.110352
0 0.267578 0.127441 0.097656 0.098633
0 0.271484 0.221191 0.097656 0.098633
0 0.267578 0.360840 0.109375 0.110352
0 0.271484 0.472168 0.109375 0.110352
0 0.257324 0.579102 0.110352 0.111328
0 0.156250 0.622070 0.109375 0.111328
0 0.157715 0.516602 0.110352 0.111328
0 0.157715 0.400391 0.084961 0.085938
0 0.163086 0.178223 0.097656 0.098633
0 0.166016 0.078125 0.109375 0.111328
0 0.078125 0.569824 0.097656 0.098633