0 0.860352 0.091309 0.097656 0.098633
0 0.866211 0.196777 0.109375 0.110352
0 0.775391 0.137207 0.097656 0.098633
0 0.769531 0.250977 0.109375 0.111328
0 0.678711 0.079590 0.109375 0.110352
0 0.677246 0.191406 0.110352 0.111328
0 0.585449 0.128906 0.110352 0.111328
0 0.585449 0.247559 0.110352 0.110352
0 0.484375 0.085938 0.097656 0.097656
0 0.494141 0.203613 0.109375 0.110352
0 0.394531 0.032715 0.060547 0.061523
0 0.390625 0.139160 0.109375 0.110352
0 0.392578 0.249512 0.109375 0.110352
0 0.295410 0.075684 0.110352 0.110352
0 0.299316 0.195801 0.110352 0.110352
0 0.203613 0.134277 0.110352 0.110352
0 0.203125 0.250488 0.109375 0.110352
0 0.109375 0.081543 0.109375 0.110352
0 0.108398 0.200684 0.109375 0.110352
0 0.113281 0.300293 0.097656 0.098633
0 0.114258 0.407715 0.097656 0.098633
0 0.112305 0.519531 0.097656 0.097656
0 0.108398 0.628906 0.097656 0.097656
0 0.203613 0.358887 0.110352 0.110352
0 0.201172 0.469238 0.109375 0.110352
0 0.199219 0.576660 0.109375 0.110352
0 0.201172 0.676758 0.109375 0.111328
0 0.294434 0.305176 0.110352 0.110352
0 0.297363 0.416504 0.110352 0.110352
0 0.298340 0.519043 0.110352 0.110352
0 0.293945 0.637207 0.097656 0.098633
0 0.386719 0.364746 0.109375 0.110352
0 0.391602 0.474121 0.097656 0.098633
0 0.390137 0.577637 0.110352 0.110352
0 0.493164 0.300293 0.097656 0.098633
0 0.489258 0.408691 0.097656 0.098633
0 0.496094 0.523926 0.109375 0.110352
0 0.497559 0.635254 0.110352 0.110352
0 0.586426 0.357910 0.110352 0.110352
0 0.587891 0.467285 0.109375 0.110352
0 0.585938 0.570801 0.109375 0.110352
0 0.684082 0.298828 0.110352 0.111328
0 0.679199 0.415527 0.110352 0.110352
0 0.681152 0.519043 0.110352 0.110352
0 0.675293 0.631348 0.110352 0.110352
0 0.777344 0.356445 0.109375 0.111328
0 0.774414 0.468262 0.109375 0.110352
0 0.772461 0.576660 0.097656 0.098633
0 0.774414 0.692871 0.097656 0.098633
0 0.868652 0.297363 0.110352 0.110352
0 0.867188 0.418945 0.085938 0.085938
0 0.867188 0.525391 0.097656 0.097656
0 0.872070 0.636230 0.097656 0.098633
0 0.864258 0.741699 0.109375 0.110352
0 0.869629 0.856934 0.110352 0.110352
0 0.774414 0.794434 0.097656 0.098633
0 0.770020 0.904785 0.110352 0.110352
0 0.680664 0.745605 0.109375 0.110352
0 0.677734 0.854004 0.109375 0.110352
0 0.589844 0.691895 0.109375 0.110352
0 0.588867 0.800293 0.097656 0.098633
0 0.590332 0.915527 0.110352 0.110352
0 0.493652 0.754395 0.110352 0.110352
0 0.497559 0.867676 0.110352 0.110352
0 0.387207 0.690918 0.110352 0.110352
0 0.392090 0.802246 0.110352 0.110352
0 0.392578 0.914062 0.109375 0.111328
0 0.294922 0.752930 0.097656 0.097656
0 0.299805 0.864258 0.097656 0.097656
0 0.200195 0.797852 0.109375 0.111328
0 0.205078 0.907227 0.097656 0.097656
0 0.109863 0.740234 0.110352 0.111328
0 0.106934 0.850098 0.110352 0.110352