0 0.376465 0.166016 0.073242 0.074219
0 0.555176 0.858398 0.073242 0.074219
0 0.557129 0.944336 0.073242 0.074219
0 0.758301 0.926270 0.073242 0.073242
0 0.751465 0.709961 0.073242 0.074219
0 0.477051 0.911621 0.073242 0.073242
0 0.950195 0.289062 0.097656 0.097656
0 0.940430 0.484375 0.097656 0.097656
0 0.941406 0.611816 0.097656 0.098633
0 0.936523 0.721191 0.097656 0.098633
0 0.932617 0.826660 0.097656 0.098633
0 0.943848 0.935547 0.084961 0.085938
0 0.856934 0.335938 0.110352 0.111328
0 0.860840 0.460938 0.122070 0.123047
0 0.854004 0.566406 0.084961 0.085938
0 0.836914 0.683594 0.085938 0.085938
0 0.839355 0.769043 0.084961 0.086914
0 0.845703 0.876953 0.097656 0.097656
0 0.761230 0.284668 0.110352 0.110352
0 0.765137 0.394043 0.110352 0.110352
0 0.762695 0.506348 0.097656 0.098633
0 0.764648 0.604980 0.097656 0.098633
0 0.672852 0.691895 0.060547 0.061523
0 0.672363 0.794922 0.073242 0.074219
0 0.675293 0.880859 0.084961 0.085938
0 0.666992 0.351074 0.109375 0.110352
0 0.674316 0.447754 0.110352 0.110352
0 0.671875 0.562988 0.109375 0.110352
0 0.576172 0.290039 0.085938 0.085938
0 0.571289 0.400879 0.109375 0.110352
0 0.573730 0.507324 0.110352 0.110352
0 0.573242 0.607422 0.109375 0.111328
0 0.561523 0.749512 0.097656 0.098633
0 0.477539 0.797363 0.097656 0.098633
0 0.492188 0.682617 0.085938 0.085938
0 0.478027 0.339355 0.084961 0.086914
0 0.484375 0.443359 0.097656 0.097656
0 0.477539 0.574707 0.097656 0.098633
0 0.375977 0.283203 0.085938 0.085938
0 0.377441 0.396484 0.084961 0.085938
0 0.384766 0.509766 0.097656 0.097656
0 0.388672 0.612793 0.109375 0.110352
0 0.398926 0.750000 0.084961 0.085938
0 0.389648 0.844238 0.097656 0.098633
0 0.299316 0.892090 0.110352 0.110352
0 0.291504 0.798340 0.110352 0.110352
0 0.294434 0.670898 0.110352 0.111328
0 0.296875 0.569336 0.109375 0.111328
0 0.294922 0.453613 0.097656 0.098633
1 0.295410 0.341797 0.073242 0.074219
0 0.197754 0.279297 0.084961 0.085938
0 0.194824 0.400391 0.084961 0.085938
0 0.197266 0.509277 0.109375 0.110352
0 0.200195 0.617676 0.097656 0.098633
0 0.206055 0.741211 0.085938 0.085938
0 0.201172 0.839844 0.109375 0.111328
0 0.202148 0.946777 0.097656 0.098633
0 0.110352 0.905273 0.085938 0.085938
0 0.110840 0.786133 0.084961 0.085938
0 0.119629 0.676758 0.084961 0.085938
0 0.122559 0.564453 0.084961 0.085938
0 0.123047 0.458496 0.097656 0.098633
0 0.108398 0.353516 0.085938 0.085938
1 0.300293 0.217773 0.073242 0.074219
1 0.295410 0.109863 0.073242 0.073242
0 0.202148 0.068359 0.085938 0.085938
0 0.202148 0.183594 0.085938 0.085938
1 0.391113 0.072266 0.073242 0.074219
0 0.859863 0.132812 0.084961 0.085938
0 0.765625 0.178223 0.097656 0.098633
0 0.760254 0.071289 0.110352 0.111328
0 0.673828 0.120605 0.109375 0.110352
0 0.580566 0.172363 0.110352 0.110352
0 0.673828 0.236328 0.085938 0.085938
0 0.585938 0.079102 0.109375 0.111328
0 0.486328 0.118164 0.085938 0.085938
0 0.484863 0.224609 0.084961 0.085938
0 0.115234 0.115234 0.085938 0.085938
0 0.119141 0.228027 0.097656 0.098633
0 0.863770 0.243652 0.110352 0.110352
0 0.755859 0.813965 0.097656 0.098633