0 0.204102 0.270996 0.097656 0.098633
0 0.297852 0.327637 0.109375 0.110352
0 0.106445 0.106934 0.109375 0.110352
0 0.106445 0.322266 0.097656 0.097656
0 0.103516 0.431641 0.097656 0.097656
0 0.195801 0.057129 0.110352 0.110352
0 0.200195 0.158691 0.109375 0.110352
0 0.205078 0.384277 0.109375 0.110352
0 0.202637 0.488281 0.110352 0.111328
0 0.295410 0.117676 0.110352 0.110352
0 0.295898 0.433105 0.097656 0.098633
0 0.297852 0.543945 0.097656 0.097656
0 0.296875 0.659180 0.085938 0.085938
0 0.297363 0.764160 0.061523 0.061523
0 0.297852 0.878418 0.097656 0.098633
0 0.389648 0.817383 0.085938 0.085938
0 0.404785 0.934570 0.084961 0.085938
0 0.201172 0.602539 0.097656 0.097656
0 0.200684 0.709961 0.084961 0.085938
0 0.201660 0.829590 0.110352 0.110352
0 0.202148 0.935059 0.109375 0.110352
0 0.103027 0.526367 0.110352 0.111328
0 0.113281 0.646973 0.097656 0.098633
0 0.103516 0.767090 0.060547 0.061523
0 0.105469 0.865723 0.109375 0.110352
0 0.486328 0.876953 0.097656 0.097656
0 0.591309 0.930664 0.110352 0.111328
0 0.585449 0.820312 0.084961 0.085938
0 0.685547 0.877441 0.097656 0.098633
0 0.781250 0.829590 0.109375 0.110352
0 0.784180 0.935059 0.097656 0.098633
0 0.875000 0.874512 0.097656 0.098633