0 0.112793 0.152832 0.061523 0.061523
0 0.111328 0.259277 0.097656 0.098633
0 0.110352 0.371582 0.097656 0.098633
0 0.117188 0.464844 0.097656 0.097656
0 0.110840 0.591797 0.122070 0.123047
0 0.210938 0.201660 0.097656 0.098633
0 0.205078 0.319824 0.097656 0.098633
0 0.204590 0.416016 0.122070 0.123047
0 0.203613 0.532227 0.122070 0.123047
0 0.203613 0.645508 0.122070 0.123047
0 0.307617 0.150879 0.060547 0.061523
0 0.299805 0.257324 0.097656 0.098633
0 0.299805 0.366699 0.097656 0.098633
0 0.302246 0.483398 0.122070 0.123047
0 0.300293 0.598633 0.122070 0.123047
0 0.396973 0.205078 0.084961 0.085938
0 0.392578 0.312988 0.097656 0.098633
0 0.395996 0.427246 0.122070 0.122070
0 0.400391 0.534668 0.097656 0.098633
0 0.395020 0.645508 0.122070 0.123047
0 0.489258 0.151855 0.060547 0.061523
0 0.492188 0.261230 0.097656 0.098633
0 0.487305 0.373535 0.097656 0.098633
0 0.488281 0.484863 0.097656 0.098633
0 0.492188 0.586426 0.097656 0.098633
0 0.581055 0.208008 0.085938 0.085938
0 0.582031 0.312012 0.097656 0.098633
0 0.583984 0.425293 0.097656 0.098633
0 0.581055 0.538574 0.097656 0.098633
0 0.581543 0.652832 0.122070 0.122070
0 0.679199 0.159180 0.036133 0.037109
0 0.679688 0.257812 0.097656 0.097656
0 0.678711 0.366699 0.109375 0.110352
0 0.676270 0.487305 0.122070 0.123047
0 0.681641 0.597168 0.109375 0.110352
0 0.675781 0.706543 0.097656 0.098633
0 0.774902 0.216797 0.084961 0.085938
0 0.772461 0.314453 0.097656 0.097656
0 0.770996 0.430664 0.110352 0.111328
0 0.767090 0.542969 0.122070 0.123047
0 0.769531 0.645020 0.109375 0.110352
0 0.875000 0.163574 0.060547 0.061523
0 0.867188 0.261719 0.085938 0.085938
0 0.868652 0.373047 0.110352 0.111328
0 0.860840 0.486328 0.122070 0.123047
0 0.860840 0.594238 0.110352 0.110352
0 0.962402 0.655762 0.061523 0.061523
0 0.865723 0.708496 0.110352 0.110352
0 0.864258 0.819824 0.109375 0.110352
0 0.864258 0.925293 0.097656 0.098633
0 0.771484 0.755371 0.109375 0.110352
0 0.775879 0.869629 0.110352 0.110352
0 0.679688 0.817871 0.097656 0.098633
0 0.673828 0.926270 0.097656 0.098633
0 0.589844 0.756348 0.097656 0.098633
0 0.581055 0.867676 0.085938 0.086914
0 0.490723 0.700684 0.122070 0.122070
0 0.490723 0.811035 0.122070 0.122070
0 0.489258 0.920410 0.097656 0.098633
0 0.391113 0.756836 0.122070 0.123047
0 0.394531 0.862793 0.097656 0.098633
0 0.300293 0.698242 0.122070 0.123047
0 0.305664 0.807129 0.097656 0.098633
0 0.300293 0.918945 0.084961 0.085938
0 0.205566 0.753906 0.122070 0.123047
0 0.204102 0.875977 0.109375 0.111328
0 0.116211 0.690430 0.097656 0.097656
0 0.107422 0.808594 0.097656 0.097656
0 0.119629 0.908203 0.110352 0.111328