0 0.926270 0.880371 0.073242 0.073242
0 0.833496 0.953125 0.073242 0.074219
0 0.923828 0.778809 0.097656 0.098633
0 0.836914 0.722656 0.097656 0.097656
0 0.828125 0.831055 0.085938 0.085938
0 0.650391 0.722168 0.097656 0.098633
1 0.643555 0.836914 0.085938 0.085938
0 0.645996 0.942383 0.084961 0.085938
0 0.554688 0.688477 0.097656 0.097656
0 0.559570 0.779785 0.097656 0.098633
0 0.544922 0.883789 0.097656 0.097656
0 0.461426 0.735352 0.110352 0.111328
0 0.465332 0.860352 0.122070 0.123047
0 0.365723 0.684082 0.110352 0.110352
0 0.369629 0.793457 0.110352 0.110352
0 0.367188 0.905762 0.097656 0.098633
0 0.271484 0.750488 0.109375 0.110352
0 0.278809 0.847168 0.110352 0.110352
0 0.180664 0.689453 0.085938 0.085938
0 0.175781 0.800293 0.109375 0.110352
0 0.178223 0.906738 0.110352 0.110352
0 0.082520 0.738770 0.084961 0.086914
0 0.088867 0.842773 0.097656 0.097656
0 0.833008 0.048828 0.085938 0.085938
0 0.836914 0.173828 0.085938 0.085938
0 0.830078 0.273438 0.085938 0.085938
0 0.836426 0.405273 0.084961 0.085938
0 0.943848 0.421875 0.084961 0.085938
0 0.939941 0.338867 0.084961 0.085938
0 0.929688 0.222656 0.085938 0.085938
0 0.931152 0.108398 0.084961 0.085938
0 0.929199 0.678223 0.110352 0.110352
0 0.834961 0.610352 0.097656 0.097656
0 0.746094 0.118652 0.097656 0.098633
0 0.743652 0.227539 0.084961 0.085938
0 0.742188 0.345215 0.097656 0.098633
0 0.743164 0.458496 0.097656 0.098633
0 0.654297 0.062500 0.097656 0.097656
0 0.654785 0.172852 0.084961 0.085938
0 0.654297 0.290527 0.097656 0.098633
0 0.650391 0.403320 0.085938 0.085938
0 0.647461 0.512695 0.097656 0.097656
0 0.642578 0.611328 0.085938 0.085938
0 0.556641 0.134277 0.097656 0.098633
0 0.556641 0.247559 0.097656 0.098633
0 0.558594 0.360352 0.097656 0.097656
0 0.558594 0.458008 0.109375 0.111328
0 0.553223 0.569824 0.110352 0.110352
0 0.462402 0.077148 0.084961 0.085938
0 0.459473 0.191406 0.084961 0.085938
0 0.461914 0.305664 0.097656 0.097656
0 0.459473 0.429688 0.084961 0.085938
0 0.464355 0.532227 0.084961 0.085938
0 0.370117 0.577637 0.097656 0.098633
0 0.364746 0.470703 0.110352 0.111328
0 0.371094 0.360352 0.097656 0.097656
0 0.376953 0.244629 0.109375 0.110352
0 0.375977 0.139160 0.097656 0.098633
0 0.272461 0.083008 0.097656 0.097656
0 0.282227 0.200195 0.109375 0.111328
0 0.277344 0.296387 0.097656 0.098633
0 0.283691 0.417480 0.110352 0.110352
0 0.278320 0.520020 0.109375 0.110352
0 0.185059 0.571777 0.110352 0.110352
0 0.278320 0.635742 0.085938 0.085938
0 0.190430 0.478516 0.109375 0.111328
0 0.177734 0.354980 0.109375 0.110352
0 0.177734 0.242676 0.109375 0.110352
0 0.181641 0.132324 0.109375 0.110352
0 0.092773 0.183105 0.097656 0.098633
0 0.088867 0.065918 0.085938 0.086914
0 0.085938 0.397461 0.085938 0.085938
0 0.090820 0.517578 0.085938 0.085938
0 0.088379 0.297852 0.084961 0.085938
0 0.089355 0.624023 0.084961 0.085938
0 0.468262 0.643066 0.110352 0.110352