0 0.438965 0.838379 0.073242 0.073242
0 0.063477 0.382324 0.097656 0.098633
0 0.058594 0.180176 0.097656 0.098633
0 0.061523 0.058105 0.097656 0.098633
0 0.155762 0.090820 0.110352 0.111328
0 0.159668 0.223633 0.110352 0.111328
0 0.152832 0.332520 0.110352 0.110352
0 0.250977 0.383789 0.097656 0.097656
0 0.254883 0.272949 0.097656 0.098633
0 0.254883 0.158691 0.097656 0.098633
0 0.341797 0.106934 0.109375 0.110352
0 0.336914 0.221191 0.097656 0.098633
0 0.341797 0.327637 0.097656 0.098633
0 0.432129 0.390625 0.084961 0.085938
0 0.437500 0.261719 0.085938 0.085938
0 0.437500 0.151367 0.085938 0.085938
0 0.530273 0.328125 0.085938 0.085938
0 0.546875 0.217285 0.097656 0.098633
0 0.541016 0.106934 0.109375 0.110352
0 0.632812 0.053711 0.097656 0.097656
0 0.626953 0.165527 0.097656 0.098633
0 0.619629 0.275879 0.110352 0.110352
0 0.618164 0.389160 0.097656 0.098633
0 0.718750 0.321777 0.097656 0.098633
0 0.728516 0.224121 0.097656 0.098633
0 0.725586 0.106934 0.109375 0.110352
0 0.820312 0.055176 0.097656 0.098633
0 0.817383 0.168457 0.097656 0.098633
0 0.810547 0.272461 0.097656 0.097656
0 0.814453 0.372559 0.109375 0.110352
0 0.913086 0.329590 0.097656 0.098633
0 0.913086 0.219238 0.109375 0.110352
0 0.911621 0.117676 0.110352 0.110352
1 0.624023 0.923340 0.085938 0.086914
0 0.624023 0.812500 0.085938 0.085938
0 0.530762 0.867188 0.073242 0.074219
0 0.338379 0.874023 0.084961 0.085938
0 0.053711 0.829102 0.097656 0.097656
0 0.059570 0.936035 0.097656 0.098633
0 0.146973 0.875977 0.110352 0.111328
0 0.245117 0.833008 0.097656 0.097656
0 0.236328 0.936035 0.109375 0.110352
0 0.435059 0.936523 0.084961 0.085938
0 0.907227 0.870117 0.109375 0.111328
0 0.811523 0.823242 0.109375 0.111328
0 0.816895 0.931152 0.110352 0.110352
0 0.717285 0.878906 0.084961 0.085938
0 0.913086 0.445312 0.097656 0.097656
0 0.913086 0.559570 0.097656 0.097656
0 0.905273 0.669922 0.097656 0.097656
0 0.904785 0.770996 0.110352 0.110352
0 0.816406 0.720215 0.097656 0.098633
0 0.813965 0.607910 0.110352 0.110352
0 0.813965 0.485352 0.110352 0.111328
1 0.722656 0.549805 0.085938 0.085938
0 0.719727 0.416016 0.097656 0.097656
0 0.626953 0.493652 0.109375 0.110352
0 0.625977 0.616699 0.097656 0.098633
0 0.625488 0.711426 0.084961 0.086914
0 0.536621 0.783203 0.084961 0.085938
0 0.530762 0.659668 0.110352 0.110352
0 0.531738 0.550293 0.110352 0.110352
0 0.532227 0.439941 0.097656 0.098633
0 0.432617 0.498535 0.097656 0.098633
0 0.434570 0.608887 0.097656 0.098633
0 0.433594 0.712891 0.085938 0.085938
0 0.335938 0.770996 0.109375 0.110352
0 0.338867 0.666504 0.097656 0.098633
0 0.338867 0.548828 0.085938 0.085938
0 0.337891 0.442383 0.085938 0.085938
0 0.247070 0.488770 0.097656 0.098633
0 0.244141 0.596191 0.097656 0.098633
0 0.250000 0.702148 0.097656 0.097656
0 0.157227 0.753906 0.109375 0.111328
0 0.155762 0.653320 0.110352 0.111328
0 0.149902 0.562988 0.110352 0.110352
0 0.155762 0.437012 0.110352 0.110352
0 0.065430 0.489258 0.097656 0.097656
0 0.065430 0.600586 0.097656 0.097656
0 0.058594 0.710938 0.085938 0.085938
0 0.722656 0.672363 0.109375 0.110352
0 0.717773 0.763184 0.109375 0.110352