0 0.323730 0.092773 0.073242 0.074219
0 0.221191 0.136230 0.073242 0.073242
0 0.628418 0.044922 0.084961 0.085938
0 0.044922 0.032715 0.048828 0.049805
0 0.148438 0.099121 0.097656 0.098633
0 0.146973 0.206543 0.110352 0.110352
0 0.146484 0.327637 0.109375 0.110352
0 0.147461 0.432129 0.097656 0.098633
0 0.143555 0.540527 0.109375 0.110352
0 0.234375 0.280762 0.097656 0.098633
0 0.232422 0.375488 0.097656 0.098633
0 0.245117 0.493652 0.109375 0.110352
0 0.322266 0.221191 0.097656 0.098633
0 0.328613 0.320312 0.084961 0.085938
0 0.325684 0.431152 0.084961 0.086914
0 0.329102 0.531738 0.097656 0.098633
0 0.443359 0.150391 0.097656 0.097656
0 0.435547 0.261230 0.097656 0.098633
0 0.439453 0.368652 0.109375 0.110352
0 0.439941 0.486816 0.110352 0.110352
0 0.435059 0.603027 0.110352 0.110352
0 0.533203 0.099609 0.097656 0.097656
0 0.531738 0.212891 0.110352 0.111328
0 0.530273 0.316895 0.109375 0.110352
0 0.530273 0.428223 0.097656 0.098633
0 0.527344 0.542480 0.109375 0.110352
0 0.629395 0.160156 0.110352 0.111328
0 0.625000 0.269531 0.097656 0.097656
0 0.625000 0.380859 0.097656 0.097656
0 0.623535 0.488281 0.084961 0.085938
0 0.624023 0.601562 0.085938 0.085938
0 0.720703 0.104492 0.085938 0.085938
0 0.719727 0.216797 0.097656 0.097656
0 0.724121 0.326172 0.110352 0.111328
0 0.716309 0.436523 0.110352 0.111328
0 0.722168 0.542480 0.110352 0.110352
0 0.813965 0.047852 0.084961 0.085938
0 0.816406 0.157227 0.085938 0.085938
0 0.813477 0.268555 0.085938 0.085938
0 0.819336 0.370117 0.109375 0.111328
0 0.816406 0.479492 0.109375 0.111328
0 0.812012 0.603027 0.110352 0.110352
0 0.908691 0.104004 0.110352 0.110352
0 0.909668 0.217285 0.110352 0.110352
0 0.917969 0.320801 0.109375 0.110352
0 0.912109 0.431152 0.109375 0.110352
0 0.911133 0.545898 0.109375 0.111328
0 0.908203 0.655273 0.109375 0.111328
0 0.911133 0.765137 0.109375 0.110352
0 0.902832 0.873535 0.110352 0.110352
0 0.813965 0.711426 0.110352 0.110352
0 0.810059 0.811035 0.061523 0.061523
0 0.811035 0.932129 0.110352 0.110352
0 0.720215 0.660645 0.061523 0.061523
0 0.715332 0.769043 0.061523 0.061523
0 0.716797 0.879395 0.109375 0.110352
0 0.626953 0.710449 0.109375 0.110352
0 0.621094 0.835938 0.085938 0.085938
0 0.621094 0.936035 0.109375 0.110352
0 0.529297 0.652832 0.109375 0.110352
0 0.525879 0.765137 0.110352 0.110352
0 0.529785 0.875488 0.110352 0.110352
0 0.433105 0.704590 0.110352 0.110352
0 0.435059 0.821777 0.110352 0.110352
0 0.435547 0.921387 0.109375 0.110352
0 0.334961 0.638184 0.097656 0.098633
0 0.343750 0.757324 0.109375 0.110352
0 0.342773 0.871094 0.109375 0.111328
0 0.242188 0.595215 0.109375 0.110352
0 0.240234 0.695312 0.097656 0.097656
0 0.241211 0.822266 0.097656 0.097656
0 0.248535 0.923828 0.110352 0.111328
0 0.143555 0.661133 0.109375 0.111328
0 0.138184 0.768555 0.084961 0.085938
0 0.142578 0.864258 0.097656 0.097656