0 0.348145 0.609863 0.073242 0.073242
0 0.437988 0.755859 0.073242 0.074219
0 0.438965 0.650879 0.073242 0.073242
0 0.534668 0.693848 0.073242 0.073242
0 0.254395 0.672852 0.084961 0.085938
0 0.350098 0.705078 0.073242 0.074219
0 0.354980 0.821289 0.073242 0.074219
0 0.538086 0.798828 0.085938 0.085938
0 0.441895 0.875977 0.073242 0.074219
0 0.909668 0.737305 0.073242 0.074219
0 0.894043 0.629883 0.073242 0.074219
0 0.712402 0.947754 0.073242 0.073242
0 0.908691 0.938965 0.073242 0.073242
0 0.909668 0.825684 0.073242 0.073242
0 0.624512 0.875488 0.073242 0.073242
0 0.729980 0.109375 0.084961 0.085938
0 0.633789 0.047852 0.085938 0.085938
0 0.447266 0.052246 0.097656 0.098633
0 0.349609 0.105957 0.097656 0.098633
0 0.255859 0.055664 0.085938 0.085938
0 0.163574 0.113281 0.084961 0.085938
0 0.068848 0.162109 0.084961 0.085938
0 0.067383 0.273438 0.097656 0.097656
0 0.166992 0.220703 0.097656 0.097656
0 0.160645 0.315430 0.084961 0.085938
0 0.255859 0.166016 0.085938 0.085938
0 0.257812 0.269531 0.085938 0.085938
0 0.351562 0.210938 0.085938 0.085938
0 0.348633 0.318359 0.085938 0.085938
0 0.452637 0.159180 0.084961 0.085938
0 0.444336 0.260254 0.097656 0.098633
0 0.543945 0.111816 0.097656 0.098633
0 0.541992 0.213379 0.097656 0.098633
1 0.633789 0.156250 0.085938 0.085938
0 0.638672 0.266113 0.097656 0.098633
0 0.736328 0.217773 0.085938 0.085938
0 0.071777 0.566406 0.122070 0.123047
0 0.067871 0.686523 0.122070 0.123047
0 0.069824 0.794922 0.084961 0.085938
0 0.067383 0.915527 0.097656 0.098633
0 0.162109 0.517578 0.097656 0.097656
0 0.166016 0.630859 0.097656 0.097656
0 0.166016 0.735352 0.097656 0.097656
0 0.167969 0.849609 0.097656 0.097656
0 0.252441 0.569336 0.073242 0.074219
0 0.259766 0.791016 0.085938 0.085938
0 0.256836 0.904297 0.097656 0.097656
0 0.346680 0.512207 0.060547 0.061523
0 0.434570 0.544434 0.060547 0.061523
0 0.522949 0.496582 0.061523 0.061523
0 0.523926 0.583496 0.061523 0.061523
0 0.541992 0.935547 0.085938 0.085938
0 0.628906 0.563965 0.048828 0.049805
0 0.627930 0.667480 0.048828 0.049805
0 0.631348 0.776855 0.073242 0.073242
0 0.703125 0.526855 0.060547 0.061523
0 0.707031 0.624512 0.060547 0.061523
0 0.707031 0.709473 0.060547 0.061523
0 0.716309 0.817871 0.061523 0.061523
0 0.791504 0.578613 0.061523 0.061523
0 0.799316 0.684082 0.073242 0.073242
0 0.812988 0.771973 0.073242 0.073242
0 0.811035 0.883301 0.073242 0.073242
0 0.881348 0.518066 0.061523 0.061523