0 0.650879 0.614746 0.073242 0.073242
0 0.740723 0.760742 0.073242 0.074219
0 0.741699 0.655762 0.073242 0.073242
0 0.837402 0.698730 0.073242 0.073242
0 0.557129 0.677734 0.084961 0.085938
0 0.652832 0.709961 0.073242 0.074219
0 0.657715 0.826172 0.073242 0.074219
0 0.840820 0.803711 0.085938 0.085938
0 0.744629 0.880859 0.073242 0.074219
0 0.927246 0.880371 0.073242 0.073242
0 0.936523 0.052734 0.085938 0.085938
0 0.750000 0.057129 0.097656 0.098633
0 0.652344 0.110840 0.097656 0.098633
0 0.558594 0.060547 0.085938 0.085938
0 0.466309 0.118164 0.084961 0.085938
0 0.367188 0.051758 0.097656 0.097656
0 0.271484 0.117188 0.085938 0.085938
0 0.171875 0.065430 0.097656 0.097656
0 0.076660 0.119141 0.084961 0.085938
0 0.080078 0.225098 0.097656 0.098633
0 0.070801 0.340332 0.061523 0.061523
0 0.171875 0.171387 0.097656 0.098633
0 0.176758 0.278809 0.097656 0.098633
0 0.280273 0.228516 0.097656 0.097656
0 0.371582 0.166992 0.084961 0.085938
0 0.370117 0.278320 0.097656 0.097656
0 0.469727 0.225586 0.097656 0.097656
0 0.463379 0.320312 0.084961 0.085938
0 0.558594 0.170898 0.085938 0.085938
0 0.560547 0.274414 0.085938 0.085938
0 0.654297 0.215820 0.085938 0.085938
0 0.651367 0.323242 0.085938 0.085938
0 0.755371 0.164062 0.084961 0.085938
0 0.747070 0.265137 0.097656 0.098633
0 0.846680 0.116699 0.097656 0.098633
0 0.844727 0.218262 0.097656 0.098633
1 0.936523 0.161133 0.085938 0.085938
0 0.941406 0.270996 0.097656 0.098633
0 0.069824 0.518066 0.073242 0.073242
0 0.074219 0.630371 0.109375 0.110352
0 0.075195 0.739746 0.109375 0.110352
0 0.075195 0.847656 0.085938 0.085938
0 0.180176 0.570312 0.122070 0.123047
0 0.168457 0.678711 0.122070 0.123047
0 0.175781 0.799316 0.097656 0.098633
0 0.176758 0.897949 0.097656 0.098633
0 0.273926 0.515625 0.073242 0.074219
0 0.279297 0.627930 0.097656 0.097656
0 0.285645 0.741211 0.122070 0.123047
0 0.281250 0.854004 0.097656 0.098633
0 0.374512 0.571289 0.122070 0.123047
0 0.370605 0.691406 0.122070 0.123047
0 0.372559 0.799805 0.084961 0.085938
0 0.370117 0.920410 0.097656 0.098633
0 0.464844 0.522461 0.097656 0.097656
0 0.468750 0.635742 0.097656 0.097656
0 0.468750 0.740234 0.097656 0.097656
0 0.470703 0.854492 0.097656 0.097656
0 0.555176 0.574219 0.073242 0.074219
0 0.562500 0.795898 0.085938 0.085938
0 0.559570 0.909180 0.097656 0.097656
0 0.649414 0.517090 0.060547 0.061523
0 0.737305 0.549316 0.060547 0.061523
0 0.825684 0.501465 0.061523 0.061523
0 0.826660 0.588379 0.061523 0.061523
0 0.844727 0.940430 0.085938 0.085938
0 0.931641 0.568848 0.048828 0.049805
0 0.930664 0.672363 0.048828 0.049805
0 0.934082 0.781738 0.073242 0.073242