0 0.049805 0.463867 0.097656 0.097656
0 0.140137 0.072754 0.110352 0.110352
0 0.141113 0.187012 0.110352 0.110352
0 0.135742 0.293457 0.109375 0.110352
0 0.134766 0.411621 0.109375 0.110352
0 0.135742 0.519531 0.109375 0.111328
0 0.231934 0.133301 0.110352 0.110352
0 0.226074 0.241699 0.110352 0.110352
0 0.233887 0.354004 0.110352 0.110352
0 0.235352 0.462402 0.109375 0.110352
0 0.335938 0.074707 0.109375 0.110352
0 0.335938 0.183105 0.097656 0.098633
0 0.331543 0.295410 0.110352 0.110352
0 0.334473 0.406738 0.110352 0.110352
0 0.333496 0.521973 0.110352 0.110352
0 0.435547 0.139160 0.109375 0.110352
0 0.428711 0.242676 0.109375 0.110352
0 0.428711 0.358887 0.109375 0.110352
0 0.425781 0.462402 0.109375 0.110352
0 0.523438 0.069336 0.097656 0.097656
0 0.520020 0.185059 0.110352 0.110352
0 0.526367 0.300293 0.109375 0.110352
0 0.521484 0.411621 0.097656 0.098633
0 0.527344 0.519043 0.109375 0.110352
0 0.619141 0.127930 0.097656 0.097656
0 0.615723 0.235840 0.110352 0.110352
0 0.618652 0.353027 0.110352 0.110352
0 0.617676 0.467773 0.084961 0.085938
0 0.708496 0.072266 0.073242 0.074219
0 0.705078 0.184570 0.097656 0.097656
0 0.710449 0.295898 0.084961 0.085938
0 0.708984 0.406738 0.097656 0.098633
0 0.802734 0.128906 0.085938 0.085938
0 0.800781 0.231445 0.097656 0.097656
0 0.801758 0.345703 0.085938 0.085938
0 0.804688 0.461914 0.085938 0.085938
0 0.899414 0.066895 0.097656 0.098633
0 0.904297 0.185059 0.097656 0.098633
0 0.907227 0.291016 0.097656 0.097656
0 0.906250 0.408203 0.097656 0.097656
0 0.902344 0.516602 0.085938 0.085938
0 0.899414 0.628418 0.097656 0.098633
0 0.900391 0.741699 0.097656 0.098633
0 0.896973 0.844727 0.084961 0.085938
0 0.807617 0.565918 0.097656 0.098633
0 0.804688 0.680176 0.097656 0.098633
0 0.803711 0.786621 0.097656 0.098633
0 0.802734 0.900879 0.097656 0.098633
0 0.706543 0.519531 0.084961 0.085938
0 0.709473 0.631836 0.084961 0.085938
0 0.706055 0.738770 0.097656 0.098633
0 0.710938 0.849121 0.097656 0.098633
0 0.618164 0.573730 0.097656 0.098633
0 0.616211 0.680176 0.097656 0.098633
0 0.614258 0.793457 0.097656 0.098633
0 0.616211 0.900879 0.097656 0.098633
0 0.520508 0.629395 0.109375 0.110352
0 0.521973 0.744629 0.110352 0.110352
0 0.526367 0.846191 0.097656 0.098633
1 0.420410 0.581543 0.110352 0.110352
1 0.324707 0.629395 0.110352 0.110352
0 0.422363 0.680176 0.110352 0.110352
0 0.419434 0.795410 0.110352 0.110352
0 0.422363 0.913086 0.110352 0.111328
0 0.323730 0.751953 0.073242 0.074219
0 0.327148 0.850586 0.097656 0.097656
0 0.224609 0.574707 0.109375 0.110352
0 0.227539 0.685547 0.109375 0.111328
0 0.231445 0.786133 0.109375 0.111328
0 0.224609 0.905762 0.097656 0.098633
0 0.138672 0.623047 0.109375 0.111328
0 0.139160 0.730469 0.084961 0.085938
0 0.135742 0.855957 0.097656 0.098633