0 0.119629 0.540039 0.084961 0.085938
0 0.125000 0.411133 0.085938 0.085938
0 0.125000 0.300781 0.085938 0.085938
0 0.126953 0.094727 0.097656 0.097656
0 0.125000 0.194824 0.097656 0.098633
0 0.217773 0.477539 0.085938 0.085938
0 0.234375 0.366699 0.097656 0.098633
0 0.228516 0.256348 0.109375 0.110352
0 0.226074 0.148438 0.084961 0.085938
0 0.315430 0.107910 0.097656 0.098633
0 0.320312 0.203125 0.097656 0.097656
0 0.314453 0.314941 0.097656 0.098633
0 0.307129 0.425293 0.110352 0.110352
0 0.305664 0.538574 0.097656 0.098633
0 0.406250 0.471191 0.097656 0.098633
0 0.416016 0.373535 0.097656 0.098633
0 0.413086 0.256348 0.109375 0.110352
0 0.410645 0.157227 0.084961 0.085938
0 0.508789 0.088867 0.109375 0.111328
0 0.507812 0.204590 0.097656 0.098633
0 0.504883 0.317871 0.097656 0.098633
0 0.498047 0.421875 0.097656 0.097656
0 0.501953 0.521973 0.109375 0.110352
0 0.600586 0.479004 0.097656 0.098633
0 0.600586 0.368652 0.109375 0.110352
0 0.599121 0.267090 0.110352 0.110352
0 0.602539 0.051270 0.097656 0.098633
0 0.601562 0.152832 0.097656 0.098633
0 0.693359 0.088867 0.097656 0.097656
0 0.693359 0.208496 0.097656 0.098633
0 0.699219 0.313965 0.097656 0.098633
0 0.698242 0.436035 0.097656 0.098633
0 0.694824 0.536133 0.084961 0.085938
0 0.789062 0.486816 0.097656 0.098633
0 0.786621 0.371582 0.110352 0.110352
0 0.791992 0.264648 0.109375 0.111328
0 0.795898 0.153809 0.097656 0.098633
0 0.884766 0.101074 0.097656 0.098633
0 0.892578 0.214355 0.109375 0.110352
0 0.879883 0.325684 0.097656 0.098633
0 0.883789 0.437988 0.097656 0.098633
0 0.884766 0.543457 0.097656 0.098633
0 0.781250 0.936523 0.097656 0.097656
0 0.882812 0.855469 0.097656 0.097656
0 0.876953 0.748535 0.097656 0.098633
0 0.876953 0.662598 0.097656 0.098633
0 0.783203 0.596191 0.097656 0.098633
0 0.782227 0.703613 0.109375 0.110352
0 0.781250 0.815430 0.097656 0.097656
0 0.695312 0.859375 0.097656 0.097656
0 0.687500 0.644531 0.097656 0.097656
0 0.692383 0.757812 0.097656 0.097656
0 0.600586 0.594727 0.097656 0.097656
0 0.600586 0.708984 0.097656 0.097656
0 0.592773 0.819336 0.097656 0.097656
0 0.592285 0.920410 0.110352 0.110352
0 0.503906 0.869629 0.097656 0.098633
0 0.501465 0.757324 0.110352 0.110352
0 0.501465 0.634766 0.110352 0.111328
1 0.410156 0.699219 0.085938 0.085938
0 0.407227 0.565430 0.097656 0.097656
0 0.314453 0.643066 0.109375 0.110352
0 0.313477 0.766113 0.097656 0.098633
0 0.312988 0.860840 0.084961 0.086914
0 0.224121 0.932617 0.084961 0.085938
0 0.218262 0.809082 0.110352 0.110352
0 0.219238 0.699707 0.110352 0.110352
0 0.219727 0.589355 0.097656 0.098633
0 0.120117 0.647949 0.097656 0.098633
0 0.122070 0.758301 0.097656 0.098633
0 0.121094 0.862305 0.085938 0.085938
0 0.410156 0.821777 0.109375 0.110352
0 0.405273 0.912598 0.109375 0.110352