0 0.336914 0.121582 0.085938 0.086914
0 0.907715 0.116211 0.084961 0.085938
0 0.808594 0.049805 0.097656 0.097656
0 0.712891 0.115234 0.085938 0.085938
0 0.613281 0.063477 0.097656 0.097656
0 0.518066 0.117188 0.084961 0.085938
0 0.436523 0.060059 0.097656 0.098633
0 0.239746 0.077637 0.024414 0.024414
0 0.144043 0.111816 0.024414 0.024414
0 0.140137 0.221191 0.024414 0.024414
0 0.143066 0.303223 0.024414 0.024414
0 0.240723 0.164551 0.024414 0.024414
0 0.233887 0.271973 0.024414 0.024414
0 0.333984 0.302734 0.037109 0.037109
0 0.331055 0.220215 0.109375 0.110352
0 0.440430 0.164062 0.085938 0.085938
0 0.440918 0.272949 0.073242 0.073242
0 0.521484 0.223145 0.097656 0.098633
0 0.512207 0.338379 0.061523 0.061523
0 0.613281 0.169434 0.097656 0.098633
0 0.618164 0.276855 0.097656 0.098633
0 0.721680 0.226562 0.097656 0.097656
0 0.812988 0.165039 0.084961 0.085938
0 0.811523 0.276367 0.097656 0.097656
0 0.911133 0.223633 0.097656 0.097656
0 0.904785 0.318359 0.084961 0.085938
0 0.055664 0.466309 0.060547 0.061523
0 0.047852 0.564453 0.085938 0.085938
0 0.144531 0.514648 0.085938 0.085938
0 0.136719 0.624512 0.097656 0.098633
0 0.146484 0.734863 0.109375 0.110352
0 0.144043 0.846680 0.122070 0.123047
0 0.143066 0.958496 0.061523 0.061523
0 0.241699 0.473145 0.061523 0.061523
0 0.238281 0.566895 0.097656 0.098633
0 0.242676 0.681641 0.122070 0.123047
0 0.235352 0.790527 0.109375 0.110352
0 0.238770 0.905273 0.122070 0.123047
0 0.335938 0.516113 0.097656 0.098633
0 0.331543 0.625488 0.110352 0.110352
0 0.323730 0.729492 0.122070 0.123047
0 0.332520 0.852051 0.110352 0.110352
0 0.425781 0.483398 0.048828 0.048828
0 0.422852 0.568848 0.097656 0.098633
0 0.422363 0.684082 0.122070 0.122070
0 0.426270 0.790039 0.122070 0.123047
0 0.425293 0.906738 0.110352 0.110352
0 0.511230 0.516113 0.073242 0.073242
0 0.515625 0.628418 0.109375 0.110352
0 0.516602 0.737793 0.109375 0.110352
0 0.516602 0.845703 0.085938 0.085938
0 0.621582 0.568359 0.122070 0.123047
0 0.609863 0.676758 0.122070 0.123047
0 0.617188 0.797363 0.097656 0.098633
0 0.618164 0.895996 0.097656 0.098633
0 0.715332 0.513672 0.073242 0.074219
0 0.720703 0.625977 0.097656 0.097656
0 0.727051 0.739258 0.122070 0.123047
0 0.722656 0.852051 0.097656 0.098633
0 0.815918 0.569336 0.122070 0.123047
0 0.812012 0.689453 0.122070 0.123047
0 0.813965 0.797852 0.084961 0.085938
0 0.811523 0.918457 0.097656 0.098633
0 0.906250 0.520508 0.097656 0.097656
0 0.910156 0.633789 0.097656 0.097656
0 0.910156 0.738281 0.097656 0.097656
0 0.912109 0.852539 0.097656 0.097656