0 0.782715 0.085449 0.061523 0.061523
0 0.783203 0.199707 0.097656 0.098633
1 0.781738 0.306152 0.110352 0.110352
0 0.875000 0.138672 0.085938 0.085938
0 0.890137 0.255859 0.084961 0.085938
0 0.687012 0.150879 0.110352 0.110352
0 0.687500 0.256348 0.109375 0.110352
0 0.588867 0.088379 0.060547 0.061523
0 0.590820 0.187012 0.109375 0.110352
0 0.588867 0.306152 0.109375 0.110352
0 0.495117 0.140137 0.097656 0.098633
0 0.495117 0.248535 0.097656 0.098633
0 0.402832 0.090332 0.073242 0.073242
0 0.404297 0.194824 0.097656 0.098633
0 0.402344 0.308105 0.097656 0.098633
0 0.301758 0.151855 0.097656 0.098633
0 0.307617 0.257324 0.109375 0.110352
0 0.216797 0.097168 0.097656 0.098633
0 0.216797 0.197754 0.097656 0.098633
0 0.210938 0.311523 0.109375 0.111328
0 0.120117 0.140137 0.109375 0.110352
0 0.118652 0.251953 0.110352 0.111328
0 0.125488 0.359375 0.110352 0.111328
0 0.120605 0.476074 0.110352 0.110352
0 0.122559 0.579590 0.110352 0.110352
0 0.116699 0.691895 0.110352 0.110352
0 0.218750 0.416992 0.109375 0.111328
0 0.215820 0.528809 0.109375 0.110352
0 0.213867 0.637207 0.097656 0.098633
0 0.215820 0.753418 0.097656 0.098633
0 0.310059 0.357910 0.110352 0.110352
0 0.308594 0.479492 0.085938 0.085938
0 0.308594 0.585938 0.097656 0.097656
0 0.313477 0.696777 0.097656 0.098633
0 0.404785 0.416504 0.110352 0.110352
0 0.403809 0.521484 0.110352 0.111328
0 0.404297 0.643555 0.109375 0.111328
0 0.400391 0.749512 0.109375 0.110352
0 0.499023 0.358887 0.109375 0.110352
0 0.496582 0.476074 0.110352 0.110352
0 0.498535 0.582520 0.110352 0.110352
0 0.499512 0.693359 0.110352 0.111328
0 0.586914 0.410645 0.109375 0.110352
0 0.585938 0.523926 0.109375 0.110352
0 0.593750 0.635254 0.109375 0.110352
0 0.686523 0.360840 0.097656 0.098633
0 0.686523 0.472168 0.109375 0.110352
0 0.689453 0.578613 0.097656 0.098633
0 0.690430 0.690918 0.109375 0.110352
0 0.785645 0.407715 0.110352 0.110352
0 0.780762 0.521973 0.110352 0.110352
0 0.784668 0.641113 0.110352 0.110352
0 0.787109 0.746582 0.109375 0.110352
0 0.885742 0.363281 0.085938 0.085938
0 0.889160 0.464844 0.084961 0.085938
0 0.884277 0.576172 0.084961 0.085938
0 0.885254 0.689453 0.084961 0.085938
0 0.887695 0.800293 0.097656 0.098633
0 0.890625 0.908203 0.085938 0.085938
0 0.786133 0.858887 0.109375 0.110352
0 0.688477 0.803223 0.109375 0.110352
0 0.689941 0.914062 0.110352 0.111328
0 0.590332 0.747070 0.110352 0.111328
0 0.592285 0.854492 0.110352 0.111328
0 0.502441 0.810547 0.110352 0.111328
0 0.500977 0.915527 0.097656 0.098633
0 0.405273 0.857910 0.097656 0.098633
0 0.305664 0.802246 0.109375 0.110352
0 0.311035 0.917480 0.110352 0.110352
0 0.215820 0.854980 0.097656 0.098633
0 0.122070 0.806152 0.109375 0.110352
0 0.119141 0.914551 0.109375 0.110352