0 0.495605 0.837402 0.061523 0.061523
0 0.224121 0.884277 0.061523 0.061523
0 0.783691 0.903320 0.073242 0.074219
0 0.499512 0.944336 0.073242 0.074219
0 0.958496 0.323242 0.073242 0.074219
0 0.960449 0.409180 0.073242 0.074219
0 0.880371 0.376465 0.073242 0.073242
0 0.878418 0.474121 0.073242 0.073242
0 0.976074 0.898438 0.036133 0.037109
1 0.702148 0.961426 0.060547 0.061523
1 0.875488 0.955566 0.061523 0.061523
0 0.695801 0.842773 0.084961 0.085938
0 0.597656 0.885742 0.085938 0.085938
0 0.414062 0.889648 0.048828 0.048828
0 0.316895 0.942871 0.110352 0.110352
0 0.133789 0.928223 0.109375 0.110352
0 0.943848 0.508301 0.061523 0.061523
0 0.697266 0.461914 0.085938 0.085938
0 0.880859 0.262207 0.097656 0.098633
0 0.895508 0.147461 0.085938 0.085938
0 0.791992 0.077637 0.109375 0.110352
0 0.802246 0.214844 0.084961 0.085938
0 0.792969 0.309082 0.097656 0.098633
0 0.779785 0.429688 0.084961 0.085938
0 0.702637 0.356934 0.110352 0.110352
0 0.694824 0.263184 0.110352 0.110352
0 0.697754 0.135742 0.110352 0.111328
0 0.603516 0.082520 0.097656 0.098633
0 0.609375 0.206055 0.085938 0.085938
0 0.604492 0.304688 0.109375 0.111328
0 0.605469 0.411621 0.097656 0.098633
0 0.600098 0.519531 0.084961 0.085938
0 0.523926 0.475098 0.084961 0.086914
0 0.513672 0.370117 0.085938 0.085938
0 0.514160 0.250977 0.084961 0.085938
0 0.522949 0.141602 0.084961 0.085938
0 0.418457 0.087402 0.096680 0.098633
0 0.419434 0.191406 0.084961 0.085938
0 0.412109 0.307129 0.097656 0.098633
0 0.409180 0.424316 0.109375 0.110352
0 0.420898 0.528320 0.097656 0.097656
0 0.326660 0.248535 0.084961 0.086914
0 0.228027 0.309570 0.084961 0.085938
0 0.324219 0.146973 0.109375 0.110352
0 0.318359 0.346191 0.097656 0.098633
0 0.323730 0.464844 0.084961 0.085938
0 0.234375 0.510742 0.085938 0.085938
0 0.229492 0.411133 0.097656 0.097656
0 0.136230 0.465820 0.084961 0.085938
0 0.133789 0.362793 0.097656 0.098633
0 0.135742 0.146973 0.097656 0.098633
0 0.229492 0.101074 0.109375 0.110352
0 0.224609 0.196777 0.109375 0.110352