0 0.689453 0.826660 0.085938 0.086914
0 0.500000 0.141602 0.097656 0.097656
0 0.495117 0.258301 0.097656 0.098633
0 0.596191 0.200195 0.073242 0.074219
0 0.693359 0.153320 0.097656 0.097656
0 0.695312 0.263672 0.097656 0.097656
0 0.781250 0.093262 0.109375 0.110352
0 0.780273 0.211426 0.109375 0.110352
0 0.781250 0.319336 0.109375 0.111328
0 0.879395 0.153809 0.110352 0.110352
0 0.880859 0.262207 0.109375 0.110352
0 0.870117 0.374512 0.109375 0.110352
0 0.873047 0.485352 0.109375 0.111328
0 0.876953 0.585938 0.109375 0.111328
0 0.870117 0.705566 0.097656 0.098633
0 0.870605 0.822266 0.084961 0.085938
0 0.784180 0.422852 0.109375 0.111328
0 0.784668 0.530273 0.084961 0.085938
0 0.781250 0.655762 0.097656 0.098633
0 0.789062 0.765137 0.097656 0.098633
0 0.684082 0.389648 0.110352 0.111328
0 0.687012 0.498047 0.084961 0.085938
0 0.680176 0.617188 0.084961 0.085938
0 0.686523 0.720703 0.085938 0.085938
0 0.595215 0.331055 0.084961 0.085938
0 0.602051 0.444824 0.024414 0.024414
0 0.595703 0.563477 0.037109 0.037109
0 0.598145 0.669434 0.024414 0.024414
0 0.592285 0.782715 0.024414 0.024414
0 0.500488 0.591309 0.024414 0.024414
0 0.500488 0.701660 0.024414 0.024414
0 0.496582 0.816895 0.024414 0.024414
0 0.502930 0.366699 0.097656 0.098633
0 0.500977 0.472168 0.097656 0.098633
0 0.492676 0.926270 0.024414 0.024414
0 0.593262 0.869629 0.024414 0.024414
0 0.586426 0.977051 0.024414 0.024414
0 0.683594 0.925293 0.109375 0.110352
0 0.792969 0.869141 0.085938 0.085938
0 0.874023 0.928223 0.097656 0.098633
0 0.209961 0.557129 0.097656 0.098633
0 0.213867 0.660645 0.109375 0.110352
0 0.205078 0.771484 0.097656 0.097656
0 0.209961 0.882812 0.097656 0.097656
1 0.112305 0.612305 0.085938 0.085938
0 0.113281 0.725586 0.097656 0.097656
0 0.108887 0.830566 0.110352 0.110352
0 0.109375 0.939941 0.097656 0.098633