0 0.890625 0.943848 0.097656 0.098633
0 0.883301 0.843262 0.110352 0.110352
0 0.893555 0.733887 0.109375 0.110352
0 0.900391 0.625000 0.109375 0.111328
0 0.902832 0.519531 0.110352 0.111328
0 0.894043 0.410645 0.110352 0.110352
0 0.897461 0.301270 0.097656 0.098633
0 0.803711 0.346191 0.109375 0.110352
0 0.810059 0.455566 0.110352 0.110352
0 0.790527 0.557129 0.110352 0.110352
0 0.796875 0.678223 0.109375 0.110352
1 0.797852 0.788574 0.109375 0.110352
0 0.792480 0.903320 0.110352 0.111328
0 0.701172 0.840332 0.109375 0.110352
0 0.697266 0.729004 0.097656 0.098633
0 0.704102 0.629883 0.097656 0.097656
0 0.708008 0.296875 0.109375 0.111328
0 0.710449 0.403809 0.110352 0.110352
0 0.709961 0.518066 0.097656 0.098633
0 0.605957 0.341309 0.110352 0.110352
0 0.606934 0.459473 0.110352 0.110352
0 0.621094 0.568848 0.109375 0.110352
0 0.603027 0.676758 0.110352 0.111328
0 0.600098 0.791504 0.110352 0.110352
0 0.602539 0.896484 0.109375 0.111328
0 0.521973 0.291504 0.110352 0.110352
0 0.515137 0.405762 0.110352 0.110352
0 0.516602 0.514160 0.109375 0.110352
0 0.519043 0.615723 0.110352 0.110352
0 0.512207 0.715332 0.110352 0.110352
0 0.509766 0.822266 0.109375 0.111328
0 0.502930 0.939453 0.097656 0.097656
0 0.426758 0.336426 0.097656 0.098633
0 0.425781 0.462402 0.097656 0.098633
0 0.429688 0.563965 0.109375 0.110352
0 0.418945 0.666504 0.097656 0.098633
0 0.409668 0.795410 0.110352 0.110352
0 0.415039 0.869629 0.109375 0.110352
0 0.320312 0.833008 0.097656 0.097656
0 0.320312 0.717285 0.097656 0.098633
0 0.331055 0.611816 0.109375 0.110352
0 0.330078 0.509277 0.097656 0.098633
0 0.323242 0.398438 0.097656 0.097656
0 0.333984 0.284180 0.097656 0.097656
0 0.234375 0.339844 0.109375 0.111328
0 0.233398 0.451660 0.109375 0.110352
0 0.229004 0.562012 0.110352 0.110352
0 0.224121 0.666504 0.110352 0.110352
0 0.229004 0.768066 0.110352 0.110352
0 0.217285 0.891113 0.110352 0.110352
0 0.130859 0.937988 0.097656 0.098633
0 0.130859 0.816895 0.097656 0.098633
0 0.130859 0.714355 0.097656 0.098633
0 0.141602 0.274414 0.085938 0.085938
0 0.132324 0.393066 0.110352 0.110352
0 0.134766 0.497070 0.085938 0.085938
0 0.139648 0.611816 0.097656 0.098633
0 0.900391 0.080566 0.109375 0.110352
0 0.715820 0.096191 0.097656 0.098633
0 0.619141 0.064941 0.109375 0.110352
0 0.526855 0.113281 0.084961 0.085938
0 0.340820 0.097168 0.109375 0.110352
0 0.149902 0.087891 0.110352 0.111328