0 0.332031 0.244629 0.085938 0.086914
0 0.904297 0.118652 0.097656 0.098633
0 0.902832 0.239258 0.084961 0.085938
0 0.814453 0.063965 0.097656 0.098633
0 0.803711 0.172852 0.097656 0.097656
0 0.710449 0.130859 0.110352 0.111328
0 0.708008 0.238281 0.085938 0.085938
0 0.615234 0.068359 0.097656 0.097656
0 0.608398 0.186523 0.097656 0.097656
0 0.512695 0.123535 0.097656 0.098633
0 0.513184 0.240234 0.084961 0.085938
0 0.423828 0.073730 0.097656 0.098633
0 0.431641 0.183105 0.097656 0.098633
0 0.329102 0.138672 0.085938 0.085938
0 0.240723 0.087402 0.024414 0.024414
0 0.234863 0.200684 0.024414 0.024414
0 0.143066 0.119629 0.024414 0.024414
0 0.139160 0.234863 0.024414 0.024414
0 0.135254 0.344238 0.024414 0.024414
0 0.138184 0.426270 0.024414 0.024414
0 0.235840 0.287598 0.024414 0.024414
0 0.229004 0.395020 0.024414 0.024414
0 0.329102 0.425781 0.037109 0.037109
0 0.326172 0.343262 0.109375 0.110352
0 0.435547 0.287109 0.085938 0.085938
0 0.436035 0.395996 0.073242 0.073242
0 0.516602 0.346191 0.097656 0.098633
0 0.507324 0.461426 0.061523 0.061523
0 0.608398 0.292480 0.097656 0.098633
0 0.613281 0.399902 0.097656 0.098633
0 0.716797 0.349609 0.097656 0.097656
0 0.808105 0.288086 0.084961 0.085938
0 0.806641 0.399414 0.097656 0.097656
0 0.906250 0.346680 0.097656 0.097656
0 0.899902 0.441406 0.084961 0.085938
0 0.050781 0.589355 0.060547 0.061523
0 0.139648 0.637695 0.085938 0.085938
0 0.131836 0.747559 0.097656 0.098633
0 0.141602 0.857910 0.109375 0.110352
0 0.236816 0.596191 0.061523 0.061523
0 0.233398 0.689941 0.097656 0.098633
0 0.237793 0.804688 0.122070 0.123047
0 0.230469 0.913574 0.109375 0.110352
0 0.331055 0.639160 0.097656 0.098633
0 0.326660 0.748535 0.110352 0.110352
0 0.318848 0.852539 0.122070 0.123047
0 0.420898 0.606445 0.048828 0.048828
0 0.417969 0.691895 0.097656 0.098633
0 0.417480 0.807129 0.122070 0.122070
0 0.421387 0.913086 0.122070 0.123047
0 0.506348 0.639160 0.073242 0.073242
0 0.510742 0.751465 0.109375 0.110352
0 0.511719 0.860840 0.109375 0.110352
0 0.616699 0.691406 0.122070 0.123047
0 0.604980 0.799805 0.122070 0.123047
0 0.612305 0.920410 0.097656 0.098633
0 0.710449 0.636719 0.073242 0.074219
0 0.715820 0.749023 0.097656 0.097656
0 0.722168 0.862305 0.122070 0.123047
0 0.811035 0.692383 0.122070 0.123047
0 0.807129 0.812500 0.122070 0.123047
0 0.809082 0.920898 0.084961 0.085938
0 0.901367 0.643555 0.097656 0.097656
0 0.905273 0.756836 0.097656 0.097656
0 0.905273 0.861328 0.097656 0.097656