0 0.184082 0.051758 0.073242 0.074219
0 0.362793 0.744141 0.073242 0.074219
0 0.364746 0.830078 0.073242 0.074219
0 0.565918 0.812012 0.073242 0.073242
0 0.559082 0.595703 0.073242 0.074219
0 0.284668 0.797363 0.073242 0.073242
0 0.477539 0.925293 0.060547 0.061523
0 0.282715 0.895020 0.073242 0.073242
0 0.944336 0.507812 0.085938 0.085938
0 0.939453 0.712402 0.097656 0.098633
0 0.853516 0.208496 0.097656 0.098633
1 0.846680 0.323242 0.085938 0.085938
0 0.849121 0.428711 0.084961 0.085938
0 0.850098 0.545410 0.110352 0.110352
0 0.854004 0.653809 0.110352 0.110352
0 0.852539 0.763184 0.109375 0.110352
0 0.849609 0.881348 0.097656 0.098633
0 0.757812 0.174805 0.097656 0.097656
0 0.762695 0.266113 0.097656 0.098633
0 0.748047 0.370117 0.097656 0.097656
0 0.749023 0.497559 0.097656 0.098633
0 0.744141 0.606934 0.097656 0.098633
0 0.740234 0.712402 0.097656 0.098633
0 0.751465 0.821289 0.084961 0.085938
0 0.655762 0.869141 0.084961 0.085938
0 0.664551 0.221680 0.110352 0.111328
0 0.668457 0.346680 0.122070 0.123047
0 0.661621 0.452148 0.084961 0.085938
0 0.644531 0.569336 0.085938 0.085938
0 0.646973 0.654785 0.084961 0.086914
0 0.653320 0.762695 0.097656 0.097656
0 0.568848 0.170410 0.110352 0.110352
0 0.572754 0.279785 0.110352 0.110352
0 0.570312 0.392090 0.097656 0.098633
0 0.572266 0.490723 0.097656 0.098633
0 0.480469 0.577637 0.060547 0.061523
0 0.479980 0.680664 0.073242 0.074219
0 0.482910 0.766602 0.084961 0.085938
0 0.473633 0.845703 0.085938 0.085938
0 0.348145 0.929199 0.061523 0.061523
0 0.101562 0.882812 0.085938 0.085938
0 0.474609 0.236816 0.109375 0.110352
0 0.481934 0.333496 0.110352 0.110352
0 0.479492 0.448730 0.109375 0.110352
0 0.383789 0.175781 0.085938 0.085938
0 0.378906 0.286621 0.109375 0.110352
0 0.381348 0.393066 0.110352 0.110352
0 0.380859 0.493164 0.109375 0.111328
0 0.369141 0.635254 0.097656 0.098633
0 0.285156 0.683105 0.097656 0.098633
0 0.299805 0.568359 0.085938 0.085938
0 0.285645 0.225098 0.084961 0.086914
0 0.291992 0.329102 0.097656 0.097656
0 0.285156 0.460449 0.097656 0.098633
0 0.183594 0.168945 0.085938 0.085938
0 0.185059 0.282227 0.084961 0.085938
0 0.192383 0.395508 0.097656 0.097656
0 0.196289 0.498535 0.109375 0.110352
0 0.206543 0.635742 0.084961 0.085938
0 0.197266 0.729980 0.097656 0.098633
0 0.184082 0.850586 0.084961 0.085938
0 0.106934 0.777832 0.110352 0.110352
0 0.099121 0.684082 0.110352 0.110352
0 0.102051 0.556641 0.110352 0.111328
0 0.104492 0.455078 0.109375 0.111328
0 0.102539 0.339355 0.097656 0.098633
1 0.103027 0.227539 0.073242 0.074219
1 0.107910 0.103516 0.073242 0.074219
0 0.845703 0.097656 0.085938 0.085938
0 0.756348 0.056152 0.110352 0.110352
0 0.573242 0.063965 0.097656 0.098633
0 0.388184 0.058105 0.110352 0.110352
0 0.481445 0.122070 0.085938 0.085938
0 0.292480 0.110352 0.084961 0.085938
0 0.671387 0.129395 0.110352 0.110352
0 0.563477 0.699707 0.097656 0.098633