0 0.580566 0.198242 0.073242 0.074219
0 0.861328 0.914551 0.109375 0.110352
0 0.761719 0.956055 0.085938 0.085938
0 0.661133 0.911133 0.085938 0.085938
0 0.467285 0.923340 0.110352 0.110352
0 0.287598 0.907227 0.110352 0.111328
0 0.106445 0.906738 0.097656 0.098633
0 0.866211 0.150391 0.097656 0.097656
0 0.869141 0.263672 0.097656 0.097656
0 0.867188 0.364746 0.097656 0.098633
0 0.863281 0.472656 0.085938 0.085938
0 0.870117 0.592773 0.097656 0.097656
0 0.867188 0.710938 0.109375 0.111328
0 0.863281 0.808594 0.097656 0.097656
0 0.764648 0.855469 0.085938 0.085938
0 0.769531 0.755371 0.097656 0.098633
0 0.770508 0.636719 0.097656 0.097656
0 0.766602 0.102539 0.085938 0.085938
0 0.768066 0.201172 0.084961 0.085938
0 0.770508 0.315430 0.085938 0.085938
0 0.771484 0.424805 0.085938 0.085938
0 0.771484 0.527344 0.085938 0.085938
0 0.672363 0.143555 0.084961 0.085938
0 0.668457 0.246094 0.084961 0.085938
0 0.107422 0.580078 0.048828 0.048828
0 0.106934 0.681641 0.084961 0.085938
0 0.109375 0.797363 0.085938 0.086914
0 0.668457 0.361328 0.084961 0.085938
0 0.666992 0.470215 0.109375 0.110352
0 0.665527 0.577148 0.084961 0.085938
0 0.664062 0.696777 0.097656 0.098633
0 0.668945 0.812012 0.109375 0.110352
0 0.577148 0.860352 0.109375 0.111328
0 0.573730 0.748535 0.110352 0.110352
0 0.573730 0.640137 0.110352 0.110352
0 0.572754 0.524902 0.110352 0.110352
0 0.573730 0.412598 0.110352 0.110352
0 0.575195 0.300781 0.097656 0.097656
0 0.486328 0.237305 0.085938 0.085938
0 0.470703 0.364746 0.097656 0.098633
0 0.476562 0.474121 0.097656 0.098633
0 0.473145 0.583496 0.110352 0.110352
0 0.479492 0.694824 0.109375 0.110352
0 0.475098 0.807129 0.110352 0.110352
0 0.391602 0.861328 0.097656 0.097656
0 0.387695 0.723633 0.097656 0.097656
0 0.384766 0.624512 0.097656 0.098633
0 0.384766 0.534668 0.097656 0.098633
0 0.390625 0.411621 0.097656 0.098633
0 0.289062 0.800293 0.097656 0.098633
0 0.289551 0.684570 0.084961 0.085938
0 0.290039 0.142090 0.097656 0.098633
0 0.197266 0.093750 0.097656 0.097656
0 0.199219 0.189941 0.097656 0.098633
0 0.194336 0.307129 0.109375 0.110352
0 0.191406 0.412598 0.109375 0.110352
0 0.099609 0.136230 0.097656 0.098633
0 0.106445 0.241699 0.097656 0.098633
0 0.101074 0.354004 0.110352 0.110352
0 0.098145 0.468262 0.110352 0.110352