1 0.732910 0.509766 0.073242 0.074219
1 0.731445 0.629395 0.060547 0.061523
0 0.916016 0.516113 0.097656 0.098633
0 0.921387 0.632324 0.110352 0.110352
0 0.928711 0.733887 0.097656 0.098633
0 0.918457 0.852051 0.084961 0.086914
0 0.825684 0.568359 0.110352 0.111328
0 0.832031 0.676270 0.097656 0.098633
0 0.823730 0.916992 0.084961 0.085938
0 0.745117 0.752930 0.085938 0.085938
0 0.737305 0.833496 0.109375 0.110352
0 0.636719 0.598145 0.097656 0.098633
0 0.639648 0.669922 0.085938 0.085938
0 0.634277 0.784180 0.110352 0.111328
0 0.627441 0.908691 0.110352 0.110352
0 0.533203 0.513184 0.097656 0.098633
0 0.540039 0.626465 0.097656 0.098633
0 0.537109 0.739746 0.085938 0.086914
0 0.540039 0.845215 0.097656 0.098633
0 0.448242 0.567871 0.097656 0.098633
0 0.444336 0.679688 0.097656 0.097656
0 0.444336 0.782227 0.085938 0.085938
0 0.445312 0.893066 0.097656 0.098633
0 0.348633 0.623535 0.109375 0.110352
0 0.355469 0.736816 0.097656 0.098633
0 0.347168 0.848633 0.084961 0.085938
0 0.258301 0.568848 0.110352 0.110352
0 0.256836 0.683594 0.109375 0.111328
0 0.257812 0.790527 0.097656 0.098633
0 0.253906 0.899414 0.097656 0.097656
0 0.170410 0.625000 0.084961 0.085938
0 0.165039 0.733887 0.097656 0.098633
0 0.157227 0.851074 0.097656 0.098633
0 0.162109 0.948730 0.097656 0.098633
0 0.074707 0.571289 0.084961 0.085938
0 0.068359 0.684570 0.097656 0.097656
0 0.065430 0.787598 0.097656 0.098633
0 0.062500 0.900879 0.097656 0.098633
1 0.826172 0.142578 0.085938 0.085938
1 0.448730 0.336426 0.061523 0.061523
0 0.541504 0.406250 0.084961 0.085938
0 0.638672 0.365234 0.085938 0.085938
0 0.638672 0.455078 0.085938 0.085938
0 0.734375 0.396484 0.085938 0.085938
0 0.742188 0.309570 0.085938 0.085938
0 0.921875 0.182129 0.097656 0.098633
0 0.921875 0.289551 0.097656 0.098633
0 0.915039 0.409668 0.097656 0.098633
0 0.824707 0.455078 0.084961 0.085938
0 0.822266 0.242676 0.097656 0.098633
0 0.821289 0.348145 0.097656 0.098633
0 0.737305 0.060547 0.085938 0.085938
0 0.637695 0.130859 0.109375 0.111328
0 0.541992 0.186523 0.109375 0.111328
0 0.549805 0.077637 0.109375 0.110352
0 0.454102 0.126465 0.097656 0.098633
0 0.454102 0.209961 0.097656 0.097656
0 0.351562 0.164551 0.097656 0.098633
0 0.361328 0.062988 0.109375 0.110352
0 0.271973 0.103027 0.110352 0.110352
0 0.447266 0.454590 0.109375 0.110352
0 0.353027 0.517090 0.110352 0.110352
0 0.261230 0.467285 0.110352 0.110352
0 0.358398 0.389648 0.085938 0.085938
0 0.266602 0.353027 0.109375 0.110352
0 0.259766 0.278809 0.097656 0.098633
0 0.168457 0.313965 0.110352 0.110352
0 0.169922 0.409668 0.097656 0.098633
0 0.170898 0.499512 0.109375 0.110352
0 0.067383 0.463379 0.109375 0.110352