0 0.188965 0.105469 0.073242 0.074219
0 0.294434 0.409668 0.073242 0.073242
0 0.191895 0.458984 0.073242 0.074219
0 0.279785 0.604980 0.073242 0.073242
0 0.098145 0.512207 0.073242 0.073242
0 0.365723 0.687012 0.073242 0.073242
0 0.362793 0.790039 0.073242 0.074219
0 0.936523 0.674805 0.109375 0.111328
0 0.937500 0.785156 0.109375 0.111328
1 0.937500 0.880371 0.097656 0.098633
0 0.840820 0.845215 0.109375 0.110352
0 0.844727 0.732910 0.109375 0.110352
0 0.834473 0.637207 0.110352 0.110352
0 0.755859 0.792969 0.097656 0.097656
0 0.758789 0.897949 0.097656 0.098633
0 0.654297 0.948730 0.097656 0.098633
0 0.657227 0.848633 0.109375 0.111328
0 0.650879 0.741699 0.110352 0.110352
0 0.654785 0.621094 0.110352 0.111328
0 0.473633 0.620605 0.097656 0.098633
0 0.189453 0.663086 0.085938 0.085938
0 0.177734 0.776367 0.085938 0.085938
0 0.289062 0.718262 0.085938 0.086914
0 0.287598 0.830078 0.084961 0.085938
0 0.357422 0.880859 0.085938 0.085938
0 0.184082 0.909668 0.110352 0.110352
0 0.087402 0.724609 0.084961 0.085938
0 0.085938 0.850586 0.085938 0.085938
0 0.294434 0.503418 0.073242 0.073242
0 0.189941 0.568359 0.073242 0.074219
0 0.295898 0.207031 0.085938 0.085938
0 0.093262 0.149414 0.084961 0.085938
0 0.092773 0.280762 0.097656 0.098633
0 0.093750 0.396484 0.097656 0.097656
0 0.191406 0.339355 0.109375 0.110352
0 0.187500 0.221191 0.097656 0.098633
0 0.474609 0.293945 0.048828 0.048828
0 0.474121 0.395508 0.084961 0.085938
0 0.476562 0.511230 0.085938 0.086914
0 0.944336 0.574219 0.109375 0.111328
0 0.940918 0.462402 0.110352 0.110352
0 0.940918 0.354004 0.110352 0.110352
0 0.939941 0.238770 0.110352 0.110352
0 0.940918 0.126465 0.110352 0.110352
0 0.837891 0.078613 0.097656 0.098633
0 0.843750 0.187988 0.097656 0.098633
0 0.840332 0.297363 0.110352 0.110352
0 0.846680 0.408691 0.109375 0.110352
0 0.842285 0.520996 0.110352 0.110352
0 0.758789 0.575195 0.097656 0.097656
0 0.754883 0.437500 0.097656 0.097656
0 0.751953 0.338379 0.097656 0.098633
0 0.751953 0.248535 0.097656 0.098633
0 0.757812 0.125488 0.097656 0.098633
0 0.656250 0.514160 0.097656 0.098633
0 0.656738 0.398438 0.084961 0.085938
0 0.558594 0.126465 0.109375 0.110352
0 0.468262 0.067871 0.110352 0.110352
0 0.465332 0.182129 0.110352 0.110352
0 0.374023 0.125977 0.109375 0.111328
0 0.284668 0.096191 0.110352 0.110352
0 0.378906 0.232910 0.109375 0.110352
0 0.378906 0.340820 0.085938 0.085938
0 0.373047 0.574219 0.085938 0.085938