0 0.315918 0.578125 0.073242 0.074219
0 0.125977 0.129883 0.085938 0.085938
0 0.128906 0.246094 0.085938 0.085938
0 0.231445 0.075195 0.097656 0.097656
0 0.230469 0.192383 0.097656 0.097656
0 0.317383 0.147949 0.097656 0.098633
0 0.409180 0.079102 0.085938 0.085938
0 0.412598 0.188477 0.084961 0.085938
0 0.508789 0.133789 0.085938 0.085938
0 0.504883 0.245117 0.085938 0.085938
0 0.319824 0.258789 0.084961 0.085938
0 0.505859 0.352539 0.085938 0.085938
0 0.501953 0.460938 0.097656 0.097656
0 0.505371 0.583984 0.084961 0.085938
0 0.506348 0.678711 0.084961 0.085938
0 0.505371 0.801758 0.084961 0.085938
0 0.409668 0.296875 0.084961 0.085938
0 0.409180 0.414062 0.097656 0.097656
0 0.411133 0.525391 0.097656 0.097656
0 0.415039 0.632812 0.085938 0.085938
0 0.409180 0.740234 0.085938 0.085938
1 0.315918 0.353516 0.084961 0.085938
0 0.316406 0.464844 0.097656 0.097656
0 0.321289 0.686035 0.097656 0.098633
0 0.226562 0.300781 0.085938 0.085938
0 0.223633 0.412598 0.097656 0.098633
0 0.224609 0.525879 0.097656 0.098633
0 0.221191 0.628906 0.084961 0.085938
0 0.222656 0.744629 0.097656 0.098633
0 0.131836 0.350098 0.097656 0.098633
0 0.128906 0.464355 0.097656 0.098633
0 0.127930 0.570801 0.097656 0.098633
0 0.126953 0.685059 0.097656 0.098633
0 0.125000 0.798340 0.097656 0.098633
0 0.126953 0.903320 0.085938 0.085938
0 0.228027 0.851562 0.084961 0.085938
0 0.319336 0.804199 0.097656 0.098633
0 0.317383 0.905762 0.097656 0.098633
1 0.409180 0.848633 0.085938 0.085938
0 0.511719 0.910156 0.085938 0.085938