0 0.255371 0.908691 0.073242 0.073242
0 0.067383 0.454102 0.097656 0.097656
0 0.071289 0.343262 0.097656 0.098633
0 0.071289 0.229004 0.097656 0.098633
0 0.066406 0.120605 0.109375 0.110352
0 0.162109 0.064941 0.109375 0.110352
0 0.158203 0.177246 0.109375 0.110352
0 0.153320 0.291504 0.097656 0.098633
0 0.158203 0.397949 0.097656 0.098633
0 0.248535 0.460938 0.084961 0.085938
0 0.253906 0.332031 0.085938 0.085938
0 0.253906 0.221680 0.085938 0.085938
0 0.253906 0.115723 0.097656 0.098633
0 0.346680 0.398438 0.085938 0.085938
0 0.363281 0.287598 0.097656 0.098633
0 0.357422 0.177246 0.109375 0.110352
0 0.354980 0.069336 0.084961 0.085938
0 0.449219 0.124023 0.097656 0.097656
0 0.443359 0.235840 0.097656 0.098633
0 0.436035 0.346191 0.110352 0.110352
0 0.434570 0.459473 0.097656 0.098633
0 0.535156 0.392090 0.097656 0.098633
0 0.544922 0.294434 0.097656 0.098633
0 0.541992 0.177246 0.109375 0.110352
0 0.539551 0.078125 0.084961 0.085938
0 0.636719 0.125488 0.097656 0.098633
0 0.633789 0.238770 0.097656 0.098633
0 0.626953 0.342773 0.097656 0.097656
0 0.630859 0.442871 0.109375 0.110352
0 0.729492 0.399902 0.097656 0.098633
0 0.729492 0.289551 0.109375 0.110352
0 0.728027 0.187988 0.110352 0.110352
0 0.730469 0.073730 0.097656 0.098633
0 0.822266 0.129395 0.097656 0.098633
0 0.828125 0.234863 0.097656 0.098633
0 0.827148 0.356934 0.097656 0.098633
0 0.823730 0.457031 0.084961 0.085938
0 0.917969 0.407715 0.097656 0.098633
0 0.915527 0.292480 0.110352 0.110352
0 0.920898 0.185547 0.109375 0.111328
0 0.924805 0.074707 0.097656 0.098633
0 0.440430 0.882812 0.085938 0.085938
0 0.347168 0.937500 0.073242 0.074219
0 0.154785 0.944336 0.084961 0.085938
0 0.061523 0.903320 0.097656 0.097656
0 0.910156 0.857422 0.097656 0.097656
0 0.812500 0.899902 0.097656 0.098633
0 0.723633 0.940430 0.109375 0.111328
0 0.627930 0.893555 0.109375 0.111328
0 0.533691 0.949219 0.084961 0.085938
0 0.912109 0.517090 0.097656 0.098633
0 0.911133 0.624512 0.109375 0.110352
0 0.910156 0.736328 0.097656 0.097656
0 0.824219 0.780273 0.097656 0.097656
0 0.816406 0.565430 0.097656 0.097656
0 0.821289 0.678711 0.097656 0.097656
0 0.729492 0.515625 0.097656 0.097656
0 0.729492 0.629883 0.097656 0.097656
0 0.721680 0.740234 0.097656 0.097656
0 0.721191 0.841309 0.110352 0.110352
0 0.632812 0.790527 0.097656 0.098633
0 0.630371 0.678223 0.110352 0.110352
0 0.630371 0.555664 0.110352 0.111328
1 0.539062 0.620117 0.085938 0.085938
0 0.536133 0.486328 0.097656 0.097656
0 0.443359 0.563965 0.109375 0.110352
0 0.442383 0.687012 0.097656 0.098633
0 0.441895 0.781738 0.084961 0.086914
0 0.353027 0.853516 0.084961 0.085938
0 0.347168 0.729980 0.110352 0.110352
0 0.348145 0.620605 0.110352 0.110352
0 0.348633 0.510254 0.097656 0.098633
0 0.249023 0.568848 0.097656 0.098633
0 0.250977 0.679199 0.097656 0.098633
0 0.250000 0.783203 0.085938 0.085938
0 0.152344 0.841309 0.109375 0.110352
0 0.155273 0.736816 0.097656 0.098633
0 0.155273 0.619141 0.085938 0.085938
0 0.154297 0.512695 0.085938 0.085938
0 0.063477 0.559082 0.097656 0.098633
0 0.060547 0.666504 0.097656 0.098633
0 0.066406 0.772461 0.097656 0.097656
0 0.539062 0.742676 0.109375 0.110352
0 0.534180 0.833496 0.109375 0.110352