0 0.082031 0.463379 0.097656 0.098633
0 0.175781 0.520020 0.109375 0.110352
0 0.176270 0.084961 0.084961 0.085938
0 0.080566 0.141113 0.110352 0.110352
0 0.073730 0.249512 0.110352 0.110352
0 0.078125 0.351074 0.109375 0.110352
0 0.083008 0.576660 0.109375 0.110352
0 0.080566 0.680664 0.110352 0.111328
0 0.169434 0.189453 0.084961 0.085938
0 0.203613 0.228516 0.084961 0.085938
0 0.173340 0.310059 0.110352 0.110352
0 0.173828 0.625488 0.097656 0.098633
0 0.175781 0.736328 0.097656 0.097656
0 0.174805 0.851562 0.085938 0.085938
0 0.175293 0.956543 0.061523 0.061523
0 0.079102 0.794922 0.097656 0.097656
0 0.078613 0.902344 0.084961 0.085938