0 0.239746 0.344238 0.073242 0.073242
0 0.141113 0.175293 0.061523 0.061523
0 0.235840 0.221191 0.061523 0.061523
0 0.329102 0.182617 0.060547 0.060547
0 0.241211 0.667969 0.085938 0.085938
0 0.435059 0.672363 0.073242 0.073242
0 0.428223 0.889648 0.084961 0.085938
0 0.522949 0.831543 0.073242 0.073242
0 0.521973 0.945801 0.061523 0.061523
0 0.529785 0.726074 0.073242 0.073242
0 0.052734 0.229980 0.097656 0.098633
0 0.054688 0.345215 0.085938 0.086914
0 0.051270 0.456055 0.084961 0.085938
0 0.054199 0.563477 0.084961 0.085938
0 0.054199 0.671875 0.073242 0.074219
0 0.146484 0.289062 0.085938 0.085938
0 0.143555 0.399414 0.085938 0.085938
0 0.145996 0.508301 0.073242 0.073242
1 0.147949 0.619629 0.073242 0.073242
0 0.243164 0.463867 0.085938 0.085938
0 0.240234 0.563965 0.085938 0.086914
0 0.337891 0.286133 0.097656 0.097656
0 0.336426 0.394531 0.084961 0.085938
0 0.335449 0.507812 0.084961 0.085938
0 0.336426 0.615234 0.084961 0.085938
1 0.429199 0.228516 0.073242 0.074219
1 0.522461 0.282227 0.085938 0.085938
1 0.527832 0.394531 0.073242 0.074219
0 0.434570 0.338867 0.097656 0.097656
0 0.434570 0.450195 0.097656 0.097656
0 0.431152 0.563965 0.061523 0.061523
0 0.339844 0.727051 0.085938 0.086914
0 0.152344 0.721191 0.097656 0.098633
0 0.524414 0.506836 0.085938 0.085938
0 0.525391 0.615234 0.085938 0.085938
0 0.427246 0.780762 0.073242 0.073242
0 0.334961 0.837891 0.085938 0.085938
0 0.331055 0.949707 0.097656 0.098633
0 0.238281 0.784668 0.097656 0.098633
0 0.238281 0.892090 0.097656 0.098633
0 0.146484 0.833496 0.097656 0.098633
0 0.149414 0.946289 0.097656 0.097656
0 0.056641 0.778320 0.097656 0.097656
0 0.053711 0.898438 0.085938 0.085938