0 0.345703 0.213379 0.085938 0.086914
0 0.917969 0.087402 0.097656 0.098633
0 0.916504 0.208008 0.084961 0.085938
0 0.817383 0.141602 0.097656 0.097656
0 0.724121 0.099609 0.110352 0.111328
0 0.721680 0.207031 0.085938 0.085938
0 0.622070 0.155273 0.097656 0.097656
0 0.526367 0.092285 0.097656 0.098633
0 0.526855 0.208984 0.084961 0.085938
0 0.445312 0.151855 0.097656 0.098633
0 0.342773 0.107422 0.085938 0.085938
0 0.254395 0.056152 0.024414 0.024414
0 0.248535 0.169434 0.024414 0.024414
0 0.156738 0.088379 0.024414 0.024414
0 0.152832 0.203613 0.024414 0.024414
0 0.148926 0.312988 0.024414 0.024414
0 0.151855 0.395020 0.024414 0.024414
0 0.249512 0.256348 0.024414 0.024414
0 0.242676 0.363770 0.024414 0.024414
0 0.342773 0.394531 0.037109 0.037109
0 0.339844 0.312012 0.109375 0.110352
0 0.449219 0.255859 0.085938 0.085938
0 0.449707 0.364746 0.073242 0.073242
0 0.530273 0.314941 0.097656 0.098633
0 0.520996 0.430176 0.061523 0.061523
0 0.622070 0.261230 0.097656 0.098633
0 0.626953 0.368652 0.097656 0.098633
0 0.730469 0.318359 0.097656 0.097656
0 0.821777 0.256836 0.084961 0.085938
0 0.820312 0.368164 0.097656 0.097656
0 0.919922 0.315430 0.097656 0.097656
0 0.913574 0.410156 0.084961 0.085938
0 0.064453 0.558105 0.060547 0.061523
0 0.056641 0.656250 0.085938 0.085938
0 0.058105 0.767578 0.110352 0.111328
0 0.153320 0.606445 0.085938 0.085938
0 0.145508 0.716309 0.097656 0.098633
0 0.155273 0.826660 0.109375 0.110352
0 0.250488 0.564941 0.061523 0.061523
0 0.247070 0.658691 0.097656 0.098633
0 0.251465 0.773438 0.122070 0.123047
0 0.244141 0.882324 0.109375 0.110352
0 0.344727 0.607910 0.097656 0.098633
0 0.340332 0.717285 0.110352 0.110352
0 0.332520 0.821289 0.122070 0.123047
0 0.341309 0.943848 0.110352 0.110352
0 0.434570 0.575195 0.048828 0.048828
0 0.431641 0.660645 0.097656 0.098633
0 0.431152 0.775879 0.122070 0.122070
0 0.435059 0.881836 0.122070 0.123047
0 0.520020 0.607910 0.073242 0.073242
0 0.524414 0.720215 0.109375 0.110352
0 0.525391 0.829590 0.109375 0.110352
0 0.525391 0.937500 0.085938 0.085938
0 0.630371 0.660156 0.122070 0.123047
0 0.618652 0.768555 0.122070 0.123047
0 0.625977 0.889160 0.097656 0.098633
0 0.724121 0.605469 0.073242 0.074219
0 0.729492 0.717773 0.097656 0.097656
0 0.735840 0.831055 0.122070 0.123047
0 0.731445 0.943848 0.097656 0.098633
0 0.824707 0.661133 0.122070 0.123047
0 0.820801 0.781250 0.122070 0.123047
0 0.822754 0.889648 0.084961 0.085938
0 0.915039 0.612305 0.097656 0.097656
0 0.918945 0.725586 0.097656 0.097656
0 0.918945 0.830078 0.097656 0.097656
0 0.920898 0.944336 0.097656 0.097656