0 0.267578 0.121582 0.109375 0.110352
0 0.933594 0.058105 0.085938 0.086914
0 0.447754 0.221680 0.073242 0.074219
0 0.836426 0.014160 0.024414 0.024414
0 0.740723 0.048340 0.024414 0.024414
0 0.736816 0.157715 0.024414 0.024414
0 0.739746 0.239746 0.024414 0.024414
0 0.837402 0.101074 0.024414 0.024414
0 0.830566 0.208496 0.024414 0.024414
0 0.930664 0.239258 0.037109 0.037109
0 0.927734 0.156738 0.109375 0.110352
0 0.454102 0.114258 0.097656 0.097656
0 0.353027 0.062012 0.110352 0.110352
0 0.353516 0.171387 0.097656 0.098633
0 0.270020 0.227051 0.073242 0.073242
0 0.166992 0.064941 0.097656 0.098633
0 0.170898 0.169434 0.097656 0.098633
0 0.076172 0.108887 0.097656 0.098633
0 0.078613 0.221191 0.073242 0.073242
0 0.084961 0.390137 0.060547 0.061523
0 0.077148 0.496582 0.097656 0.098633
0 0.077148 0.605957 0.097656 0.098633
0 0.079590 0.722656 0.122070 0.123047
0 0.077637 0.837891 0.122070 0.123047
0 0.174316 0.444336 0.084961 0.085938
0 0.169922 0.552246 0.097656 0.098633
0 0.173340 0.666504 0.122070 0.122070
0 0.177734 0.773926 0.097656 0.098633
0 0.172363 0.884766 0.122070 0.123047
0 0.266602 0.391113 0.060547 0.061523
0 0.269531 0.500488 0.097656 0.098633
0 0.264648 0.612793 0.097656 0.098633
0 0.265625 0.724121 0.097656 0.098633
0 0.269531 0.825684 0.097656 0.098633
0 0.358398 0.447266 0.085938 0.085938
0 0.359375 0.551270 0.097656 0.098633
0 0.361328 0.664551 0.097656 0.098633
0 0.358398 0.777832 0.097656 0.098633
0 0.358887 0.892090 0.122070 0.122070
0 0.456543 0.398438 0.036133 0.037109
0 0.457031 0.497070 0.097656 0.097656
0 0.456055 0.605957 0.109375 0.110352
0 0.453613 0.726562 0.122070 0.123047
0 0.458984 0.836426 0.109375 0.110352
0 0.453125 0.945801 0.097656 0.098633
0 0.552246 0.456055 0.084961 0.085938
0 0.549805 0.553711 0.097656 0.097656
0 0.548340 0.669922 0.110352 0.111328
0 0.544434 0.782227 0.122070 0.123047
0 0.546875 0.884277 0.109375 0.110352
0 0.652344 0.402832 0.060547 0.061523
0 0.644531 0.500977 0.085938 0.085938
0 0.645996 0.612305 0.110352 0.111328
0 0.638184 0.725586 0.122070 0.123047
0 0.638184 0.833496 0.110352 0.110352
0 0.741211 0.451172 0.085938 0.085938
0 0.733398 0.561035 0.097656 0.098633
0 0.743164 0.671387 0.109375 0.110352
0 0.740723 0.783203 0.122070 0.123047
0 0.739746 0.895020 0.061523 0.061523
0 0.838379 0.409668 0.061523 0.061523
0 0.834961 0.503418 0.097656 0.098633
0 0.839355 0.618164 0.122070 0.123047
0 0.832031 0.727051 0.109375 0.110352
0 0.835449 0.841797 0.122070 0.123047
0 0.932617 0.452637 0.097656 0.098633
0 0.928223 0.562012 0.110352 0.110352
0 0.920410 0.666016 0.122070 0.123047
0 0.929199 0.788574 0.110352 0.110352
0 0.930176 0.891602 0.122070 0.123047
0 0.077637 0.937500 0.122070 0.123047