0 0.133301 0.091309 0.110352 0.110352
0 0.130371 0.210449 0.110352 0.110352
0 0.132812 0.321289 0.097656 0.097656
0 0.135742 0.438477 0.109375 0.111328
0 0.230957 0.150879 0.110352 0.110352
0 0.230957 0.270996 0.110352 0.110352
0 0.226074 0.380371 0.110352 0.110352
0 0.229492 0.490234 0.097656 0.097656
0 0.327148 0.092285 0.085938 0.086914
0 0.413574 0.037598 0.073242 0.073242
0 0.519043 0.086426 0.110352 0.110352
0 0.706055 0.086914 0.109375 0.111328
0 0.808594 0.145508 0.085938 0.085938
0 0.895996 0.090820 0.084961 0.085938
0 0.903320 0.198242 0.097656 0.097656
0 0.898438 0.302734 0.097656 0.097656
0 0.893555 0.419434 0.097656 0.098633
0 0.898926 0.752441 0.024414 0.024414
0 0.898926 0.862793 0.024414 0.024414
0 0.895020 0.978027 0.024414 0.024414
0 0.901367 0.527832 0.097656 0.098633
0 0.899414 0.633301 0.097656 0.098633
0 0.608398 0.718262 0.097656 0.098633
0 0.612305 0.821777 0.109375 0.110352
0 0.603516 0.932617 0.097656 0.097656
1 0.510742 0.773438 0.085938 0.085938
0 0.511719 0.886719 0.097656 0.097656
0 0.422363 0.709961 0.110352 0.111328
0 0.420410 0.823242 0.110352 0.111328
0 0.419922 0.935547 0.097656 0.097656
0 0.322754 0.662109 0.110352 0.111328
0 0.322266 0.765625 0.109375 0.111328
0 0.319336 0.887207 0.109375 0.110352
0 0.224609 0.713379 0.109375 0.110352
0 0.229492 0.821777 0.097656 0.098633
0 0.230469 0.932129 0.097656 0.098633
0 0.227539 0.602539 0.109375 0.111328
0 0.130859 0.659668 0.109375 0.110352
0 0.127441 0.763672 0.084961 0.085938
0 0.131836 0.865723 0.097656 0.098633
0 0.132812 0.547363 0.109375 0.110352