0 0.395996 0.050781 0.073242 0.074219
0 0.868164 0.880371 0.097656 0.098633
0 0.872070 0.770020 0.109375 0.110352
0 0.771484 0.718750 0.109375 0.111328
0 0.770996 0.822754 0.110352 0.110352
0 0.770996 0.938965 0.110352 0.110352
0 0.676758 0.767090 0.109375 0.110352
0 0.670410 0.881348 0.110352 0.110352
0 0.577148 0.808594 0.085938 0.085938
0 0.572266 0.925293 0.097656 0.098633
0 0.476562 0.763672 0.085938 0.085938
0 0.480469 0.883789 0.097656 0.097656
0 0.384766 0.813477 0.109375 0.111328
0 0.385742 0.923828 0.109375 0.111328
0 0.292969 0.871582 0.109375 0.110352
0 0.282715 0.775879 0.110352 0.110352
0 0.204102 0.931641 0.097656 0.097656
0 0.099121 0.880371 0.110352 0.110352
0 0.103027 0.759766 0.110352 0.111328
0 0.867188 0.673340 0.109375 0.110352
0 0.866211 0.548340 0.097656 0.098633
0 0.866211 0.438477 0.085938 0.085938
0 0.867188 0.331055 0.097656 0.097656
0 0.874023 0.206055 0.109375 0.111328
0 0.878906 0.125488 0.097656 0.098633
0 0.789062 0.065430 0.085938 0.085938
0 0.773438 0.172363 0.097656 0.098633
0 0.775391 0.279785 0.097656 0.098633
0 0.778320 0.386719 0.097656 0.097656
0 0.778320 0.507812 0.097656 0.097656
0 0.780273 0.615723 0.097656 0.098633
0 0.684570 0.116211 0.097656 0.097656
0 0.682617 0.217285 0.097656 0.098633
0 0.678711 0.325195 0.085938 0.085938
0 0.685547 0.445312 0.097656 0.097656
0 0.682617 0.563477 0.109375 0.111328
0 0.678711 0.661133 0.097656 0.097656
0 0.580078 0.708008 0.085938 0.085938
0 0.584961 0.607910 0.097656 0.098633
0 0.585938 0.489258 0.097656 0.097656
0 0.583496 0.053711 0.084961 0.085938
0 0.585938 0.167969 0.085938 0.085938
0 0.586914 0.277344 0.085938 0.085938
0 0.586914 0.379883 0.085938 0.085938
0 0.483887 0.098633 0.084961 0.085938
0 0.483887 0.213867 0.084961 0.085938
0 0.482422 0.322754 0.109375 0.110352
0 0.480957 0.429688 0.084961 0.085938
0 0.479492 0.549316 0.097656 0.098633
0 0.484375 0.664551 0.109375 0.110352
0 0.392578 0.712891 0.109375 0.111328
0 0.389160 0.601074 0.110352 0.110352
0 0.389160 0.492676 0.110352 0.110352
0 0.388184 0.377441 0.110352 0.110352
0 0.389160 0.265137 0.110352 0.110352
0 0.390625 0.153320 0.097656 0.097656
0 0.301758 0.089844 0.085938 0.085938
0 0.286133 0.217285 0.097656 0.098633
0 0.291992 0.326660 0.097656 0.098633
0 0.288574 0.436035 0.110352 0.110352
0 0.294922 0.547363 0.109375 0.110352
0 0.290527 0.659668 0.110352 0.110352
0 0.207031 0.713867 0.097656 0.097656
0 0.203125 0.576172 0.097656 0.097656
0 0.200195 0.477051 0.097656 0.098633
0 0.200195 0.387207 0.097656 0.098633
0 0.206055 0.264160 0.097656 0.098633
0 0.104492 0.652832 0.097656 0.098633
0 0.104980 0.537109 0.084961 0.085938