0 0.282715 0.410645 0.061523 0.061523
0 0.205078 0.562012 0.060547 0.061523
0 0.570801 0.476562 0.073242 0.074219
0 0.286621 0.517578 0.073242 0.074219
0 0.860352 0.077637 0.060547 0.061523
0 0.665527 0.047363 0.073242 0.073242
0 0.951660 0.814941 0.073242 0.073242
0 0.945312 0.487305 0.037109 0.037109
0 0.935059 0.603027 0.036133 0.036133
0 0.763184 0.471680 0.036133 0.037109
1 0.666016 0.639160 0.048828 0.049805
1 0.570312 0.680664 0.048828 0.048828
1 0.565430 0.590820 0.048828 0.048828
1 0.489258 0.534668 0.060547 0.061523
1 0.387207 0.569824 0.036133 0.036133
0 0.769531 0.579102 0.085938 0.085938
1 0.662598 0.528809 0.061523 0.061523
0 0.844238 0.527344 0.024414 0.025391
0 0.950195 0.942383 0.097656 0.097656
0 0.860352 0.654785 0.097656 0.098633
0 0.861328 0.758789 0.097656 0.097656
0 0.854492 0.875977 0.097656 0.097656
0 0.762695 0.917969 0.085938 0.085938
0 0.760742 0.808105 0.097656 0.098633
0 0.761719 0.692383 0.109375 0.111328
0 0.669922 0.755859 0.085938 0.085938
0 0.669922 0.844727 0.097656 0.097656
0 0.573242 0.900391 0.097656 0.097656
0 0.569336 0.794922 0.097656 0.097656
0 0.482910 0.416016 0.084961 0.085938
0 0.384766 0.458984 0.085938 0.085938
0 0.201172 0.462891 0.048828 0.048828
0 0.482422 0.744141 0.097656 0.097656
0 0.491699 0.625977 0.084961 0.085938
0 0.477539 0.872070 0.085938 0.085938
0 0.381836 0.908203 0.097656 0.097656
0 0.390625 0.800293 0.109375 0.110352
0 0.391113 0.669922 0.110352 0.111328
0 0.292969 0.622070 0.085938 0.085938
0 0.294922 0.742676 0.097656 0.098633
0 0.291016 0.854492 0.097656 0.097656
0 0.199219 0.903809 0.109375 0.110352
1 0.196777 0.791992 0.110352 0.111328
0 0.205078 0.677246 0.109375 0.110352
0 0.111816 0.630371 0.110352 0.110352
0 0.104004 0.516113 0.110352 0.110352
0 0.102539 0.733398 0.109375 0.111328
0 0.105469 0.834961 0.097656 0.097656
0 0.730957 0.081543 0.061523 0.061523
0 0.387207 0.092773 0.084961 0.085938
0 0.311035 0.048340 0.084961 0.086914
0 0.208008 0.101562 0.097656 0.097656