0 0.179199 0.341797 0.073242 0.074219
0 0.747559 0.087402 0.073242 0.073242
0 0.085938 0.152832 0.109375 0.110352
0 0.083496 0.282715 0.110352 0.110352
0 0.083496 0.397461 0.110352 0.111328
0 0.085938 0.508301 0.097656 0.098633
0 0.087891 0.614746 0.097656 0.098633
0 0.088379 0.712402 0.110352 0.110352
0 0.085449 0.816406 0.110352 0.111328
0 0.183594 0.772461 0.097656 0.097656
0 0.173340 0.666992 0.084961 0.085938
0 0.183594 0.551270 0.097656 0.098633
0 0.190430 0.112793 0.097656 0.098633
0 0.184082 0.228516 0.084961 0.085938
0 0.182617 0.448242 0.097656 0.097656
0 0.276367 0.129883 0.097656 0.097656
0 0.278809 0.229980 0.084961 0.086914
0 0.281250 0.376953 0.097656 0.097656
0 0.274414 0.490234 0.097656 0.097656
0 0.270508 0.595215 0.097656 0.098633
0 0.274414 0.706055 0.097656 0.097656
0 0.271484 0.807617 0.085938 0.085938
0 0.175781 0.890625 0.097656 0.097656
0 0.368164 0.859863 0.097656 0.098633
0 0.363281 0.657715 0.097656 0.098633
0 0.366211 0.535645 0.097656 0.098633
0 0.374023 0.430176 0.097656 0.098633
0 0.368164 0.283691 0.097656 0.098633
0 0.355469 0.128418 0.097656 0.098633
0 0.463379 0.161133 0.110352 0.111328
0 0.464844 0.265137 0.109375 0.110352
0 0.459473 0.375488 0.110352 0.110352
0 0.457031 0.476074 0.097656 0.098633
0 0.460449 0.568359 0.110352 0.111328
0 0.464355 0.701172 0.110352 0.111328
0 0.457520 0.810059 0.110352 0.110352
0 0.555664 0.861328 0.097656 0.097656
0 0.559570 0.750488 0.097656 0.098633
0 0.559570 0.636230 0.097656 0.098633
0 0.554688 0.527832 0.109375 0.110352
0 0.555176 0.420410 0.110352 0.110352
0 0.557617 0.299316 0.097656 0.098633
0 0.559082 0.201660 0.084961 0.086914
0 0.559082 0.091309 0.110352 0.110352
0 0.653320 0.151367 0.085938 0.085938
0 0.657227 0.257812 0.097656 0.097656
0 0.646484 0.362793 0.097656 0.098633
0 0.650391 0.472168 0.109375 0.110352
0 0.646484 0.584473 0.109375 0.110352
0 0.641602 0.698730 0.097656 0.098633
0 0.646484 0.805176 0.097656 0.098633
0 0.736816 0.868164 0.084961 0.085938
0 0.742188 0.739258 0.085938 0.085938
0 0.742188 0.628906 0.085938 0.085938
0 0.746582 0.210938 0.110352 0.111328
0 0.742188 0.304688 0.097656 0.097656
0 0.744141 0.422852 0.097656 0.097656
0 0.742188 0.522949 0.097656 0.098633
0 0.834961 0.805664 0.085938 0.085938
0 0.851562 0.694824 0.097656 0.098633
0 0.845703 0.584473 0.109375 0.110352
0 0.843262 0.476562 0.084961 0.085938
0 0.848633 0.368164 0.085938 0.085938
0 0.853516 0.261719 0.109375 0.111328
0 0.854004 0.160645 0.110352 0.110352
0 0.937500 0.099121 0.097656 0.098633
0 0.935059 0.210938 0.084961 0.085938
0 0.938965 0.315430 0.084961 0.085938
0 0.932617 0.436035 0.097656 0.098633
0 0.937500 0.531250 0.097656 0.097656
0 0.931641 0.643066 0.097656 0.098633
0 0.924316 0.753418 0.110352 0.110352
0 0.922852 0.866699 0.097656 0.098633
0 0.836914 0.917480 0.097656 0.098633
0 0.642578 0.919922 0.085938 0.085938
0 0.460449 0.914551 0.110352 0.110352
0 0.267578 0.923828 0.097656 0.097656
0 0.081543 0.933105 0.110352 0.110352