0 0.512207 0.673828 0.073242 0.074219
0 0.514160 0.759766 0.073242 0.074219
0 0.715332 0.741699 0.073242 0.073242
0 0.708496 0.525391 0.073242 0.074219
0 0.434082 0.727051 0.073242 0.073242
0 0.626953 0.854980 0.060547 0.061523
0 0.432129 0.824707 0.073242 0.073242
0 0.907227 0.104492 0.097656 0.097656
0 0.912109 0.195801 0.097656 0.098633
0 0.897461 0.299805 0.097656 0.097656
0 0.898438 0.427246 0.097656 0.098633
0 0.893555 0.536621 0.097656 0.098633
0 0.889648 0.642090 0.097656 0.098633
0 0.900879 0.750977 0.084961 0.085938
0 0.805176 0.798828 0.084961 0.085938
0 0.813965 0.151367 0.110352 0.111328
0 0.817871 0.276367 0.122070 0.123047
0 0.811035 0.381836 0.084961 0.085938
0 0.793945 0.499023 0.085938 0.085938
0 0.796387 0.584473 0.084961 0.086914
0 0.802734 0.692383 0.097656 0.097656
0 0.718262 0.100098 0.110352 0.110352
0 0.722168 0.209473 0.110352 0.110352
0 0.719727 0.321777 0.097656 0.098633
0 0.721680 0.420410 0.097656 0.098633
0 0.629883 0.507324 0.060547 0.061523
0 0.629395 0.610352 0.073242 0.074219
0 0.632324 0.696289 0.084961 0.085938
0 0.623047 0.775391 0.085938 0.085938
0 0.497559 0.858887 0.061523 0.061523
0 0.250977 0.812500 0.085938 0.085938
0 0.624023 0.166504 0.109375 0.110352
0 0.631348 0.263184 0.110352 0.110352
0 0.628906 0.378418 0.109375 0.110352
0 0.533203 0.105469 0.085938 0.085938
0 0.528320 0.216309 0.109375 0.110352
0 0.530762 0.322754 0.110352 0.110352
0 0.530273 0.422852 0.109375 0.111328
0 0.518555 0.564941 0.097656 0.098633
0 0.434570 0.612793 0.097656 0.098633
0 0.449219 0.498047 0.085938 0.085938
0 0.435059 0.154785 0.084961 0.086914
0 0.441406 0.258789 0.097656 0.097656
0 0.434570 0.390137 0.097656 0.098633
0 0.333008 0.098633 0.085938 0.085938
0 0.334473 0.211914 0.084961 0.085938
0 0.341797 0.325195 0.097656 0.097656
0 0.345703 0.428223 0.109375 0.110352
0 0.355957 0.565430 0.084961 0.085938
0 0.346680 0.659668 0.097656 0.098633
0 0.333496 0.780273 0.084961 0.085938
0 0.256348 0.707520 0.110352 0.110352
0 0.248535 0.613770 0.110352 0.110352
0 0.251465 0.486328 0.110352 0.111328
0 0.253906 0.384766 0.109375 0.111328
0 0.251953 0.269043 0.097656 0.098633
1 0.252441 0.157227 0.073242 0.074219
0 0.154785 0.094727 0.084961 0.085938
0 0.151855 0.215820 0.084961 0.085938
0 0.154297 0.324707 0.109375 0.110352
0 0.157227 0.433105 0.097656 0.098633
0 0.163086 0.556641 0.085938 0.085938
0 0.158203 0.655273 0.109375 0.111328
0 0.159180 0.762207 0.097656 0.098633
0 0.153809 0.870117 0.084961 0.085938
0 0.077637 0.825684 0.084961 0.086914
0 0.067383 0.720703 0.085938 0.085938
0 0.067871 0.601562 0.084961 0.085938
0 0.076660 0.492188 0.084961 0.085938
0 0.079590 0.379883 0.084961 0.085938
0 0.080078 0.273926 0.097656 0.098633
0 0.065430 0.168945 0.085938 0.085938
0 0.630859 0.051758 0.085938 0.085938
0 0.820801 0.059082 0.110352 0.110352
0 0.712891 0.629395 0.097656 0.098633