0 0.427246 0.070801 0.073242 0.073242
0 0.522949 0.122070 0.084961 0.085938
0 0.519531 0.238281 0.085938 0.085938
0 0.424805 0.176758 0.085938 0.085938
0 0.425781 0.288086 0.097656 0.097656
0 0.328125 0.122070 0.085938 0.085938
0 0.328125 0.228516 0.097656 0.097656
0 0.234863 0.071289 0.084961 0.085938
0 0.237793 0.179688 0.084961 0.085938
0 0.236328 0.284180 0.097656 0.097656
0 0.140137 0.129883 0.084961 0.085938
0 0.138672 0.232422 0.097656 0.097656
0 0.050293 0.071289 0.073242 0.074219
0 0.048340 0.179688 0.073242 0.074219
0 0.040527 0.291504 0.073242 0.073242
0 0.045410 0.397461 0.073242 0.074219
0 0.047363 0.621094 0.084961 0.085938
0 0.143555 0.340332 0.097656 0.098633
0 0.139648 0.454102 0.085938 0.085938
0 0.137695 0.556641 0.097656 0.097656
0 0.138672 0.670898 0.085938 0.085938
0 0.141602 0.787109 0.085938 0.085938
0 0.236328 0.392090 0.097656 0.098633
0 0.241211 0.510254 0.097656 0.098633
0 0.244141 0.616211 0.097656 0.097656
0 0.243164 0.733398 0.097656 0.097656
0 0.330078 0.343262 0.085938 0.086914
0 0.330078 0.450684 0.097656 0.098633
0 0.329102 0.559082 0.097656 0.098633
0 0.330078 0.688965 0.097656 0.098633
0 0.429688 0.396973 0.097656 0.098633
0 0.422852 0.505371 0.097656 0.098633
0 0.421875 0.620117 0.085938 0.085938
0 0.425293 0.729492 0.084961 0.085938
0 0.519043 0.336914 0.084961 0.085938
0 0.519043 0.449219 0.084961 0.085938
0 0.519531 0.562988 0.097656 0.098633
0 0.521484 0.674805 0.085938 0.085938
0 0.517578 0.786133 0.085938 0.085938
0 0.332520 0.799805 0.084961 0.085938
0 0.518555 0.893555 0.085938 0.085938
0 0.422363 0.837891 0.084961 0.085938
1 0.328613 0.894531 0.084961 0.085938
0 0.239258 0.841797 0.085938 0.085938
0 0.144531 0.891113 0.097656 0.098633
0 0.043457 0.844727 0.084961 0.085938