0 0.927734 0.377441 0.097656 0.098633
0 0.920898 0.485352 0.109375 0.111328
0 0.925781 0.592285 0.097656 0.098633
0 0.919434 0.690918 0.110352 0.110352
0 0.918945 0.806641 0.097656 0.097656
0 0.917969 0.913574 0.097656 0.098633
0 0.829102 0.833984 0.097656 0.097656
0 0.825195 0.745605 0.097656 0.098633
0 0.830566 0.629395 0.110352 0.110352
0 0.836914 0.528320 0.109375 0.111328
1 0.834473 0.420410 0.110352 0.110352
0 0.838379 0.309570 0.110352 0.111328
0 0.738770 0.372070 0.110352 0.111328
0 0.734863 0.482910 0.110352 0.110352
0 0.738770 0.576172 0.110352 0.111328
0 0.731934 0.691895 0.110352 0.110352
0 0.646484 0.751465 0.109375 0.110352
0 0.640137 0.634766 0.110352 0.111328
0 0.640625 0.531738 0.109375 0.110352
0 0.646973 0.421387 0.110352 0.110352
0 0.644531 0.324707 0.109375 0.110352
0 0.552734 0.361328 0.109375 0.111328
0 0.548828 0.468262 0.097656 0.098633
0 0.547852 0.576172 0.097656 0.097656
0 0.547363 0.688965 0.110352 0.110352
0 0.548828 0.806152 0.097656 0.098633
0 0.544922 0.914551 0.097656 0.098633
0 0.634766 0.852051 0.109375 0.110352
0 0.454102 0.840332 0.097656 0.098633
0 0.453125 0.741211 0.097656 0.097656
0 0.448242 0.637207 0.097656 0.098633
0 0.449219 0.527832 0.109375 0.110352
0 0.453125 0.410645 0.097656 0.098633
0 0.458496 0.305176 0.110352 0.110352
0 0.358887 0.364746 0.110352 0.110352
0 0.361328 0.477051 0.109375 0.110352
0 0.363770 0.577148 0.110352 0.111328
0 0.357422 0.691895 0.109375 0.110352
0 0.358398 0.800781 0.109375 0.111328
0 0.354492 0.903809 0.109375 0.110352
0 0.260254 0.845215 0.110352 0.110352
0 0.252441 0.736816 0.110352 0.110352
0 0.261719 0.632812 0.097656 0.097656
0 0.263184 0.522461 0.110352 0.111328
0 0.272461 0.302246 0.109375 0.110352
0 0.265625 0.410645 0.109375 0.110352
0 0.166504 0.360840 0.110352 0.110352
0 0.167480 0.462402 0.110352 0.110352
0 0.161133 0.584473 0.109375 0.110352
0 0.160645 0.688965 0.110352 0.110352
0 0.155762 0.794434 0.110352 0.110352
0 0.152832 0.925293 0.110352 0.110352
0 0.056152 0.851074 0.110352 0.110352
0 0.066406 0.741699 0.109375 0.110352
0 0.073242 0.632812 0.109375 0.111328
0 0.075684 0.527344 0.110352 0.111328
0 0.066895 0.418457 0.110352 0.110352
0 0.070312 0.309082 0.097656 0.098633
0 0.940430 0.058105 0.097656 0.098633
0 0.836914 0.101074 0.097656 0.098633
0 0.647461 0.108398 0.085938 0.085938
0 0.458496 0.108398 0.084961 0.085938
0 0.266113 0.094238 0.110352 0.110352
0 0.073242 0.088379 0.109375 0.110352