0 0.156738 0.483887 0.073242 0.073242
0 0.735840 0.367676 0.073242 0.073242
0 0.641113 0.325195 0.073242 0.074219
0 0.917969 0.093262 0.097656 0.098633
0 0.825684 0.138672 0.073242 0.074219
0 0.728516 0.086914 0.085938 0.085938
0 0.631836 0.135742 0.097656 0.097656
0 0.540039 0.086914 0.097656 0.097656
0 0.435547 0.130371 0.060547 0.061523
1 0.346191 0.066406 0.073242 0.074219
0 0.246582 0.114258 0.073242 0.074219
0 0.158691 0.073730 0.073242 0.073242
0 0.053223 0.294434 0.073242 0.073242
0 0.056152 0.421387 0.073242 0.073242
0 0.062012 0.548340 0.073242 0.073242
0 0.062500 0.647949 0.109375 0.110352
0 0.064453 0.760254 0.109375 0.110352
0 0.150879 0.364258 0.122070 0.123047
0 0.156738 0.594727 0.084961 0.085938
0 0.154785 0.706543 0.110352 0.110352
0 0.152832 0.819336 0.122070 0.123047
0 0.252930 0.316895 0.097656 0.098633
0 0.255371 0.423828 0.122070 0.123047
0 0.257812 0.536621 0.109375 0.110352
0 0.245117 0.649902 0.109375 0.110352
0 0.248535 0.759277 0.110352 0.110352
0 0.349121 0.289062 0.084961 0.085938
0 0.349609 0.372070 0.097656 0.097656
0 0.348145 0.492188 0.122070 0.123047
0 0.354492 0.588379 0.109375 0.110352
0 0.359375 0.704590 0.109375 0.110352
0 0.352539 0.812012 0.109375 0.110352
0 0.440918 0.314453 0.084961 0.085938
0 0.442871 0.426758 0.122070 0.123047
0 0.455078 0.640625 0.085938 0.085938
0 0.438477 0.758301 0.109375 0.110352
0 0.535156 0.377930 0.097656 0.097656
0 0.543457 0.484375 0.122070 0.123047
0 0.543457 0.593750 0.110352 0.111328
0 0.541504 0.695801 0.110352 0.110352
0 0.534668 0.811035 0.110352 0.110352
0 0.630859 0.420410 0.109375 0.110352
0 0.635742 0.533203 0.109375 0.111328
0 0.635254 0.645508 0.122070 0.123047
0 0.633301 0.760254 0.110352 0.110352
0 0.730957 0.478027 0.110352 0.110352
0 0.733887 0.588867 0.122070 0.123047
0 0.732910 0.701172 0.122070 0.123047
0 0.738281 0.805664 0.109375 0.111328
0 0.828613 0.316895 0.061523 0.061523
0 0.827148 0.423340 0.097656 0.098633
0 0.826172 0.535645 0.097656 0.098633
0 0.833008 0.628906 0.097656 0.097656
0 0.826660 0.755859 0.122070 0.123047
0 0.926758 0.365723 0.097656 0.098633
0 0.920898 0.483887 0.097656 0.098633
0 0.920410 0.580078 0.122070 0.123047
0 0.919434 0.696289 0.122070 0.123047
0 0.919434 0.809570 0.122070 0.123047
0 0.921387 0.917969 0.122070 0.123047
0 0.832031 0.854492 0.097656 0.097656
0 0.732422 0.919922 0.097656 0.097656
0 0.633301 0.872070 0.110352 0.111328
0 0.540039 0.919434 0.109375 0.110352
0 0.442383 0.871582 0.109375 0.110352
0 0.348145 0.915527 0.110352 0.110352
0 0.244629 0.868652 0.110352 0.110352
0 0.151367 0.920410 0.109375 0.110352
0 0.062500 0.873535 0.109375 0.110352