0 0.148438 0.096191 0.097656 0.098633
0 0.242188 0.152832 0.109375 0.110352
0 0.917480 0.643066 0.061523 0.061523
0 0.050781 0.147461 0.097656 0.097656
0 0.149414 0.209473 0.109375 0.110352
0 0.146973 0.313477 0.110352 0.111328
0 0.240234 0.258301 0.097656 0.098633
0 0.242188 0.369141 0.097656 0.097656
0 0.241211 0.484375 0.085938 0.085938
0 0.241699 0.589355 0.061523 0.061523
0 0.242188 0.703613 0.097656 0.098633
1 0.240723 0.810059 0.110352 0.110352
0 0.333984 0.642578 0.085938 0.085938
0 0.349121 0.759766 0.084961 0.085938
0 0.145508 0.427734 0.097656 0.097656
0 0.145020 0.535156 0.084961 0.085938
0 0.145996 0.654785 0.110352 0.110352
0 0.146484 0.760254 0.109375 0.110352
0 0.057617 0.472168 0.097656 0.098633
0 0.047852 0.592285 0.060547 0.061523
0 0.145508 0.864746 0.097656 0.098633
0 0.244629 0.911621 0.110352 0.110352
0 0.344727 0.867188 0.085938 0.085938
0 0.430664 0.702148 0.097656 0.097656
0 0.443359 0.809570 0.097656 0.097656
0 0.439453 0.921387 0.109375 0.110352
0 0.535645 0.755859 0.110352 0.111328
0 0.539551 0.865234 0.110352 0.111328
0 0.529785 0.645508 0.084961 0.085938
0 0.629883 0.702637 0.097656 0.098633
0 0.629883 0.808594 0.097656 0.097656
0 0.632812 0.916992 0.097656 0.097656
0 0.725586 0.654785 0.109375 0.110352
0 0.728516 0.760254 0.097656 0.098633
0 0.730469 0.863770 0.097656 0.098633
0 0.819336 0.699707 0.097656 0.098633
0 0.821289 0.803223 0.097656 0.098633
0 0.823242 0.918457 0.109375 0.110352
0 0.913086 0.756348 0.097656 0.098633
0 0.916016 0.861816 0.097656 0.098633