0 0.900391 0.108398 0.109375 0.111328
0 0.807617 0.054688 0.097656 0.097656
0 0.708496 0.093750 0.110352 0.111328
0 0.331055 0.104004 0.048828 0.049805
0 0.422852 0.158691 0.048828 0.049805
0 0.517578 0.096680 0.048828 0.048828
0 0.237793 0.057129 0.110352 0.110352
0 0.236816 0.163086 0.084961 0.085938
0 0.048340 0.166992 0.073242 0.074219
0 0.045898 0.270996 0.085938 0.086914
0 0.132324 0.216309 0.073242 0.073242
0 0.237793 0.265137 0.110352 0.110352
0 0.328125 0.216309 0.109375 0.110352
0 0.424805 0.265625 0.109375 0.111328
0 0.527344 0.324219 0.085938 0.085938
0 0.520996 0.211914 0.084961 0.085938
0 0.617676 0.163086 0.084961 0.085938
0 0.614746 0.269531 0.084961 0.085938
0 0.622070 0.376953 0.097656 0.097656
0 0.617188 0.481445 0.097656 0.097656
0 0.612305 0.598145 0.097656 0.098633
0 0.711426 0.211426 0.073242 0.073242
0 0.714355 0.323242 0.084961 0.085938
0 0.713379 0.540039 0.073242 0.074219
0 0.799805 0.157715 0.097656 0.098633
0 0.805664 0.267090 0.097656 0.098633
0 0.800781 0.382324 0.097656 0.098633
0 0.810547 0.493164 0.097656 0.097656
0 0.812500 0.603516 0.097656 0.097656
0 0.902832 0.212402 0.110352 0.110352
0 0.903809 0.326660 0.110352 0.110352
0 0.898438 0.433105 0.109375 0.110352
0 0.897461 0.551270 0.109375 0.110352
0 0.898438 0.659180 0.109375 0.111328
0 0.901367 0.762695 0.109375 0.111328
0 0.901855 0.870117 0.084961 0.085938
0 0.801270 0.729492 0.110352 0.111328
0 0.804199 0.837891 0.084961 0.085938
0 0.712402 0.670898 0.084961 0.085938
0 0.719238 0.784668 0.024414 0.024414
0 0.712891 0.903320 0.037109 0.037109
0 0.617676 0.931152 0.024414 0.024414
0 0.620117 0.706543 0.097656 0.098633
0 0.618164 0.812012 0.097656 0.098633
0 0.327148 0.896973 0.097656 0.098633
1 0.229492 0.952148 0.085938 0.085938
0 0.141113 0.888672 0.110352 0.111328