0 0.447754 0.738281 0.073242 0.074219
0 0.535645 0.678711 0.073242 0.074219
0 0.064941 0.058594 0.110352 0.111328
0 0.070801 0.181641 0.110352 0.111328
0 0.160645 0.127930 0.110352 0.111328
0 0.253906 0.068848 0.097656 0.098633
0 0.253906 0.181641 0.097656 0.097656
0 0.359375 0.130371 0.109375 0.110352
0 0.448730 0.076660 0.110352 0.110352
0 0.451660 0.184082 0.110352 0.110352
0 0.537109 0.124512 0.109375 0.110352
0 0.641602 0.072754 0.097656 0.098633
0 0.635742 0.183105 0.109375 0.110352
0 0.737793 0.135254 0.110352 0.110352
0 0.832520 0.077148 0.110352 0.111328
0 0.828613 0.192871 0.110352 0.110352
0 0.921875 0.132812 0.109375 0.111328
0 0.916992 0.238770 0.109375 0.110352
0 0.921387 0.355957 0.110352 0.110352
0 0.920410 0.458496 0.110352 0.110352
0 0.928711 0.570801 0.097656 0.098633
0 0.922852 0.676270 0.097656 0.098633
0 0.923828 0.795410 0.097656 0.098633
0 0.928223 0.897461 0.073242 0.074219
0 0.825684 0.408691 0.110352 0.110352
0 0.831055 0.513184 0.109375 0.110352
0 0.832031 0.626465 0.097656 0.098633
0 0.831055 0.740723 0.097656 0.098633
0 0.831055 0.845703 0.085938 0.085938
0 0.729492 0.354980 0.085938 0.086914
0 0.731445 0.463379 0.109375 0.110352
0 0.732422 0.569824 0.097656 0.098633
0 0.731445 0.683105 0.097656 0.098633
0 0.737793 0.787109 0.084961 0.085938
0 0.734375 0.894531 0.097656 0.097656
0 0.632812 0.403809 0.109375 0.110352
0 0.637695 0.515137 0.097656 0.098633
0 0.634277 0.622070 0.084961 0.085938
0 0.636230 0.731445 0.084961 0.085938
0 0.642578 0.845703 0.097656 0.097656
0 0.537109 0.341309 0.097656 0.098633
0 0.535645 0.456055 0.084961 0.085938
0 0.541504 0.572266 0.084961 0.085938
0 0.542480 0.785156 0.073242 0.074219
0 0.538086 0.889160 0.060547 0.061523
0 0.827637 0.298828 0.084961 0.085938
0 0.730469 0.235840 0.109375 0.110352
0 0.636719 0.293457 0.109375 0.110352
0 0.541504 0.235840 0.110352 0.110352
0 0.450195 0.293457 0.097656 0.098633
0 0.449219 0.402344 0.097656 0.097656
0 0.447266 0.510742 0.097656 0.097656
0 0.454102 0.622070 0.085938 0.085938
1 0.353516 0.235352 0.085938 0.085938
1 0.066895 0.279297 0.084961 0.085938
0 0.068359 0.393555 0.109375 0.111328
0 0.063477 0.507812 0.085938 0.085938
0 0.065430 0.622070 0.085938 0.085938
0 0.158691 0.223145 0.110352 0.110352
0 0.157715 0.345703 0.110352 0.111328
0 0.158203 0.451172 0.097656 0.097656
0 0.162109 0.580078 0.097656 0.097656
0 0.261719 0.279785 0.097656 0.098633
0 0.263184 0.398438 0.084961 0.085938
0 0.264160 0.513672 0.084961 0.085938
0 0.255371 0.617188 0.084961 0.085938
0 0.361328 0.338379 0.097656 0.098633
0 0.361328 0.465332 0.109375 0.110352
0 0.359375 0.563477 0.085938 0.085938
0 0.359375 0.664062 0.097656 0.097656
1 0.448730 0.825195 0.073242 0.074219
0 0.355469 0.779297 0.097656 0.097656
0 0.349121 0.873047 0.073242 0.074219
0 0.261230 0.733398 0.084961 0.085938
0 0.261230 0.832520 0.073242 0.073242
0 0.159180 0.795410 0.097656 0.098633
0 0.165039 0.681641 0.085938 0.085938
0 0.068359 0.731445 0.085938 0.085938
0 0.065430 0.830566 0.085938 0.086914