0 0.111816 0.310547 0.073242 0.074219
0 0.112793 0.205566 0.073242 0.073242
0 0.208496 0.248535 0.073242 0.073242
0 0.211914 0.353516 0.085938 0.085938
0 0.115723 0.430664 0.073242 0.074219
0 0.956543 0.177246 0.073242 0.073242
0 0.583496 0.291992 0.073242 0.074219
0 0.567871 0.184570 0.073242 0.074219
0 0.876465 0.666992 0.084961 0.085938
0 0.397949 0.615723 0.073242 0.073242
0 0.386230 0.502441 0.073242 0.073242
0 0.882324 0.563477 0.084961 0.085938
0 0.582520 0.493652 0.073242 0.073242
0 0.793457 0.607422 0.084961 0.085938
0 0.685059 0.563965 0.073242 0.073242
0 0.687012 0.438965 0.073242 0.073242
0 0.304688 0.548828 0.085938 0.085938
0 0.583496 0.380371 0.073242 0.073242
0 0.679199 0.341797 0.073242 0.074219
0 0.298340 0.430176 0.073242 0.073242
0 0.108398 0.099121 0.060547 0.061523
0 0.122559 0.569336 0.084961 0.085938
0 0.196777 0.051270 0.061523 0.061523
0 0.197754 0.138184 0.061523 0.061523
0 0.215820 0.490234 0.085938 0.085938
0 0.215332 0.606445 0.084961 0.085938
0 0.302734 0.118652 0.048828 0.049805
0 0.301758 0.222168 0.048828 0.049805
0 0.305176 0.331543 0.073242 0.073242
0 0.376953 0.081543 0.060547 0.061523
0 0.380859 0.179199 0.060547 0.061523
0 0.380859 0.264160 0.060547 0.061523
0 0.390137 0.372559 0.061523 0.061523
0 0.465332 0.133301 0.061523 0.061523
0 0.473145 0.238770 0.073242 0.073242
0 0.486816 0.326660 0.073242 0.073242
0 0.484863 0.437988 0.073242 0.073242
0 0.487793 0.559082 0.073242 0.073242
0 0.555176 0.072754 0.061523 0.061523
0 0.598633 0.607910 0.085938 0.086914
0 0.674316 0.224609 0.073242 0.074219
0 0.785156 0.066895 0.097656 0.098633
0 0.790527 0.183594 0.110352 0.111328
0 0.796387 0.288086 0.110352 0.111328
0 0.791504 0.393555 0.073242 0.074219
0 0.789551 0.504883 0.073242 0.074219
0 0.880859 0.116699 0.097656 0.098633
0 0.880859 0.233398 0.097656 0.097656
0 0.881348 0.347656 0.073242 0.074219
0 0.876465 0.449219 0.073242 0.074219
0 0.880371 0.767578 0.084961 0.085938
0 0.875488 0.884766 0.084961 0.085938
0 0.784668 0.733887 0.073242 0.073242
0 0.784180 0.839355 0.109375 0.110352
0 0.692383 0.677734 0.085938 0.085938
0 0.687500 0.793457 0.109375 0.110352
0 0.688965 0.897949 0.110352 0.110352
0 0.592285 0.734863 0.110352 0.110352
0 0.592285 0.845215 0.110352 0.110352
0 0.491699 0.676270 0.084961 0.086914
0 0.502930 0.787598 0.097656 0.098633
0 0.501953 0.899414 0.085938 0.085938
0 0.399414 0.721680 0.085938 0.085938
0 0.403320 0.844727 0.085938 0.085938
0 0.306152 0.672363 0.073242 0.073242
0 0.314453 0.784668 0.097656 0.098633
0 0.311035 0.896484 0.084961 0.085938
0 0.217285 0.702148 0.084961 0.085938
0 0.210938 0.840820 0.097656 0.097656
0 0.217773 0.955078 0.085938 0.085938
0 0.123047 0.680664 0.097656 0.097656
0 0.117188 0.792969 0.097656 0.097656
0 0.121094 0.899414 0.097656 0.097656