0 0.053711 0.214844 0.060547 0.060547
0 0.159668 0.704590 0.073242 0.073242
0 0.152832 0.921875 0.084961 0.085938
0 0.247559 0.863770 0.073242 0.073242
0 0.254395 0.758301 0.073242 0.073242
0 0.062500 0.318359 0.097656 0.097656
0 0.061035 0.426758 0.084961 0.085938
0 0.060059 0.540039 0.084961 0.085938
0 0.061035 0.647461 0.084961 0.085938
1 0.153809 0.260742 0.073242 0.074219
1 0.247070 0.314453 0.085938 0.085938
1 0.252441 0.426758 0.073242 0.074219
0 0.159180 0.371094 0.097656 0.097656
0 0.159180 0.482422 0.097656 0.097656
0 0.155762 0.596191 0.061523 0.061523
0 0.064453 0.759277 0.085938 0.086914
0 0.249023 0.539062 0.085938 0.085938
0 0.250000 0.647461 0.085938 0.085938
0 0.151855 0.812988 0.073242 0.073242
0 0.059570 0.870117 0.085938 0.085938