0 0.961426 0.458008 0.073242 0.074219
0 0.883301 0.511230 0.073242 0.073242
0 0.881348 0.608887 0.073242 0.073242
0 0.946777 0.643066 0.061523 0.061523
0 0.700195 0.596680 0.085938 0.085938
0 0.883789 0.396973 0.097656 0.098633
0 0.898438 0.282227 0.085938 0.085938
0 0.883789 0.174316 0.097656 0.098633
0 0.791016 0.109375 0.097656 0.097656
0 0.794922 0.212402 0.109375 0.110352
0 0.805176 0.349609 0.084961 0.085938
0 0.795898 0.443848 0.097656 0.098633
0 0.782715 0.564453 0.084961 0.085938
0 0.705566 0.491699 0.110352 0.110352
0 0.697754 0.397949 0.110352 0.110352
0 0.700684 0.270508 0.110352 0.111328
0 0.703125 0.168945 0.109375 0.111328
0 0.701172 0.053223 0.097656 0.098633
0 0.603516 0.108887 0.109375 0.110352
0 0.606445 0.217285 0.097656 0.098633
0 0.612305 0.340820 0.085938 0.085938
0 0.607422 0.439453 0.109375 0.111328
0 0.608398 0.546387 0.097656 0.098633
0 0.603027 0.654297 0.084961 0.085938
0 0.526855 0.609863 0.084961 0.086914
0 0.516602 0.504883 0.085938 0.085938
0 0.517090 0.385742 0.084961 0.085938
0 0.525879 0.276367 0.084961 0.085938
0 0.528809 0.164062 0.084961 0.085938
0 0.529297 0.058105 0.097656 0.098633
0 0.417480 0.112793 0.110352 0.110352
0 0.421387 0.222168 0.096680 0.098633
0 0.422363 0.326172 0.084961 0.085938
0 0.415039 0.441895 0.097656 0.098633
0 0.412109 0.559082 0.109375 0.110352
0 0.423828 0.663086 0.097656 0.097656
0 0.329590 0.383301 0.084961 0.086914
0 0.230957 0.444336 0.084961 0.085938
0 0.330078 0.058105 0.097656 0.098633
0 0.329590 0.168457 0.110352 0.110352
0 0.327148 0.281738 0.109375 0.110352
0 0.321289 0.480957 0.097656 0.098633
0 0.326660 0.599609 0.084961 0.085938
0 0.237305 0.645508 0.085938 0.085938
0 0.232422 0.545898 0.097656 0.097656
0 0.139160 0.600586 0.084961 0.085938
0 0.136719 0.497559 0.097656 0.098633
0 0.155273 0.060547 0.097656 0.097656
0 0.151367 0.165527 0.097656 0.098633
0 0.138672 0.281738 0.097656 0.098633
0 0.232422 0.120605 0.109375 0.110352
0 0.232422 0.235840 0.109375 0.110352
0 0.227539 0.331543 0.109375 0.110352