0 0.057129 0.560547 0.073242 0.074219
0 0.059082 0.646484 0.073242 0.074219
0 0.260254 0.628418 0.073242 0.073242
0 0.253418 0.412109 0.073242 0.074219
0 0.171875 0.741699 0.060547 0.061523
0 0.823730 0.183105 0.073242 0.073242
0 0.730957 0.255859 0.073242 0.074219
0 0.908691 0.457520 0.061523 0.061523
0 0.924805 0.058105 0.109375 0.110352
0 0.916992 0.154297 0.097656 0.097656
0 0.821289 0.081543 0.097656 0.098633
0 0.829102 0.310547 0.097656 0.097656
1 0.905762 0.548340 0.073242 0.073242
0 0.910156 0.653809 0.097656 0.098633
0 0.905762 0.762207 0.110352 0.110352
0 0.822266 0.722656 0.097656 0.097656
0 0.827148 0.645020 0.097656 0.098633
0 0.725586 0.133789 0.085938 0.085938
0 0.737305 0.362305 0.097656 0.097656
0 0.638672 0.324219 0.085938 0.085938
0 0.641113 0.416504 0.110352 0.110352
0 0.633789 0.528809 0.097656 0.098633
0 0.725098 0.669434 0.073242 0.073242
0 0.731445 0.768066 0.097656 0.098633
1 0.541016 0.139648 0.085938 0.085938
0 0.543457 0.245117 0.084961 0.085938
0 0.544434 0.361816 0.110352 0.110352
0 0.548340 0.470215 0.110352 0.110352
0 0.546875 0.579590 0.109375 0.110352
0 0.543945 0.697754 0.097656 0.098633
0 0.457031 0.082520 0.097656 0.098633
0 0.442383 0.186523 0.097656 0.097656
0 0.443359 0.313965 0.097656 0.098633
0 0.438477 0.423340 0.097656 0.098633
0 0.434570 0.528809 0.097656 0.098633
0 0.445801 0.637695 0.084961 0.085938
0 0.350098 0.685547 0.084961 0.085938
0 0.362793 0.163086 0.122070 0.123047
0 0.355957 0.268555 0.084961 0.085938
0 0.338867 0.385742 0.085938 0.085938
0 0.341309 0.471191 0.084961 0.086914
0 0.347656 0.579102 0.097656 0.097656
0 0.267090 0.096191 0.110352 0.110352
0 0.264648 0.208496 0.097656 0.098633
0 0.266602 0.307129 0.097656 0.098633
0 0.174805 0.394043 0.060547 0.061523
0 0.174316 0.497070 0.073242 0.074219
0 0.177246 0.583008 0.084961 0.085938
0 0.167969 0.662109 0.085938 0.085938
0 0.042480 0.745605 0.061523 0.061523
0 0.176270 0.149902 0.110352 0.110352
0 0.173828 0.265137 0.109375 0.110352
0 0.073242 0.103027 0.109375 0.110352
0 0.075684 0.209473 0.110352 0.110352
0 0.075195 0.309570 0.109375 0.111328
0 0.063477 0.451660 0.097656 0.098633
0 0.257812 0.516113 0.097656 0.098633