0 0.528809 0.241211 0.073242 0.074219
0 0.892578 0.620117 0.085938 0.085938
0 0.895020 0.810547 0.084961 0.085938
0 0.803711 0.534668 0.109375 0.110352
0 0.802246 0.642578 0.084961 0.085938
0 0.893555 0.910645 0.085938 0.086914
0 0.708984 0.587891 0.085938 0.085938
0 0.708984 0.695801 0.097656 0.098633
0 0.705078 0.785645 0.097656 0.098633
0 0.619141 0.521484 0.097656 0.097656
0 0.614258 0.647461 0.097656 0.097656
0 0.612305 0.742676 0.097656 0.098633
0 0.613281 0.849121 0.097656 0.098633
0 0.521484 0.898438 0.085938 0.085938
0 0.525391 0.792969 0.085938 0.085938
0 0.522949 0.687500 0.084961 0.085938
0 0.522949 0.584961 0.084961 0.085938
0 0.430176 0.524902 0.110352 0.110352
0 0.426270 0.641113 0.110352 0.110352
0 0.419434 0.754395 0.110352 0.110352
0 0.417969 0.867188 0.109375 0.111328
0 0.333984 0.915527 0.109375 0.110352
0 0.333984 0.791504 0.109375 0.110352
0 0.334473 0.699219 0.110352 0.111328
0 0.340820 0.571777 0.109375 0.110352
0 0.230957 0.528809 0.110352 0.110352
0 0.228516 0.631348 0.109375 0.110352
0 0.236328 0.748535 0.097656 0.098633
0 0.236328 0.857910 0.097656 0.098633
0 0.148438 0.580566 0.109375 0.110352
0 0.145508 0.717285 0.109375 0.110352
0 0.137695 0.798828 0.085938 0.085938
0 0.145508 0.900879 0.109375 0.110352
0 0.056641 0.632812 0.085938 0.085938
0 0.056152 0.940918 0.110352 0.110352
0 0.909180 0.141602 0.097656 0.097656
0 0.899414 0.253418 0.097656 0.098633
0 0.900879 0.360352 0.084961 0.085938
0 0.896973 0.473633 0.084961 0.085938
0 0.804199 0.085449 0.110352 0.110352
0 0.808105 0.199707 0.110352 0.110352
0 0.801270 0.312988 0.110352 0.110352
0 0.807617 0.423340 0.109375 0.110352
0 0.719727 0.475586 0.109375 0.111328
0 0.710938 0.356934 0.109375 0.110352
0 0.707031 0.250488 0.109375 0.110352
0 0.715820 0.151855 0.097656 0.098633
0 0.623047 0.093262 0.109375 0.110352
0 0.622070 0.192871 0.109375 0.110352
0 0.623047 0.309082 0.109375 0.110352
0 0.612305 0.427246 0.109375 0.110352
0 0.525879 0.475586 0.084961 0.085938
0 0.525879 0.354492 0.084961 0.085938
0 0.536621 0.126953 0.084961 0.085938
0 0.437012 0.091309 0.110352 0.110352
0 0.431641 0.194336 0.109375 0.111328
0 0.422852 0.301270 0.109375 0.110352
0 0.427734 0.408691 0.109375 0.110352
0 0.332031 0.462402 0.109375 0.110352
0 0.331055 0.373535 0.109375 0.110352
0 0.333496 0.268066 0.110352 0.110352
0 0.340332 0.135742 0.110352 0.111328
0 0.246094 0.079590 0.097656 0.098633
0 0.241699 0.195801 0.110352 0.110352
0 0.242188 0.311035 0.097656 0.098633
0 0.240234 0.419434 0.109375 0.110352
0 0.147461 0.465820 0.109375 0.111328
0 0.140625 0.354004 0.097656 0.098633
0 0.149902 0.256348 0.110352 0.110352
0 0.151367 0.142090 0.097656 0.098633
0 0.056152 0.082031 0.084961 0.085938
0 0.057129 0.198242 0.084961 0.085938
0 0.059570 0.305664 0.085938 0.085938
0 0.064453 0.422852 0.085938 0.085938
0 0.059082 0.525391 0.084961 0.085938