0 0.103516 0.351074 0.109375 0.110352
0 0.872559 0.131348 0.110352 0.110352
0 0.869141 0.242188 0.085938 0.085938
0 0.871094 0.351074 0.097656 0.098633
0 0.769531 0.074707 0.097656 0.098633
0 0.778320 0.187988 0.097656 0.098633
0 0.779297 0.295410 0.097656 0.098633
0 0.776367 0.406738 0.097656 0.098633
0 0.672852 0.139160 0.109375 0.110352
0 0.676270 0.241699 0.110352 0.110352
0 0.672363 0.349121 0.110352 0.110352
0 0.583496 0.079590 0.110352 0.110352
0 0.574707 0.189941 0.110352 0.110352
0 0.580566 0.304199 0.110352 0.110352
0 0.580078 0.413086 0.109375 0.111328
0 0.494141 0.129883 0.085938 0.085938
0 0.483398 0.243164 0.097656 0.097656
0 0.487305 0.359375 0.097656 0.097656
0 0.389648 0.080566 0.109375 0.110352
0 0.391602 0.184570 0.109375 0.111328
0 0.393555 0.298828 0.109375 0.111328
0 0.388184 0.398438 0.110352 0.111328
0 0.293457 0.135742 0.110352 0.111328
0 0.290527 0.243164 0.110352 0.111328
0 0.295410 0.350098 0.110352 0.110352
0 0.195801 0.076172 0.110352 0.111328
0 0.199707 0.193848 0.110352 0.110352
0 0.204102 0.298340 0.109375 0.110352
0 0.104492 0.137207 0.097656 0.098633
0 0.101562 0.243652 0.109375 0.110352
0 0.102539 0.463379 0.048828 0.049805
0 0.197266 0.401367 0.048828 0.048828
0 0.104492 0.570312 0.109375 0.111328
0 0.207031 0.628906 0.085938 0.085938
0 0.200684 0.516602 0.084961 0.085938
0 0.297363 0.467773 0.084961 0.085938
0 0.294434 0.574219 0.084961 0.085938
0 0.301758 0.681641 0.097656 0.097656
0 0.296875 0.786133 0.097656 0.097656
0 0.291992 0.902832 0.097656 0.098633
0 0.391113 0.516113 0.073242 0.073242
0 0.394043 0.627930 0.084961 0.085938
0 0.393066 0.844727 0.073242 0.074219
0 0.479492 0.462402 0.097656 0.098633
0 0.485352 0.571777 0.097656 0.098633
0 0.480469 0.687012 0.097656 0.098633
0 0.490234 0.797852 0.097656 0.097656
0 0.492188 0.908203 0.097656 0.097656
0 0.582520 0.517090 0.110352 0.110352
0 0.583496 0.631348 0.110352 0.110352
0 0.578125 0.737793 0.109375 0.110352
0 0.577148 0.855957 0.109375 0.110352
0 0.677246 0.466309 0.110352 0.110352
0 0.674316 0.577637 0.110352 0.110352
0 0.668457 0.686035 0.110352 0.110352
0 0.676270 0.798340 0.110352 0.110352
0 0.677734 0.906738 0.109375 0.110352
0 0.778320 0.519043 0.109375 0.110352
0 0.778320 0.627441 0.097656 0.098633
0 0.773926 0.739746 0.110352 0.110352
0 0.776855 0.851074 0.110352 0.110352
0 0.871094 0.459473 0.109375 0.110352
0 0.877930 0.583496 0.109375 0.110352
0 0.871094 0.687012 0.109375 0.110352
0 0.871094 0.803223 0.109375 0.110352
0 0.868164 0.906738 0.109375 0.110352