0 0.076660 0.893555 0.073242 0.074219
0 0.455566 0.224609 0.073242 0.074219
0 0.363770 0.305176 0.073242 0.073242
0 0.556152 0.511719 0.073242 0.074219
0 0.175293 0.385742 0.084961 0.085938
0 0.170410 0.281250 0.084961 0.085938
0 0.170410 0.163086 0.084961 0.085938
0 0.088867 0.120117 0.085938 0.085938
0 0.082520 0.221680 0.084961 0.085938
0 0.078613 0.319336 0.084961 0.085938
0 0.358887 0.190918 0.061523 0.061523
0 0.271484 0.125977 0.085938 0.085938
0 0.266113 0.229492 0.084961 0.085938
0 0.268555 0.359375 0.085938 0.085938
0 0.471680 0.116699 0.109375 0.110352
0 0.556641 0.065918 0.097656 0.098633
0 0.560547 0.167480 0.109375 0.110352
0 0.559570 0.401855 0.097656 0.098633
0 0.740234 0.168945 0.085938 0.085938
0 0.652344 0.131348 0.097656 0.098633
0 0.654785 0.222656 0.084961 0.085938
0 0.745605 0.067383 0.084961 0.085938
0 0.841309 0.122559 0.110352 0.110352
0 0.931641 0.067871 0.109375 0.110352
0 0.932617 0.395508 0.097656 0.097656
0 0.928711 0.282715 0.097656 0.098633
0 0.838867 0.346191 0.097656 0.098633
0 0.741211 0.394043 0.097656 0.098633
0 0.831543 0.897949 0.110352 0.110352
0 0.930664 0.943848 0.109375 0.110352
0 0.642578 0.907227 0.085938 0.085938
0 0.469727 0.908203 0.085938 0.085938
0 0.362305 0.845703 0.097656 0.097656
0 0.262695 0.797852 0.085938 0.085938
0 0.264160 0.896484 0.084961 0.085938
0 0.168457 0.838867 0.084961 0.085938
0 0.164551 0.941406 0.084961 0.085938
0 0.933594 0.626465 0.097656 0.098633
0 0.930176 0.723145 0.110352 0.110352
0 0.926758 0.835449 0.097656 0.098633
0 0.840820 0.784668 0.109375 0.110352
0 0.840820 0.673340 0.097656 0.098633
0 0.837402 0.556641 0.084961 0.085938
0 0.843750 0.453613 0.097656 0.098633
0 0.742188 0.512207 0.097656 0.098633
0 0.737305 0.725586 0.097656 0.097656
0 0.740234 0.830078 0.085938 0.085938
0 0.648926 0.785156 0.084961 0.085938
0 0.645996 0.665039 0.084961 0.085938
0 0.652344 0.449219 0.085938 0.085938
0 0.555664 0.617188 0.097656 0.097656
0 0.555664 0.727539 0.097656 0.097656
0 0.554688 0.839844 0.097656 0.097656
0 0.461914 0.786621 0.097656 0.098633
0 0.465820 0.673828 0.097656 0.097656
0 0.460449 0.567383 0.084961 0.085938
0 0.463379 0.458984 0.110352 0.111328
0 0.372070 0.507812 0.097656 0.097656
0 0.363281 0.611328 0.097656 0.097656
0 0.356445 0.729004 0.097656 0.098633
0 0.264160 0.701172 0.084961 0.085938
0 0.083496 0.453125 0.084961 0.085938
0 0.070801 0.561035 0.110352 0.110352