0 0.064453 0.121582 0.097656 0.098633
0 0.059570 0.236816 0.097656 0.098633
0 0.069336 0.347656 0.097656 0.097656
0 0.071289 0.458008 0.097656 0.097656
0 0.161621 0.066895 0.110352 0.110352
0 0.162598 0.181152 0.110352 0.110352
0 0.157227 0.287598 0.109375 0.110352
0 0.156250 0.405762 0.109375 0.110352
0 0.157227 0.513672 0.109375 0.111328
0 0.253418 0.127441 0.110352 0.110352
0 0.247559 0.235840 0.110352 0.110352
0 0.255371 0.348145 0.110352 0.110352
0 0.256836 0.456543 0.109375 0.110352
0 0.357422 0.068848 0.109375 0.110352
0 0.357422 0.177246 0.097656 0.098633
0 0.353027 0.289551 0.110352 0.110352
0 0.355957 0.400879 0.110352 0.110352
0 0.354980 0.516113 0.110352 0.110352
0 0.457031 0.133301 0.109375 0.110352
0 0.450195 0.236816 0.109375 0.110352
0 0.450195 0.353027 0.109375 0.110352
0 0.447266 0.456543 0.109375 0.110352
0 0.544922 0.063477 0.097656 0.097656
0 0.541504 0.179199 0.110352 0.110352
0 0.547852 0.294434 0.109375 0.110352
0 0.542969 0.405762 0.097656 0.098633
0 0.548828 0.513184 0.109375 0.110352
0 0.640625 0.122070 0.097656 0.097656
0 0.637207 0.229980 0.110352 0.110352
0 0.640137 0.347168 0.110352 0.110352
0 0.639160 0.461914 0.084961 0.085938
0 0.729980 0.066406 0.073242 0.074219
0 0.726562 0.178711 0.097656 0.097656
0 0.731934 0.290039 0.084961 0.085938
0 0.730469 0.400879 0.097656 0.098633
0 0.824219 0.123047 0.085938 0.085938
0 0.822266 0.225586 0.097656 0.097656
0 0.823242 0.339844 0.085938 0.085938
0 0.826172 0.456055 0.085938 0.085938
0 0.920898 0.061035 0.097656 0.098633
0 0.925781 0.179199 0.097656 0.098633
0 0.928711 0.285156 0.097656 0.097656
0 0.927734 0.402344 0.097656 0.097656
0 0.923828 0.510742 0.085938 0.085938
0 0.920898 0.622559 0.097656 0.098633
0 0.921875 0.735840 0.097656 0.098633
0 0.918457 0.838867 0.084961 0.085938
0 0.829102 0.560059 0.097656 0.098633
0 0.826172 0.674316 0.097656 0.098633
0 0.825195 0.780762 0.097656 0.098633
0 0.824219 0.895020 0.097656 0.098633
0 0.728027 0.513672 0.084961 0.085938
0 0.730957 0.625977 0.084961 0.085938
0 0.727539 0.732910 0.097656 0.098633
0 0.732422 0.843262 0.097656 0.098633
0 0.639648 0.567871 0.097656 0.098633
0 0.637695 0.674316 0.097656 0.098633
0 0.635742 0.787598 0.097656 0.098633
0 0.637695 0.895020 0.097656 0.098633
0 0.541992 0.623535 0.109375 0.110352
0 0.543457 0.738770 0.110352 0.110352
0 0.547852 0.840332 0.097656 0.098633
0 0.537109 0.949219 0.097656 0.097656
1 0.441895 0.575684 0.110352 0.110352
1 0.346191 0.623535 0.110352 0.110352
0 0.443848 0.674316 0.110352 0.110352
0 0.440918 0.789551 0.110352 0.110352
0 0.443848 0.907227 0.110352 0.111328
0 0.345215 0.746094 0.073242 0.074219
0 0.348633 0.844727 0.097656 0.097656
0 0.246094 0.568848 0.109375 0.110352
0 0.249023 0.679688 0.109375 0.111328
0 0.252930 0.780273 0.109375 0.111328
0 0.246094 0.899902 0.097656 0.098633
0 0.160156 0.617188 0.109375 0.111328
0 0.160645 0.724609 0.084961 0.085938
0 0.157227 0.850098 0.097656 0.098633
0 0.060059 0.583984 0.110352 0.111328
0 0.062988 0.692383 0.084961 0.085938
0 0.056152 0.811523 0.084961 0.085938
0 0.062500 0.915039 0.085938 0.085938