0 0.043457 0.545898 0.073242 0.074219
0 0.045410 0.631836 0.073242 0.074219
0 0.246582 0.613770 0.073242 0.073242
0 0.239746 0.397461 0.073242 0.074219
0 0.158203 0.727051 0.060547 0.061523
0 0.810059 0.168457 0.073242 0.073242
0 0.717285 0.241211 0.073242 0.074219
0 0.895020 0.442871 0.061523 0.061523
0 0.903320 0.139648 0.097656 0.097656
0 0.807617 0.066895 0.097656 0.098633
0 0.815430 0.295898 0.097656 0.097656
1 0.892090 0.533691 0.073242 0.073242
0 0.896484 0.639160 0.097656 0.098633
0 0.892090 0.747559 0.110352 0.110352
0 0.808594 0.708008 0.097656 0.097656
0 0.813477 0.630371 0.097656 0.098633
0 0.711914 0.119141 0.085938 0.085938
0 0.723633 0.347656 0.097656 0.097656
0 0.625000 0.309570 0.085938 0.085938
0 0.627441 0.401855 0.110352 0.110352
0 0.620117 0.514160 0.097656 0.098633
0 0.711426 0.654785 0.073242 0.073242
0 0.717773 0.753418 0.097656 0.098633
1 0.527344 0.125000 0.085938 0.085938
0 0.529785 0.230469 0.084961 0.085938
0 0.530762 0.347168 0.110352 0.110352
0 0.534668 0.455566 0.110352 0.110352
0 0.533203 0.564941 0.109375 0.110352
0 0.530273 0.683105 0.097656 0.098633
0 0.443359 0.067871 0.097656 0.098633
0 0.428711 0.171875 0.097656 0.097656
0 0.429688 0.299316 0.097656 0.098633
0 0.424805 0.408691 0.097656 0.098633
0 0.420898 0.514160 0.097656 0.098633
0 0.432129 0.623047 0.084961 0.085938
0 0.336426 0.670898 0.084961 0.085938
0 0.349121 0.148438 0.122070 0.123047
0 0.342285 0.253906 0.084961 0.085938
0 0.325195 0.371094 0.085938 0.085938
0 0.327637 0.456543 0.084961 0.086914
0 0.333984 0.564453 0.097656 0.097656
0 0.253418 0.081543 0.110352 0.110352
0 0.250977 0.193848 0.097656 0.098633
0 0.252930 0.292480 0.097656 0.098633
0 0.161133 0.379395 0.060547 0.061523
0 0.160645 0.482422 0.073242 0.074219
0 0.163574 0.568359 0.084961 0.085938
0 0.154297 0.647461 0.085938 0.085938
0 0.162598 0.135254 0.110352 0.110352
0 0.160156 0.250488 0.109375 0.110352
0 0.059570 0.088379 0.109375 0.110352
0 0.062012 0.194824 0.110352 0.110352
0 0.061523 0.294922 0.109375 0.111328
0 0.049805 0.437012 0.097656 0.098633
0 0.244141 0.501465 0.097656 0.098633