0 0.891602 0.671875 0.109375 0.111328
0 0.894531 0.781250 0.097656 0.097656
0 0.882812 0.890625 0.097656 0.097656
0 0.795898 0.942383 0.097656 0.097656
0 0.792969 0.829102 0.097656 0.097656
0 0.795898 0.726562 0.097656 0.097656
0 0.794922 0.615723 0.097656 0.098633
0 0.700195 0.672363 0.097656 0.098633
0 0.693359 0.780273 0.109375 0.111328
0 0.698242 0.887207 0.097656 0.098633
0 0.603027 0.924316 0.110352 0.110352
0 0.609375 0.823242 0.109375 0.111328
1 0.606934 0.715332 0.110352 0.110352
0 0.610840 0.604492 0.110352 0.111328
0 0.511230 0.666992 0.110352 0.111328
0 0.507324 0.777832 0.110352 0.110352
0 0.511230 0.871094 0.110352 0.111328
0 0.412598 0.929688 0.110352 0.111328
0 0.413086 0.826660 0.109375 0.110352
0 0.419434 0.716309 0.110352 0.110352
0 0.416992 0.619629 0.109375 0.110352
0 0.325195 0.656250 0.109375 0.111328
0 0.321289 0.763184 0.097656 0.098633
0 0.320312 0.871094 0.097656 0.097656
0 0.220703 0.932129 0.097656 0.098633
0 0.221680 0.822754 0.109375 0.110352
0 0.225586 0.705566 0.097656 0.098633
0 0.230957 0.600098 0.110352 0.110352
0 0.131348 0.659668 0.110352 0.110352
0 0.133789 0.771973 0.109375 0.110352
0 0.136230 0.872070 0.110352 0.111328
0 0.900391 0.335449 0.097656 0.098633
0 0.893066 0.236328 0.110352 0.111328
0 0.895508 0.131348 0.109375 0.110352
0 0.802734 0.074707 0.109375 0.110352
0 0.799805 0.183105 0.109375 0.110352
0 0.806152 0.294434 0.061523 0.061523
0 0.802246 0.387207 0.084961 0.086914
0 0.708008 0.126953 0.085938 0.085938
0 0.705566 0.240234 0.084961 0.085938
0 0.712891 0.353027 0.097656 0.098633
0 0.619141 0.079102 0.085938 0.085938
0 0.615234 0.170898 0.085938 0.085938
0 0.614746 0.285156 0.084961 0.085938
0 0.609375 0.395996 0.097656 0.098633
0 0.515625 0.129395 0.109375 0.110352
0 0.523438 0.238770 0.109375 0.110352
0 0.512695 0.346680 0.109375 0.111328
0 0.419922 0.074707 0.109375 0.110352
0 0.423828 0.174805 0.097656 0.097656
0 0.424805 0.289551 0.097656 0.098633
0 0.419922 0.403320 0.085938 0.085938
0 0.328125 0.129395 0.097656 0.098633
0 0.333496 0.235840 0.084961 0.086914
0 0.332031 0.342285 0.109375 0.110352
0 0.234375 0.070801 0.097656 0.098633
0 0.231445 0.177246 0.097656 0.098633
0 0.236328 0.296875 0.097656 0.097656
0 0.230957 0.403320 0.084961 0.085938
0 0.137207 0.047852 0.084961 0.085938
0 0.134277 0.133789 0.084961 0.085938
0 0.135742 0.236816 0.109375 0.110352
0 0.142090 0.351562 0.122070 0.123047
0 0.051758 0.075684 0.097656 0.098633