0 0.130371 0.858398 0.073242 0.074219
0 0.132324 0.944336 0.073242 0.074219
0 0.333496 0.926270 0.073242 0.073242
0 0.326660 0.709961 0.073242 0.074219
0 0.052246 0.911621 0.073242 0.073242
0 0.896973 0.480957 0.073242 0.073242
0 0.804199 0.553711 0.073242 0.074219
0 0.894531 0.379395 0.097656 0.098633
0 0.902344 0.608398 0.097656 0.097656
0 0.900391 0.942871 0.097656 0.098633
0 0.807617 0.323242 0.097656 0.097656
0 0.798828 0.431641 0.085938 0.085938
0 0.810547 0.660156 0.097656 0.097656
0 0.711914 0.622070 0.085938 0.085938
0 0.714355 0.714355 0.110352 0.110352
0 0.707031 0.826660 0.097656 0.098633
0 0.621094 0.322754 0.097656 0.098633
1 0.614258 0.437500 0.085938 0.085938
0 0.616699 0.542969 0.084961 0.085938
0 0.617676 0.659668 0.110352 0.110352
0 0.621582 0.768066 0.110352 0.110352
0 0.620117 0.877441 0.109375 0.110352
0 0.525391 0.289062 0.097656 0.097656
0 0.530273 0.380371 0.097656 0.098633
0 0.515625 0.484375 0.097656 0.097656
0 0.516602 0.611816 0.097656 0.098633
0 0.511719 0.721191 0.097656 0.098633
0 0.507812 0.826660 0.097656 0.098633
0 0.519043 0.935547 0.084961 0.085938
0 0.432129 0.335938 0.110352 0.111328
0 0.436035 0.460938 0.122070 0.123047
0 0.429199 0.566406 0.084961 0.085938
0 0.412109 0.683594 0.085938 0.085938
0 0.414551 0.769043 0.084961 0.086914
0 0.420898 0.876953 0.097656 0.097656
0 0.336426 0.284668 0.110352 0.110352
0 0.340332 0.394043 0.110352 0.110352
0 0.337891 0.506348 0.097656 0.098633
0 0.339844 0.604980 0.097656 0.098633
0 0.248047 0.691895 0.060547 0.061523
0 0.247559 0.794922 0.073242 0.074219
0 0.250488 0.880859 0.084961 0.085938
0 0.242188 0.351074 0.109375 0.110352
0 0.249512 0.447754 0.110352 0.110352
0 0.247070 0.562988 0.109375 0.110352
0 0.151367 0.290039 0.085938 0.085938
0 0.146484 0.400879 0.109375 0.110352
0 0.148926 0.507324 0.110352 0.110352
0 0.148438 0.607422 0.109375 0.111328
0 0.136719 0.749512 0.097656 0.098633
0 0.052734 0.797363 0.097656 0.098633
0 0.067383 0.682617 0.085938 0.085938
0 0.053223 0.339355 0.084961 0.086914
0 0.059570 0.443359 0.097656 0.097656
0 0.052734 0.574707 0.097656 0.098633
0 0.899902 0.278809 0.110352 0.110352
0 0.805664 0.210938 0.097656 0.097656
0 0.713867 0.059082 0.097656 0.098633
0 0.618164 0.113281 0.097656 0.097656
0 0.613281 0.211914 0.085938 0.085938
0 0.529297 0.058594 0.109375 0.111328
0 0.523926 0.170410 0.110352 0.110352
0 0.435059 0.132812 0.084961 0.085938
0 0.340820 0.178223 0.097656 0.098633
0 0.335449 0.071289 0.110352 0.111328
0 0.249023 0.120605 0.109375 0.110352
0 0.155762 0.172363 0.110352 0.110352
0 0.249023 0.236328 0.085938 0.085938
0 0.161133 0.079102 0.109375 0.111328
0 0.061523 0.118164 0.085938 0.085938
0 0.060059 0.224609 0.084961 0.085938
0 0.438965 0.243652 0.110352 0.110352
0 0.331055 0.813965 0.097656 0.098633