0 0.151855 0.269531 0.073242 0.074219
0 0.895020 0.898438 0.084961 0.085938
0 0.341797 0.043945 0.085938 0.085938
0 0.337891 0.152344 0.097656 0.097656
0 0.341309 0.275391 0.084961 0.085938
0 0.342285 0.370117 0.084961 0.085938
0 0.341309 0.493164 0.084961 0.085938
0 0.245117 0.105469 0.097656 0.097656
0 0.247070 0.216797 0.097656 0.097656
0 0.250977 0.324219 0.085938 0.085938
0 0.245117 0.431641 0.085938 0.085938
1 0.151855 0.044922 0.084961 0.085938
0 0.152344 0.156250 0.097656 0.097656
0 0.157227 0.377441 0.097656 0.098633
0 0.059570 0.104004 0.097656 0.098633
0 0.060547 0.217285 0.097656 0.098633
0 0.057129 0.320312 0.084961 0.085938
0 0.058594 0.436035 0.097656 0.098633
0 0.063965 0.542969 0.084961 0.085938
0 0.055664 0.644043 0.097656 0.098633
0 0.155273 0.495605 0.097656 0.098633
0 0.153320 0.597168 0.097656 0.098633
1 0.245117 0.540039 0.085938 0.085938
0 0.250000 0.649902 0.097656 0.098633
0 0.347656 0.601562 0.085938 0.085938
0 0.045898 0.928223 0.060547 0.061523
0 0.134277 0.880371 0.061523 0.061523
0 0.135254 0.967285 0.061523 0.061523
0 0.240234 0.947754 0.048828 0.049805
0 0.314453 0.910645 0.060547 0.061523
0 0.402832 0.962402 0.061523 0.061523
0 0.492676 0.901855 0.061523 0.061523
0 0.722656 0.895996 0.097656 0.098633
0 0.818359 0.945801 0.097656 0.098633