0 0.621582 0.265625 0.073242 0.074219
0 0.709473 0.206055 0.073242 0.074219
0 0.433105 0.770020 0.073242 0.073242
0 0.917480 0.611328 0.073242 0.074219
0 0.906250 0.097168 0.097656 0.098633
0 0.905273 0.210449 0.097656 0.098633
0 0.911621 0.314453 0.084961 0.085938
0 0.908203 0.421875 0.097656 0.097656
0 0.808105 0.149414 0.084961 0.085938
0 0.810059 0.258789 0.084961 0.085938
0 0.816406 0.373047 0.097656 0.097656
0 0.715332 0.099609 0.084961 0.085938
0 0.716309 0.312500 0.073242 0.074219
0 0.711914 0.416504 0.060547 0.061523
0 0.627930 0.149414 0.085938 0.085938
0 0.161133 0.092285 0.097656 0.098633
0 0.150879 0.204590 0.110352 0.110352
0 0.239258 0.149414 0.085938 0.085938
0 0.335938 0.107422 0.097656 0.097656
0 0.429199 0.144531 0.084961 0.085938
0 0.533203 0.090820 0.085938 0.085938
0 0.533203 0.191406 0.097656 0.097656
1 0.622559 0.352539 0.073242 0.074219
0 0.529297 0.306641 0.097656 0.097656
0 0.522949 0.400391 0.073242 0.074219
0 0.435059 0.260742 0.084961 0.085938
0 0.435059 0.359863 0.073242 0.073242
0 0.333008 0.322754 0.097656 0.098633
0 0.338867 0.208984 0.085938 0.085938
0 0.242188 0.258789 0.085938 0.085938
0 0.239258 0.357910 0.085938 0.086914
0 0.150391 0.309082 0.097656 0.098633
0 0.053223 0.752930 0.073242 0.074219
0 0.049805 0.885742 0.097656 0.097656
0 0.147949 0.606934 0.073242 0.073242
0 0.147949 0.696777 0.073242 0.073242
0 0.148438 0.816406 0.085938 0.085938
0 0.149414 0.933594 0.097656 0.097656
0 0.229980 0.565918 0.073242 0.073242
0 0.233887 0.642090 0.073242 0.073242
0 0.233398 0.752441 0.060547 0.061523
0 0.241211 0.858398 0.085938 0.085938
0 0.329590 0.580566 0.073242 0.073242
0 0.332520 0.707520 0.073242 0.073242
0 0.338379 0.834473 0.073242 0.073242
0 0.338867 0.934082 0.109375 0.110352
0 0.427246 0.650391 0.122070 0.123047
0 0.433105 0.880859 0.084961 0.085938
0 0.529297 0.603027 0.097656 0.098633
0 0.531738 0.709961 0.122070 0.123047
0 0.534180 0.822754 0.109375 0.110352
0 0.521484 0.936035 0.109375 0.110352
0 0.625488 0.575195 0.084961 0.085938
0 0.625977 0.658203 0.097656 0.097656
0 0.624512 0.778320 0.122070 0.123047
0 0.630859 0.874512 0.109375 0.110352
0 0.717285 0.600586 0.084961 0.085938
0 0.719238 0.712891 0.122070 0.123047
0 0.731445 0.926758 0.085938 0.085938
0 0.811523 0.664062 0.097656 0.097656
0 0.819824 0.770508 0.122070 0.123047
0 0.819824 0.879883 0.110352 0.111328
0 0.907227 0.706543 0.109375 0.110352
0 0.912109 0.819336 0.109375 0.111328
0 0.911621 0.931641 0.122070 0.123047