0 0.741699 0.707031 0.073242 0.074219
0 0.829590 0.647461 0.073242 0.074219
0 0.077637 0.113770 0.110352 0.110352
0 0.155273 0.158691 0.097656 0.098633
0 0.364746 0.150391 0.110352 0.111328
0 0.454590 0.096680 0.110352 0.111328
0 0.547852 0.150391 0.097656 0.097656
0 0.653320 0.099121 0.109375 0.110352
0 0.745605 0.152832 0.110352 0.110352
0 0.831055 0.093262 0.109375 0.110352
0 0.929688 0.151855 0.109375 0.110352
0 0.926758 0.372559 0.109375 0.110352
0 0.931641 0.483887 0.097656 0.098633
0 0.928223 0.590820 0.084961 0.085938
0 0.930176 0.700195 0.084961 0.085938
0 0.936523 0.814453 0.097656 0.097656
0 0.831055 0.310059 0.097656 0.098633
0 0.829590 0.424805 0.084961 0.085938
0 0.835449 0.541016 0.084961 0.085938
0 0.836426 0.753906 0.073242 0.074219
0 0.832031 0.857910 0.060547 0.061523
0 0.930664 0.262207 0.109375 0.110352
0 0.835449 0.204590 0.110352 0.110352
0 0.744141 0.262207 0.097656 0.098633
0 0.743164 0.371094 0.097656 0.097656
0 0.741211 0.479492 0.097656 0.097656
0 0.748047 0.590820 0.085938 0.085938
1 0.647461 0.204102 0.085938 0.085938
1 0.360840 0.248047 0.084961 0.085938
0 0.068848 0.225098 0.110352 0.110352
0 0.068848 0.336426 0.110352 0.110352
0 0.065918 0.448730 0.110352 0.110352
0 0.066895 0.562988 0.110352 0.110352
0 0.158203 0.285645 0.109375 0.110352
0 0.153320 0.383301 0.097656 0.098633
0 0.159180 0.494629 0.097656 0.098633
0 0.281250 0.533691 0.097656 0.098633
0 0.270996 0.645996 0.110352 0.110352
0 0.362305 0.362305 0.109375 0.111328
0 0.357422 0.476562 0.085938 0.085938
0 0.359375 0.590820 0.085938 0.085938
0 0.452637 0.191895 0.110352 0.110352
0 0.451660 0.314453 0.110352 0.111328
0 0.452148 0.419922 0.097656 0.097656
0 0.456055 0.548828 0.097656 0.097656
0 0.555664 0.248535 0.097656 0.098633
0 0.557129 0.367188 0.084961 0.085938
0 0.558105 0.482422 0.084961 0.085938
0 0.549316 0.585938 0.084961 0.085938
0 0.655273 0.307129 0.097656 0.098633
0 0.655273 0.434082 0.109375 0.110352
0 0.653320 0.532227 0.085938 0.085938
0 0.653320 0.632812 0.097656 0.097656
1 0.742676 0.793945 0.073242 0.074219
0 0.649414 0.748047 0.097656 0.097656
0 0.643066 0.841797 0.073242 0.074219
0 0.555176 0.702148 0.084961 0.085938
0 0.555176 0.801270 0.073242 0.073242
0 0.453125 0.764160 0.097656 0.098633
0 0.458984 0.650391 0.085938 0.085938
0 0.362305 0.700195 0.085938 0.085938
0 0.359375 0.799316 0.085938 0.086914
0 0.270508 0.750488 0.097656 0.098633
0 0.158203 0.708496 0.097656 0.098633
0 0.068359 0.666504 0.097656 0.098633
0 0.067383 0.772461 0.085938 0.085938