0 0.914062 0.875000 0.097656 0.097656
0 0.911133 0.761719 0.097656 0.097656
0 0.914062 0.659180 0.097656 0.097656
0 0.913086 0.548340 0.097656 0.098633
0 0.818359 0.604980 0.097656 0.098633
0 0.811523 0.712891 0.109375 0.111328
0 0.816406 0.819824 0.097656 0.098633
0 0.810059 0.918457 0.110352 0.110352
0 0.721191 0.856934 0.110352 0.110352
0 0.727539 0.755859 0.109375 0.111328
1 0.725098 0.647949 0.110352 0.110352
0 0.729004 0.537109 0.110352 0.111328
0 0.629395 0.599609 0.110352 0.111328
0 0.625488 0.710449 0.110352 0.110352
0 0.629395 0.803711 0.110352 0.111328
0 0.622559 0.919434 0.110352 0.110352
0 0.530762 0.862305 0.110352 0.111328
0 0.531250 0.759277 0.109375 0.110352
0 0.537598 0.648926 0.110352 0.110352
0 0.535156 0.552246 0.109375 0.110352
0 0.443359 0.588867 0.109375 0.111328
0 0.439453 0.695801 0.097656 0.098633
0 0.438477 0.803711 0.097656 0.097656
0 0.437988 0.916504 0.110352 0.110352
0 0.338867 0.864746 0.097656 0.098633
0 0.339844 0.755371 0.109375 0.110352
0 0.343750 0.638184 0.097656 0.098633
0 0.349121 0.532715 0.110352 0.110352
0 0.249512 0.592285 0.110352 0.110352
0 0.251953 0.704590 0.109375 0.110352
0 0.254395 0.804688 0.110352 0.111328
0 0.248047 0.919434 0.109375 0.110352
0 0.152344 0.860352 0.097656 0.097656
0 0.153809 0.750000 0.110352 0.111328
0 0.163086 0.529785 0.109375 0.110352
0 0.156250 0.638184 0.109375 0.110352
0 0.057129 0.588379 0.110352 0.110352
0 0.058105 0.689941 0.110352 0.110352
0 0.917969 0.115723 0.109375 0.110352
0 0.924316 0.227051 0.061523 0.061523
0 0.920410 0.319824 0.084961 0.086914
0 0.826172 0.059570 0.085938 0.085938
0 0.823730 0.172852 0.084961 0.085938
0 0.831055 0.285645 0.097656 0.098633
0 0.733398 0.103516 0.085938 0.085938
0 0.732910 0.217773 0.084961 0.085938
0 0.727539 0.328613 0.097656 0.098633
0 0.633789 0.062012 0.109375 0.110352
0 0.641602 0.171387 0.109375 0.110352
0 0.630859 0.279297 0.109375 0.111328
0 0.541992 0.107422 0.097656 0.097656
0 0.542969 0.222168 0.097656 0.098633
0 0.538086 0.335938 0.085938 0.085938
0 0.446289 0.062012 0.097656 0.098633
0 0.451660 0.168457 0.084961 0.086914
0 0.450195 0.274902 0.109375 0.110352
0 0.349609 0.109863 0.097656 0.098633
0 0.354492 0.229492 0.097656 0.097656
0 0.349121 0.335938 0.084961 0.085938
0 0.252441 0.066406 0.084961 0.085938
0 0.253906 0.169434 0.109375 0.110352
0 0.260254 0.284180 0.122070 0.123047
0 0.160645 0.118652 0.110352 0.110352
0 0.160645 0.217285 0.110352 0.110352
0 0.156738 0.321777 0.110352 0.110352
0 0.067871 0.061523 0.084961 0.085938
0 0.066406 0.169434 0.097656 0.098633
0 0.067383 0.270996 0.109375 0.110352