0 0.059082 0.111328 0.084961 0.085938
0 0.056152 0.222168 0.084961 0.086914
0 0.059570 0.322754 0.097656 0.098633
0 0.166016 0.052246 0.097656 0.098633
0 0.169922 0.159668 0.109375 0.110352
0 0.170410 0.277832 0.110352 0.110352
0 0.165527 0.394043 0.110352 0.110352
0 0.260742 0.107910 0.109375 0.110352
0 0.260742 0.219238 0.097656 0.098633
0 0.257812 0.333496 0.109375 0.110352
0 0.355469 0.060547 0.097656 0.097656
0 0.355469 0.171875 0.097656 0.097656
0 0.354004 0.279297 0.084961 0.085938
0 0.354492 0.392578 0.085938 0.085938
0 0.454590 0.117188 0.110352 0.111328
0 0.446777 0.227539 0.110352 0.111328
0 0.452637 0.333496 0.110352 0.110352
0 0.543945 0.059570 0.085938 0.085938
0 0.549805 0.161133 0.109375 0.111328
0 0.546875 0.270508 0.109375 0.111328
0 0.542480 0.394043 0.110352 0.110352
0 0.648438 0.111816 0.109375 0.110352
0 0.642578 0.222168 0.109375 0.110352
0 0.641602 0.336914 0.109375 0.111328
0 0.738770 0.058105 0.110352 0.110352
0 0.733398 0.166504 0.097656 0.098633
0 0.735840 0.276367 0.084961 0.085938
0 0.736328 0.389648 0.097656 0.097656
0 0.827148 0.113770 0.097656 0.098633
0 0.832520 0.226074 0.110352 0.110352
0 0.824707 0.332520 0.110352 0.110352
0 0.924805 0.069824 0.109375 0.110352
0 0.924805 0.172363 0.097656 0.098633
0 0.929688 0.288574 0.109375 0.110352
0 0.927246 0.398926 0.110352 0.110352
0 0.918457 0.495605 0.110352 0.110352
0 0.921875 0.607422 0.097656 0.097656
0 0.923340 0.717773 0.110352 0.111328
0 0.923340 0.836426 0.110352 0.110352
0 0.829590 0.448730 0.110352 0.110352
0 0.831543 0.565430 0.110352 0.111328
0 0.822266 0.674805 0.097656 0.097656
0 0.832031 0.792480 0.109375 0.110352
0 0.733398 0.501953 0.109375 0.111328
0 0.732422 0.621582 0.060547 0.061523
0 0.728516 0.728027 0.109375 0.110352
0 0.730469 0.838379 0.109375 0.110352
0 0.638672 0.446289 0.109375 0.111328
0 0.641602 0.556152 0.109375 0.110352
0 0.633301 0.664551 0.110352 0.110352
0 0.637207 0.784668 0.110352 0.110352
0 0.544434 0.502441 0.110352 0.110352
0 0.540527 0.602051 0.061523 0.061523
0 0.541504 0.723145 0.110352 0.110352
0 0.541016 0.839355 0.109375 0.110352
0 0.450684 0.451660 0.061523 0.061523
0 0.445801 0.560059 0.061523 0.061523
0 0.447266 0.670410 0.109375 0.110352
0 0.446289 0.789551 0.109375 0.110352
0 0.357422 0.501465 0.109375 0.110352
0 0.351562 0.626953 0.085938 0.085938
0 0.351562 0.727051 0.109375 0.110352
0 0.353516 0.835449 0.097656 0.098633
0 0.259766 0.443848 0.109375 0.110352
0 0.256348 0.556152 0.110352 0.110352
0 0.260254 0.666504 0.110352 0.110352
0 0.261230 0.778809 0.110352 0.110352
0 0.163574 0.495605 0.110352 0.110352
0 0.165527 0.612793 0.110352 0.110352
0 0.166016 0.712402 0.109375 0.110352
0 0.161133 0.827148 0.109375 0.111328
0 0.264160 0.885742 0.110352 0.111328
0 0.065430 0.429199 0.097656 0.098633
0 0.074219 0.548340 0.109375 0.110352
0 0.073242 0.662109 0.109375 0.111328
0 0.069336 0.780273 0.109375 0.111328
0 0.064453 0.892090 0.109375 0.110352
0 0.151855 0.936523 0.110352 0.111328
0 0.356445 0.937500 0.097656 0.097656
0 0.451172 0.889160 0.097656 0.098633
0 0.632324 0.894043 0.110352 0.110352
0 0.831055 0.889160 0.097656 0.098633