0 0.124023 0.062012 0.109375 0.110352
0 0.220703 0.117676 0.109375 0.110352
0 0.314941 0.067871 0.110352 0.110352
0 0.317383 0.173340 0.109375 0.110352
0 0.415527 0.116211 0.084961 0.085938
0 0.510742 0.064941 0.097656 0.098633
0 0.508301 0.173340 0.110352 0.110352
0 0.609375 0.118652 0.109375 0.110352
0 0.706055 0.058105 0.097656 0.098633
0 0.803223 0.100586 0.110352 0.111328
0 0.893555 0.062500 0.097656 0.097656
0 0.890625 0.169922 0.097656 0.097656
0 0.890625 0.280762 0.097656 0.098633
0 0.893066 0.391602 0.084961 0.085938
0 0.891602 0.503418 0.097656 0.098633
0 0.891602 0.617676 0.097656 0.098633
0 0.797363 0.229004 0.110352 0.110352
0 0.799316 0.336426 0.110352 0.110352
0 0.795898 0.447266 0.085938 0.085938
0 0.797852 0.556152 0.097656 0.098633
0 0.699219 0.170410 0.097656 0.098633
0 0.696289 0.279785 0.097656 0.098633
0 0.705078 0.393066 0.097656 0.098633
0 0.706055 0.500488 0.097656 0.098633
0 0.703125 0.611816 0.097656 0.098633
0 0.600586 0.231934 0.109375 0.110352
0 0.599609 0.344238 0.109375 0.110352
0 0.603027 0.446777 0.110352 0.110352
0 0.599121 0.554199 0.110352 0.110352
0 0.510254 0.284668 0.110352 0.110352
0 0.501465 0.395020 0.110352 0.110352
0 0.507324 0.509277 0.110352 0.110352
0 0.506836 0.618164 0.109375 0.111328
0 0.417969 0.227051 0.097656 0.098633
0 0.420898 0.334961 0.085938 0.085938
0 0.410156 0.448242 0.097656 0.097656
0 0.414062 0.564453 0.097656 0.097656
0 0.316406 0.285645 0.109375 0.110352
0 0.318359 0.389648 0.109375 0.111328
0 0.320312 0.503906 0.109375 0.111328
0 0.314941 0.603516 0.110352 0.111328
0 0.218750 0.229980 0.109375 0.110352
0 0.220215 0.340820 0.110352 0.111328
0 0.217285 0.448242 0.110352 0.111328
0 0.222168 0.555176 0.110352 0.110352
0 0.120605 0.173828 0.110352 0.111328
0 0.122559 0.281250 0.110352 0.111328
0 0.126465 0.398926 0.110352 0.110352
0 0.130859 0.503418 0.109375 0.110352
0 0.029297 0.668457 0.048828 0.049805
0 0.124023 0.606445 0.048828 0.048828
0 0.133789 0.833984 0.085938 0.085938
0 0.127441 0.721680 0.084961 0.085938
0 0.224121 0.672852 0.084961 0.085938
0 0.221191 0.779297 0.084961 0.085938
0 0.228516 0.886719 0.097656 0.097656
0 0.317871 0.721191 0.073242 0.073242
0 0.320801 0.833008 0.084961 0.085938
0 0.406250 0.667480 0.097656 0.098633
0 0.412109 0.776855 0.097656 0.098633
0 0.407227 0.892090 0.097656 0.098633
0 0.509277 0.722168 0.110352 0.110352
0 0.510254 0.836426 0.110352 0.110352
0 0.504883 0.942871 0.109375 0.110352
0 0.604004 0.671387 0.110352 0.110352
0 0.601074 0.782715 0.110352 0.110352
0 0.595215 0.891113 0.110352 0.110352
0 0.705078 0.724121 0.109375 0.110352
0 0.705078 0.832520 0.097656 0.098633
0 0.797852 0.664551 0.109375 0.110352
0 0.804688 0.788574 0.109375 0.110352
0 0.797852 0.892090 0.109375 0.110352
0 0.892578 0.718750 0.097656 0.097656
0 0.889160 0.834473 0.110352 0.110352