0 0.218262 0.095215 0.110352 0.110352
0 0.412109 0.090820 0.097656 0.097656
0 0.884277 0.153809 0.110352 0.110352
0 0.876953 0.251465 0.097656 0.098633
0 0.874023 0.381348 0.097656 0.098633
0 0.879883 0.486816 0.109375 0.110352
0 0.787598 0.101074 0.110352 0.110352
0 0.789062 0.209473 0.109375 0.110352
0 0.789062 0.326660 0.097656 0.098633
0 0.789062 0.427246 0.097656 0.098633
0 0.783203 0.541016 0.109375 0.111328
0 0.694336 0.150879 0.109375 0.110352
0 0.690430 0.260254 0.109375 0.110352
0 0.692383 0.369629 0.109375 0.110352
0 0.690918 0.481445 0.110352 0.111328
0 0.603027 0.100098 0.110352 0.110352
0 0.594238 0.196777 0.110352 0.110352
0 0.597656 0.308594 0.097656 0.097656
0 0.599121 0.418945 0.110352 0.111328
0 0.599121 0.537598 0.110352 0.110352
0 0.505371 0.149902 0.110352 0.110352
0 0.507324 0.266602 0.110352 0.111328
0 0.498047 0.375977 0.097656 0.097656
0 0.507812 0.493652 0.109375 0.110352
0 0.409180 0.203125 0.109375 0.111328
0 0.408203 0.322754 0.060547 0.061523
0 0.404297 0.429199 0.109375 0.110352
0 0.406250 0.539551 0.109375 0.110352
0 0.314453 0.147461 0.109375 0.111328
0 0.317383 0.257324 0.109375 0.110352
0 0.309082 0.365723 0.110352 0.110352
0 0.312988 0.485840 0.110352 0.110352
0 0.220215 0.203613 0.110352 0.110352
0 0.216309 0.303223 0.061523 0.061523
0 0.217285 0.424316 0.110352 0.110352
0 0.216797 0.540527 0.109375 0.110352
0 0.126465 0.152832 0.061523 0.061523
0 0.121582 0.261230 0.061523 0.061523
0 0.123047 0.371582 0.109375 0.110352
0 0.122070 0.490723 0.109375 0.110352
0 0.126953 0.590332 0.097656 0.098633
0 0.127930 0.697754 0.097656 0.098633
0 0.125977 0.809570 0.097656 0.097656
0 0.122070 0.918945 0.097656 0.097656
0 0.217285 0.648926 0.110352 0.110352
0 0.214844 0.759277 0.109375 0.110352
0 0.212891 0.866699 0.109375 0.110352
0 0.308105 0.595215 0.110352 0.110352
0 0.311035 0.706543 0.110352 0.110352
0 0.312012 0.809082 0.110352 0.110352
0 0.307617 0.927246 0.097656 0.098633
0 0.400391 0.654785 0.109375 0.110352
0 0.405273 0.764160 0.097656 0.098633
0 0.403809 0.867676 0.110352 0.110352
0 0.506836 0.590332 0.097656 0.098633
0 0.502930 0.698730 0.097656 0.098633
0 0.509766 0.813965 0.109375 0.110352
0 0.511230 0.925293 0.110352 0.110352
0 0.600098 0.647949 0.110352 0.110352
0 0.601562 0.757324 0.109375 0.110352
0 0.599609 0.860840 0.109375 0.110352
0 0.697754 0.588867 0.110352 0.111328
0 0.692871 0.705566 0.110352 0.110352
0 0.694824 0.809082 0.110352 0.110352
0 0.688965 0.921387 0.110352 0.110352
0 0.791016 0.646484 0.109375 0.111328
0 0.788086 0.758301 0.109375 0.110352
0 0.786133 0.866699 0.097656 0.098633
0 0.882324 0.587402 0.110352 0.110352
0 0.880859 0.708984 0.085938 0.085938
0 0.880859 0.815430 0.097656 0.097656
0 0.885742 0.926270 0.097656 0.098633