0 0.422852 0.760254 0.085938 0.086914
0 0.233398 0.075195 0.097656 0.097656
0 0.228516 0.191895 0.097656 0.098633
0 0.329590 0.133789 0.073242 0.074219
0 0.426758 0.086914 0.097656 0.097656
0 0.428711 0.197266 0.097656 0.097656
0 0.513672 0.145020 0.109375 0.110352
0 0.514648 0.252930 0.109375 0.111328
0 0.612793 0.087402 0.110352 0.110352
0 0.614258 0.195801 0.109375 0.110352
0 0.713379 0.140137 0.110352 0.110352
0 0.712402 0.255371 0.110352 0.110352
0 0.807617 0.092285 0.109375 0.110352
0 0.804688 0.195801 0.109375 0.110352
0 0.900391 0.145020 0.097656 0.098633
0 0.906250 0.252441 0.109375 0.110352
0 0.899414 0.362793 0.109375 0.110352
0 0.900879 0.478027 0.110352 0.110352
0 0.905273 0.579590 0.097656 0.098633
0 0.894531 0.688477 0.097656 0.097656
1 0.799316 0.314941 0.110352 0.110352
1 0.703613 0.362793 0.110352 0.110352
0 0.801270 0.413574 0.110352 0.110352
0 0.798340 0.528809 0.110352 0.110352
0 0.801270 0.646484 0.110352 0.111328
0 0.798828 0.753906 0.085938 0.085938
0 0.702637 0.485352 0.073242 0.074219
0 0.706055 0.583984 0.097656 0.097656
0 0.699219 0.702148 0.097656 0.097656
0 0.603516 0.308105 0.109375 0.110352
0 0.606445 0.418945 0.109375 0.111328
0 0.610352 0.519531 0.109375 0.111328
0 0.603516 0.639160 0.097656 0.098633
0 0.604004 0.755859 0.084961 0.085938
0 0.517578 0.356445 0.109375 0.111328
0 0.518066 0.463867 0.084961 0.085938
0 0.514648 0.589355 0.097656 0.098633
0 0.522461 0.698730 0.097656 0.098633
0 0.417480 0.323242 0.110352 0.111328
0 0.420410 0.431641 0.084961 0.085938
0 0.413574 0.550781 0.084961 0.085938
0 0.419922 0.654297 0.085938 0.085938
0 0.328613 0.264648 0.084961 0.085938
0 0.335449 0.378418 0.024414 0.024414
0 0.329102 0.497070 0.037109 0.037109
0 0.331543 0.603027 0.024414 0.024414
0 0.325684 0.716309 0.024414 0.024414
0 0.233887 0.524902 0.024414 0.024414
0 0.233887 0.635254 0.024414 0.024414
0 0.229980 0.750488 0.024414 0.024414
0 0.236328 0.300293 0.097656 0.098633
0 0.234375 0.405762 0.097656 0.098633
0 0.226074 0.859863 0.024414 0.024414
0 0.229004 0.941895 0.024414 0.024414
0 0.326660 0.803223 0.024414 0.024414
0 0.319824 0.910645 0.024414 0.024414
0 0.419922 0.941406 0.037109 0.037109
0 0.416992 0.858887 0.109375 0.110352
0 0.526367 0.802734 0.085938 0.085938
0 0.526855 0.911621 0.073242 0.073242
0 0.607422 0.861816 0.097656 0.098633
0 0.699219 0.808105 0.097656 0.098633
0 0.704102 0.915527 0.097656 0.098633
0 0.807617 0.865234 0.097656 0.097656
0 0.898926 0.803711 0.084961 0.085938
0 0.897461 0.915039 0.097656 0.097656