0 0.952637 0.877930 0.084961 0.085938
0 0.862305 0.718750 0.109375 0.111328
0 0.865234 0.828125 0.097656 0.097656
0 0.853516 0.937500 0.097656 0.097656
0 0.763672 0.875977 0.097656 0.097656
0 0.766602 0.773438 0.097656 0.097656
0 0.765625 0.662598 0.097656 0.098633
0 0.670898 0.719238 0.097656 0.098633
0 0.664062 0.827148 0.109375 0.111328
0 0.668945 0.934082 0.097656 0.098633
0 0.580078 0.870117 0.109375 0.111328
1 0.577637 0.762207 0.110352 0.110352
0 0.581543 0.651367 0.110352 0.111328
0 0.481934 0.713867 0.110352 0.111328
0 0.478027 0.824707 0.110352 0.110352
0 0.481934 0.917969 0.110352 0.111328
0 0.383789 0.873535 0.109375 0.110352
0 0.390137 0.763184 0.110352 0.110352
0 0.387695 0.666504 0.109375 0.110352
0 0.295898 0.703125 0.109375 0.111328
0 0.291992 0.810059 0.097656 0.098633
0 0.291016 0.917969 0.097656 0.097656
0 0.192383 0.869629 0.109375 0.110352
0 0.196289 0.752441 0.097656 0.098633
0 0.201660 0.646973 0.110352 0.110352
0 0.102051 0.706543 0.110352 0.110352
0 0.104492 0.818848 0.109375 0.110352
0 0.106934 0.918945 0.110352 0.111328
0 0.871094 0.382324 0.097656 0.098633
0 0.863770 0.283203 0.110352 0.111328
0 0.866211 0.178223 0.109375 0.110352
0 0.866211 0.069824 0.097656 0.098633
0 0.773438 0.121582 0.109375 0.110352
0 0.770508 0.229980 0.109375 0.110352
0 0.776855 0.341309 0.061523 0.061523
0 0.772949 0.434082 0.084961 0.086914
0 0.683105 0.072266 0.084961 0.085938
0 0.678711 0.173828 0.085938 0.085938
0 0.676270 0.287109 0.084961 0.085938
0 0.683594 0.399902 0.097656 0.098633
0 0.589844 0.125977 0.085938 0.085938
0 0.585938 0.217773 0.085938 0.085938
0 0.585449 0.332031 0.084961 0.085938
0 0.580078 0.442871 0.097656 0.098633
0 0.495605 0.060547 0.110352 0.111328
0 0.486328 0.176270 0.109375 0.110352
0 0.494141 0.285645 0.109375 0.110352
0 0.483398 0.393555 0.109375 0.111328
0 0.390625 0.121582 0.109375 0.110352
0 0.394531 0.221680 0.097656 0.097656
0 0.395508 0.336426 0.097656 0.098633
0 0.390625 0.450195 0.085938 0.085938
0 0.302734 0.067871 0.097656 0.098633
0 0.298828 0.176270 0.097656 0.098633
0 0.304199 0.282715 0.084961 0.086914
0 0.302734 0.389160 0.109375 0.110352
0 0.205078 0.117676 0.097656 0.098633
0 0.202148 0.224121 0.097656 0.098633
0 0.207031 0.343750 0.097656 0.097656
0 0.201660 0.450195 0.084961 0.085938
0 0.107910 0.094727 0.084961 0.085938
0 0.104980 0.180664 0.084961 0.085938
0 0.106445 0.283691 0.109375 0.110352
0 0.112793 0.398438 0.122070 0.123047