0 0.873535 0.856445 0.073242 0.074219
0 0.594238 0.609863 0.073242 0.073242
0 0.122070 0.101562 0.085938 0.085938
0 0.218750 0.153809 0.097656 0.098633
0 0.308105 0.104004 0.110352 0.110352
0 0.406250 0.155273 0.097656 0.097656
0 0.497070 0.099121 0.097656 0.098633
0 0.587402 0.162109 0.084961 0.085938
0 0.685547 0.099609 0.085938 0.085938
0 0.773438 0.160645 0.097656 0.098633
0 0.874023 0.093262 0.097656 0.098633
1 0.779297 0.694824 0.085938 0.086914
0 0.779297 0.583984 0.085938 0.085938
0 0.686035 0.638672 0.073242 0.074219
0 0.689941 0.744141 0.073242 0.074219
0 0.493652 0.645508 0.084961 0.085938
0 0.119141 0.876465 0.097656 0.098633
0 0.126953 0.765625 0.097656 0.097656
0 0.120117 0.657715 0.097656 0.098633
0 0.208984 0.600586 0.097656 0.097656
0 0.214844 0.707520 0.097656 0.098633
0 0.212891 0.814941 0.097656 0.098633
0 0.211914 0.929688 0.097656 0.097656
0 0.306152 0.872559 0.110352 0.110352
0 0.303711 0.758301 0.109375 0.110352
0 0.302246 0.647461 0.110352 0.111328
0 0.400391 0.604492 0.097656 0.097656
0 0.391602 0.707520 0.109375 0.110352
0 0.404297 0.811523 0.109375 0.111328
0 0.396484 0.923340 0.109375 0.110352
0 0.497559 0.874023 0.084961 0.085938
0 0.492188 0.747559 0.109375 0.110352
0 0.590332 0.708008 0.084961 0.085938
0 0.588867 0.807617 0.097656 0.097656
0 0.591797 0.942871 0.097656 0.098633
0 0.680664 0.843262 0.097656 0.098633
0 0.777832 0.900391 0.084961 0.085938
0 0.872559 0.650391 0.084961 0.085938
1 0.877930 0.321289 0.085938 0.085938
0 0.875000 0.187500 0.097656 0.097656
0 0.782227 0.265137 0.109375 0.110352
0 0.781250 0.388184 0.097656 0.098633
0 0.780762 0.482910 0.084961 0.086914
0 0.691895 0.554688 0.084961 0.085938
0 0.686035 0.431152 0.110352 0.110352
0 0.687012 0.321777 0.110352 0.110352
0 0.687500 0.211426 0.097656 0.098633
0 0.587891 0.270020 0.097656 0.098633
0 0.589844 0.380371 0.097656 0.098633
0 0.588867 0.484375 0.085938 0.085938
0 0.491211 0.542480 0.109375 0.110352
0 0.494141 0.437988 0.097656 0.098633
0 0.494141 0.320312 0.085938 0.085938
0 0.493164 0.213867 0.085938 0.085938
0 0.402344 0.260254 0.097656 0.098633
0 0.399414 0.367676 0.097656 0.098633
0 0.405273 0.473633 0.097656 0.097656
0 0.312500 0.525391 0.109375 0.111328
0 0.311035 0.424805 0.110352 0.111328
0 0.305176 0.334473 0.110352 0.110352
0 0.311035 0.208496 0.110352 0.110352
0 0.220703 0.260742 0.097656 0.097656
0 0.220703 0.372070 0.097656 0.097656
0 0.213867 0.482422 0.085938 0.085938
0 0.122070 0.548340 0.097656 0.098633
0 0.118164 0.445312 0.085938 0.085938
0 0.125977 0.324219 0.097656 0.097656
0 0.118164 0.217773 0.097656 0.097656
0 0.877930 0.443848 0.109375 0.110352
0 0.873047 0.534668 0.109375 0.110352