0 0.912598 0.212891 0.073242 0.074219
0 0.710449 0.725586 0.073242 0.074219
0 0.246094 0.942383 0.097656 0.097656
0 0.057129 0.937988 0.110352 0.110352
0 0.912109 0.446289 0.085938 0.085938
0 0.912109 0.544922 0.085938 0.085938
0 0.906250 0.661621 0.097656 0.098633
0 0.905273 0.764648 0.097656 0.097656
0 0.812500 0.152832 0.097656 0.098633
0 0.810059 0.269043 0.110352 0.110352
0 0.711914 0.315918 0.097656 0.098633
0 0.721191 0.207520 0.110352 0.110352
0 0.623047 0.250488 0.109375 0.110352
0 0.535156 0.198242 0.085938 0.085938
0 0.524414 0.302734 0.085938 0.085938
0 0.528320 0.427734 0.085938 0.085938
0 0.521484 0.527344 0.085938 0.085938
0 0.527832 0.659180 0.084961 0.085938
0 0.635254 0.675781 0.084961 0.085938
0 0.631348 0.592773 0.084961 0.085938
0 0.621094 0.476562 0.085938 0.085938
0 0.622559 0.362305 0.084961 0.085938
0 0.716797 0.432617 0.085938 0.085938
0 0.714355 0.554688 0.084961 0.085938
0 0.715332 0.636719 0.084961 0.085938
0 0.813477 0.787109 0.085938 0.085938
0 0.811035 0.679688 0.084961 0.085938
0 0.818848 0.584961 0.084961 0.085938
0 0.811035 0.490234 0.084961 0.085938
0 0.815430 0.379883 0.085938 0.085938
0 0.914551 0.326172 0.084961 0.085938
0 0.809570 0.936035 0.097656 0.098633
0 0.717773 0.915527 0.109375 0.110352
0 0.620605 0.932129 0.110352 0.110352
0 0.526367 0.864258 0.097656 0.097656
0 0.435547 0.148926 0.097656 0.098633
0 0.439453 0.264648 0.085938 0.085938
0 0.437500 0.372559 0.097656 0.098633
0 0.435059 0.481445 0.084961 0.085938
0 0.433594 0.599121 0.097656 0.098633
0 0.434570 0.712402 0.097656 0.098633
0 0.344727 0.213867 0.097656 0.097656
0 0.345703 0.316406 0.097656 0.097656
0 0.346191 0.426758 0.084961 0.085938
0 0.345703 0.544434 0.097656 0.098633
0 0.341797 0.657227 0.085938 0.085938
0 0.338867 0.766602 0.097656 0.097656
0 0.333984 0.865234 0.085938 0.085938
0 0.258301 0.164551 0.110352 0.110352
0 0.251953 0.278809 0.097656 0.098633
0 0.248047 0.388184 0.097656 0.098633
0 0.248047 0.501465 0.097656 0.098633
0 0.250000 0.614258 0.097656 0.097656
0 0.250000 0.711914 0.109375 0.111328
0 0.244629 0.823730 0.110352 0.110352
0 0.153809 0.127930 0.084961 0.085938
0 0.150879 0.234375 0.084961 0.085938
0 0.153809 0.331055 0.084961 0.085938
0 0.150879 0.445312 0.084961 0.085938
0 0.153320 0.559570 0.097656 0.097656
0 0.150879 0.683594 0.084961 0.085938
0 0.155762 0.786133 0.084961 0.085938
0 0.061523 0.831543 0.097656 0.098633
0 0.056152 0.724609 0.110352 0.111328
0 0.062500 0.614258 0.097656 0.097656
0 0.068359 0.498535 0.109375 0.110352
0 0.067383 0.393066 0.097656 0.098633
1 0.062988 0.285156 0.084961 0.085938
0 0.062012 0.172852 0.084961 0.085938
0 0.062500 0.060059 0.097656 0.098633
0 0.255859 0.056152 0.097656 0.098633
0 0.347656 0.098145 0.097656 0.098633
0 0.536621 0.082520 0.110352 0.110352
0 0.726562 0.095703 0.109375 0.111328
0 0.626953 0.142578 0.085938 0.085938
0 0.911133 0.100586 0.085938 0.085938
0 0.159668 0.896973 0.110352 0.110352