0 0.871582 0.924316 0.110352 0.110352
0 0.872070 0.839355 0.097656 0.098633
0 0.875977 0.729004 0.097656 0.098633
0 0.879883 0.618652 0.109375 0.110352
0 0.779297 0.567383 0.109375 0.111328
0 0.778809 0.671387 0.110352 0.110352
0 0.778809 0.787598 0.110352 0.110352
0 0.770996 0.898926 0.110352 0.110352
0 0.684570 0.615723 0.109375 0.110352
0 0.678223 0.729980 0.110352 0.110352
0 0.680664 0.840332 0.097656 0.098633
0 0.678223 0.953613 0.073242 0.073242
0 0.584961 0.657227 0.085938 0.085938
0 0.580078 0.773926 0.097656 0.098633
0 0.579590 0.895020 0.110352 0.110352
0 0.484375 0.612305 0.085938 0.085938
0 0.488281 0.732422 0.097656 0.097656
0 0.481445 0.831055 0.097656 0.097656
0 0.392578 0.662109 0.109375 0.111328
0 0.393555 0.772461 0.109375 0.111328
1 0.393555 0.867676 0.097656 0.098633
0 0.300293 0.942871 0.110352 0.110352
0 0.296875 0.832520 0.109375 0.110352
0 0.300781 0.720215 0.109375 0.110352
0 0.290527 0.624512 0.110352 0.110352
0 0.211914 0.780273 0.097656 0.097656
0 0.214844 0.885254 0.097656 0.098633
0 0.110352 0.936035 0.097656 0.098633
0 0.113281 0.835938 0.109375 0.111328
0 0.106934 0.729004 0.110352 0.110352
0 0.110840 0.608398 0.110352 0.111328
0 0.875000 0.521973 0.109375 0.110352
0 0.874023 0.396973 0.097656 0.098633
0 0.874023 0.287109 0.085938 0.085938
0 0.875000 0.179688 0.097656 0.097656
0 0.783203 0.128418 0.097656 0.098633
0 0.786133 0.235352 0.097656 0.097656
0 0.786133 0.356445 0.097656 0.097656
0 0.788086 0.464355 0.097656 0.098633
0 0.690430 0.065918 0.097656 0.098633
0 0.686523 0.173828 0.085938 0.085938
0 0.693359 0.293945 0.097656 0.097656
0 0.690430 0.412109 0.109375 0.111328
0 0.686523 0.509766 0.097656 0.097656
0 0.587891 0.556641 0.085938 0.085938
0 0.592773 0.456543 0.097656 0.098633
0 0.593750 0.337891 0.097656 0.097656
0 0.594727 0.125977 0.085938 0.085938
0 0.594727 0.228516 0.085938 0.085938
0 0.491699 0.062500 0.084961 0.085938
0 0.490234 0.171387 0.109375 0.110352
0 0.488770 0.278320 0.084961 0.085938
0 0.487305 0.397949 0.097656 0.098633
0 0.492188 0.513184 0.109375 0.110352
0 0.400391 0.561523 0.109375 0.111328
0 0.396973 0.449707 0.110352 0.110352
0 0.396973 0.341309 0.110352 0.110352
0 0.395996 0.226074 0.110352 0.110352
0 0.396973 0.113770 0.110352 0.110352
0 0.293945 0.065918 0.097656 0.098633
0 0.299805 0.175293 0.097656 0.098633
0 0.296387 0.284668 0.110352 0.110352
0 0.302734 0.395996 0.109375 0.110352
0 0.298340 0.508301 0.110352 0.110352
0 0.214844 0.562500 0.097656 0.097656
0 0.210938 0.424805 0.097656 0.097656
0 0.208008 0.325684 0.097656 0.098633
0 0.208008 0.235840 0.097656 0.098633
0 0.213867 0.112793 0.097656 0.098633
0 0.112305 0.501465 0.097656 0.098633
0 0.112793 0.385742 0.084961 0.085938