0 0.290527 0.339844 0.073242 0.074219
0 0.671387 0.678223 0.073242 0.073242
0 0.763184 0.834473 0.061523 0.061523
0 0.944336 0.280273 0.048828 0.048828
0 0.939941 0.491211 0.084961 0.085938
0 0.942383 0.722656 0.109375 0.111328
0 0.944336 0.937012 0.097656 0.098633
0 0.849609 0.341797 0.048828 0.048828
0 0.759766 0.296875 0.048828 0.048828
0 0.754883 0.397461 0.048828 0.048828
0 0.665039 0.350586 0.037109 0.037109
0 0.654785 0.466309 0.036133 0.036133
0 0.482910 0.334961 0.036133 0.037109
1 0.385742 0.502441 0.048828 0.049805
1 0.290039 0.543945 0.048828 0.048828
1 0.285156 0.454102 0.048828 0.048828
1 0.208984 0.397949 0.060547 0.061523
1 0.106934 0.433105 0.036133 0.036133
0 0.489258 0.442383 0.085938 0.085938
1 0.382324 0.392090 0.061523 0.061523
0 0.563965 0.390625 0.024414 0.025391
0 0.852539 0.448242 0.097656 0.097656
0 0.843262 0.560059 0.110352 0.110352
0 0.853516 0.674316 0.109375 0.110352
0 0.855957 0.787598 0.110352 0.110352
0 0.850586 0.890625 0.085938 0.085938
0 0.754395 0.501465 0.110352 0.110352
0 0.759277 0.630371 0.110352 0.110352
0 0.758789 0.729004 0.097656 0.098633
0 0.669922 0.805664 0.097656 0.097656
0 0.671875 0.585938 0.097656 0.097656
0 0.580078 0.518066 0.097656 0.098633
0 0.581055 0.622070 0.097656 0.097656
0 0.574219 0.739258 0.097656 0.097656
0 0.576660 0.841797 0.084961 0.085938
0 0.672363 0.900391 0.084961 0.085938
0 0.483398 0.883301 0.097656 0.098633
0 0.482422 0.781250 0.085938 0.085938
0 0.480469 0.671387 0.097656 0.098633
0 0.481445 0.555664 0.109375 0.111328
0 0.389648 0.619141 0.085938 0.085938
0 0.389648 0.708008 0.097656 0.097656
0 0.388672 0.816895 0.097656 0.098633
0 0.390625 0.926270 0.109375 0.110352
0 0.288574 0.878418 0.110352 0.110352
0 0.292969 0.763672 0.097656 0.097656
0 0.289062 0.658203 0.097656 0.097656
0 0.202637 0.279297 0.084961 0.085938
0 0.104492 0.322266 0.085938 0.085938
0 0.202148 0.607422 0.097656 0.097656
0 0.211426 0.489258 0.084961 0.085938
0 0.197266 0.735352 0.085938 0.085938
1 0.202148 0.836426 0.097656 0.098633
0 0.202148 0.930176 0.097656 0.098633
0 0.102539 0.879395 0.109375 0.110352
0 0.101562 0.771484 0.097656 0.097656
0 0.110352 0.663574 0.109375 0.110352
0 0.110840 0.533203 0.110352 0.111328
0 0.937500 0.388184 0.048828 0.049805