0 0.539551 0.070801 0.073242 0.073242
0 0.243652 0.343750 0.073242 0.074219
0 0.437012 0.120117 0.073242 0.074219
0 0.524902 0.266113 0.073242 0.073242
0 0.343262 0.173340 0.073242 0.073242
0 0.610840 0.348145 0.073242 0.073242
0 0.607910 0.451172 0.073242 0.074219
0 0.041504 0.856445 0.073242 0.074219
0 0.714355 0.659180 0.073242 0.074219
0 0.894043 0.832031 0.084961 0.085938
0 0.899414 0.609863 0.097656 0.098633
0 0.902344 0.509766 0.109375 0.111328
0 0.895996 0.402832 0.110352 0.110352
0 0.899902 0.282227 0.110352 0.111328
0 0.718750 0.281738 0.097656 0.098633
0 0.434570 0.324219 0.085938 0.085938
0 0.422852 0.437500 0.085938 0.085938
0 0.534180 0.379395 0.085938 0.086914
0 0.532715 0.491211 0.084961 0.085938
0 0.602539 0.541992 0.085938 0.085938
0 0.525879 0.635742 0.084961 0.085938
0 0.612793 0.691406 0.084961 0.085938
0 0.717285 0.736328 0.084961 0.085938
0 0.523438 0.941406 0.097656 0.097656
0 0.527344 0.847656 0.097656 0.097656
0 0.716797 0.837402 0.097656 0.098633
0 0.611328 0.896973 0.097656 0.098633
0 0.527344 0.747070 0.085938 0.085938
0 0.608887 0.784180 0.084961 0.085938
0 0.429199 0.570801 0.110352 0.110352
0 0.426758 0.661621 0.109375 0.110352
0 0.422363 0.789062 0.110352 0.111328
0 0.426270 0.884277 0.110352 0.110352
0 0.335938 0.842285 0.109375 0.110352
0 0.332031 0.732910 0.109375 0.110352
0 0.243164 0.577148 0.085938 0.085938
0 0.243164 0.675781 0.085938 0.085938
0 0.237305 0.792480 0.097656 0.098633
0 0.236328 0.895508 0.097656 0.097656
0 0.143555 0.283691 0.097656 0.098633
0 0.141113 0.399902 0.110352 0.110352
0 0.047852 0.563477 0.085938 0.085938
0 0.045410 0.685547 0.084961 0.085938
0 0.046387 0.767578 0.084961 0.085938
0 0.144531 0.917969 0.085938 0.085938
0 0.142090 0.810547 0.084961 0.085938
0 0.149902 0.715820 0.084961 0.085938
0 0.142090 0.621094 0.084961 0.085938
0 0.146484 0.510742 0.085938 0.085938
0 0.332520 0.385742 0.084961 0.085938
0 0.331055 0.511719 0.085938 0.085938
0 0.329590 0.622070 0.084961 0.085938
0 0.245605 0.457031 0.084961 0.085938
0 0.539551 0.164551 0.073242 0.073242
0 0.435059 0.229492 0.073242 0.074219
0 0.057617 0.226562 0.109375 0.111328
0 0.053711 0.101562 0.085938 0.085938
0 0.141602 0.059082 0.109375 0.110352
0 0.142578 0.170410 0.109375 0.110352
0 0.242188 0.231445 0.085938 0.085938
0 0.249023 0.116211 0.085938 0.085938
0 0.338867 0.057617 0.097656 0.097656
0 0.719238 0.056641 0.084961 0.085938
0 0.721680 0.172363 0.085938 0.086914
0 0.901367 0.175293 0.097656 0.098633
0 0.901855 0.059570 0.084961 0.085938
0 0.618164 0.235352 0.085938 0.085938