0 0.488281 0.723145 0.109375 0.110352
0 0.668457 0.823242 0.073242 0.074219
0 0.202148 0.110352 0.109375 0.111328
0 0.295898 0.162109 0.097656 0.097656
0 0.096680 0.156738 0.109375 0.110352
0 0.965332 0.424316 0.024414 0.024414
0 0.965332 0.534668 0.024414 0.024414
0 0.961426 0.649902 0.024414 0.024414
0 0.957520 0.759277 0.024414 0.024414
0 0.960449 0.841309 0.024414 0.024414
0 0.674805 0.390137 0.097656 0.098633
0 0.678711 0.493652 0.109375 0.110352
0 0.669922 0.604492 0.097656 0.097656
0 0.674805 0.715820 0.097656 0.097656
1 0.577148 0.445312 0.085938 0.085938
0 0.578125 0.558594 0.097656 0.097656
0 0.573730 0.663574 0.110352 0.110352
0 0.574219 0.772949 0.097656 0.098633
0 0.488770 0.381836 0.110352 0.111328
0 0.486816 0.495117 0.110352 0.111328
0 0.486328 0.607422 0.097656 0.097656
0 0.490723 0.828613 0.073242 0.073242
0 0.389160 0.333984 0.110352 0.111328
0 0.388672 0.437500 0.109375 0.111328
0 0.385742 0.559082 0.109375 0.110352
0 0.387695 0.666504 0.097656 0.098633
0 0.391602 0.770996 0.097656 0.098633
0 0.291016 0.385254 0.109375 0.110352
0 0.295898 0.493652 0.097656 0.098633
0 0.296875 0.604004 0.097656 0.098633
0 0.296875 0.710449 0.097656 0.098633
0 0.299316 0.822754 0.073242 0.073242
0 0.293945 0.274414 0.109375 0.111328
0 0.197266 0.331543 0.109375 0.110352
0 0.193848 0.435547 0.084961 0.085938
0 0.198242 0.537598 0.097656 0.098633
0 0.200195 0.660645 0.097656 0.098633
0 0.200195 0.770020 0.097656 0.098633
0 0.101074 0.273926 0.110352 0.110352
0 0.100098 0.376465 0.110352 0.110352
0 0.108398 0.488770 0.097656 0.098633
0 0.102539 0.594238 0.097656 0.098633
0 0.103516 0.713379 0.097656 0.098633
0 0.107910 0.815430 0.073242 0.074219
0 0.199219 0.219238 0.109375 0.110352