0 0.727051 0.324219 0.073242 0.074219
0 0.814941 0.264648 0.073242 0.074219
0 0.538574 0.828613 0.073242 0.073242
0 0.916992 0.101074 0.097656 0.098633
0 0.913574 0.208008 0.084961 0.085938
0 0.915527 0.317383 0.084961 0.085938
0 0.921875 0.431641 0.097656 0.097656
0 0.820801 0.158203 0.084961 0.085938
0 0.821777 0.371094 0.073242 0.074219
0 0.817383 0.475098 0.060547 0.061523
0 0.726562 0.096680 0.097656 0.097656
0 0.733398 0.208008 0.085938 0.085938
0 0.144531 0.111816 0.097656 0.098633
0 0.266602 0.150879 0.097656 0.098633
0 0.256348 0.263184 0.110352 0.110352
0 0.342773 0.093750 0.085938 0.085938
0 0.344727 0.208008 0.085938 0.085938
0 0.441406 0.166016 0.097656 0.097656
0 0.543457 0.099609 0.084961 0.085938
0 0.534668 0.203125 0.084961 0.085938
0 0.638672 0.149414 0.085938 0.085938
0 0.638672 0.250000 0.097656 0.097656
1 0.728027 0.411133 0.073242 0.074219
0 0.634766 0.365234 0.097656 0.097656
0 0.628418 0.458984 0.073242 0.074219
0 0.540527 0.319336 0.084961 0.085938
0 0.540527 0.418457 0.073242 0.073242
0 0.438477 0.381348 0.097656 0.098633
0 0.444336 0.267578 0.085938 0.085938
0 0.347656 0.317383 0.085938 0.085938
0 0.344727 0.416504 0.085938 0.086914
0 0.255859 0.367676 0.097656 0.098633
0 0.143555 0.325684 0.097656 0.098633
0 0.053711 0.283691 0.097656 0.098633
0 0.052734 0.389648 0.085938 0.085938
0 0.059082 0.660156 0.084961 0.085938
0 0.061035 0.771484 0.084961 0.085938
0 0.060059 0.885742 0.110352 0.111328
0 0.158691 0.811523 0.073242 0.074219
0 0.155273 0.944336 0.097656 0.097656
0 0.253418 0.665527 0.073242 0.073242
0 0.253418 0.755371 0.073242 0.073242
0 0.253906 0.875000 0.085938 0.085938
0 0.335449 0.624512 0.073242 0.073242
0 0.339355 0.700684 0.073242 0.073242
0 0.338867 0.811035 0.060547 0.061523
0 0.346680 0.916992 0.085938 0.085938
0 0.435059 0.639160 0.073242 0.073242
0 0.437988 0.766113 0.073242 0.073242
0 0.443848 0.893066 0.073242 0.073242
0 0.532715 0.708984 0.122070 0.123047
0 0.538574 0.939453 0.084961 0.085938
0 0.634766 0.661621 0.097656 0.098633
0 0.637207 0.768555 0.122070 0.123047
0 0.639648 0.881348 0.109375 0.110352
0 0.730957 0.633789 0.084961 0.085938
0 0.731445 0.716797 0.097656 0.097656
0 0.729980 0.836914 0.122070 0.123047
0 0.736328 0.933105 0.109375 0.110352
0 0.822754 0.659180 0.084961 0.085938
0 0.824707 0.771484 0.122070 0.123047
0 0.916992 0.722656 0.097656 0.097656
0 0.925293 0.829102 0.122070 0.123047
0 0.925293 0.938477 0.110352 0.111328