0 0.068359 0.074707 0.109375 0.110352
0 0.259277 0.074707 0.110352 0.110352
0 0.923828 0.123535 0.097656 0.098633
0 0.926758 0.236328 0.097656 0.097656
0 0.923340 0.355469 0.084961 0.085938
0 0.921875 0.458008 0.097656 0.097656
0 0.833984 0.068359 0.097656 0.097656
0 0.831055 0.188477 0.085938 0.085938
0 0.833496 0.296875 0.073242 0.074219
0 0.831543 0.405273 0.073242 0.074219
0 0.823730 0.517090 0.073242 0.073242
0 0.735352 0.128906 0.097656 0.097656
0 0.739258 0.242188 0.097656 0.097656
0 0.739746 0.347656 0.084961 0.085938
0 0.741211 0.456543 0.097656 0.098633
0 0.641602 0.071289 0.097656 0.097656
0 0.641602 0.182129 0.097656 0.098633
0 0.644043 0.292969 0.084961 0.085938
0 0.642578 0.404785 0.097656 0.098633
0 0.642578 0.519043 0.097656 0.098633
0 0.548340 0.130371 0.110352 0.110352
0 0.550293 0.237793 0.110352 0.110352
0 0.546875 0.348633 0.085938 0.085938
0 0.548828 0.457520 0.097656 0.098633
0 0.450195 0.071777 0.097656 0.098633
0 0.447266 0.181152 0.097656 0.098633
0 0.456055 0.294434 0.097656 0.098633
0 0.457031 0.401855 0.097656 0.098633
0 0.454102 0.513184 0.097656 0.098633
0 0.351562 0.133301 0.109375 0.110352
0 0.350586 0.245605 0.109375 0.110352
0 0.354004 0.348145 0.110352 0.110352
0 0.350098 0.455566 0.110352 0.110352
0 0.261230 0.186035 0.110352 0.110352
0 0.252441 0.296387 0.110352 0.110352
0 0.258301 0.410645 0.110352 0.110352
0 0.257812 0.519531 0.109375 0.111328
0 0.168945 0.128418 0.097656 0.098633
0 0.171875 0.236328 0.085938 0.085938
0 0.161133 0.349609 0.097656 0.097656
0 0.165039 0.465820 0.097656 0.097656
0 0.067383 0.187012 0.109375 0.110352
0 0.069336 0.291016 0.109375 0.111328
0 0.071289 0.405273 0.109375 0.111328
0 0.065918 0.504883 0.110352 0.111328
0 0.068848 0.622559 0.073242 0.073242
0 0.071777 0.734375 0.084961 0.085938
0 0.070801 0.951172 0.073242 0.074219
0 0.157227 0.568848 0.097656 0.098633
0 0.163086 0.678223 0.097656 0.098633
0 0.158203 0.793457 0.097656 0.098633
0 0.167969 0.904297 0.097656 0.097656
0 0.260254 0.623535 0.110352 0.110352
0 0.261230 0.737793 0.110352 0.110352
0 0.255859 0.844238 0.109375 0.110352
0 0.354980 0.572754 0.110352 0.110352
0 0.352051 0.684082 0.110352 0.110352
0 0.346191 0.792480 0.110352 0.110352
0 0.354004 0.904785 0.110352 0.110352
0 0.456055 0.625488 0.109375 0.110352
0 0.456055 0.733887 0.097656 0.098633
0 0.451660 0.846191 0.110352 0.110352
0 0.548828 0.565918 0.109375 0.110352
0 0.555664 0.689941 0.109375 0.110352
0 0.548828 0.793457 0.109375 0.110352
0 0.548828 0.909668 0.109375 0.110352
0 0.643555 0.620117 0.097656 0.097656
0 0.640137 0.735840 0.110352 0.110352
0 0.646484 0.851074 0.109375 0.110352
0 0.736816 0.571289 0.073242 0.074219
0 0.739258 0.678711 0.097656 0.097656
0 0.735840 0.786621 0.110352 0.110352
0 0.738770 0.903809 0.110352 0.110352
0 0.828613 0.623047 0.073242 0.074219
0 0.825195 0.735352 0.097656 0.097656
0 0.830566 0.846680 0.084961 0.085938
0 0.926758 0.565918 0.097656 0.098633
0 0.922852 0.679688 0.085938 0.085938
0 0.920898 0.782227 0.097656 0.097656
0 0.921875 0.896484 0.085938 0.085938