0 0.312012 0.245117 0.073242 0.074219
0 0.692871 0.583496 0.073242 0.073242
0 0.784668 0.739746 0.061523 0.061523
0 0.965820 0.185547 0.048828 0.048828
0 0.871094 0.247070 0.048828 0.048828
0 0.781250 0.202148 0.048828 0.048828
0 0.776367 0.302734 0.048828 0.048828
0 0.686523 0.255859 0.037109 0.037109
0 0.676270 0.371582 0.036133 0.036133
0 0.504395 0.240234 0.036133 0.037109
1 0.407227 0.407715 0.048828 0.049805
1 0.311523 0.449219 0.048828 0.048828
1 0.306641 0.359375 0.048828 0.048828
1 0.230469 0.303223 0.060547 0.061523
1 0.128418 0.338379 0.036133 0.036133
0 0.510742 0.347656 0.085938 0.085938
1 0.403809 0.297363 0.061523 0.061523
0 0.585449 0.295898 0.024414 0.025391
0 0.874023 0.353516 0.097656 0.097656
0 0.864746 0.465332 0.110352 0.110352
0 0.875000 0.579590 0.109375 0.110352
0 0.877441 0.692871 0.110352 0.110352
0 0.872070 0.795898 0.085938 0.085938
0 0.875977 0.911621 0.097656 0.098633
0 0.791016 0.885254 0.097656 0.098633
0 0.775879 0.406738 0.110352 0.110352
0 0.780762 0.535645 0.110352 0.110352
0 0.780273 0.634277 0.097656 0.098633
0 0.691406 0.710938 0.097656 0.097656
0 0.693359 0.491211 0.097656 0.097656
0 0.601562 0.423340 0.097656 0.098633
0 0.602539 0.527344 0.097656 0.097656
0 0.595703 0.644531 0.097656 0.097656
0 0.598145 0.747070 0.084961 0.085938
0 0.599609 0.857910 0.109375 0.110352
0 0.693359 0.921875 0.097656 0.097656
0 0.693848 0.805664 0.084961 0.085938
0 0.506836 0.907227 0.097656 0.097656
0 0.504883 0.788574 0.097656 0.098633
0 0.503906 0.686523 0.085938 0.085938
0 0.501953 0.576660 0.097656 0.098633
0 0.502930 0.460938 0.109375 0.111328
0 0.411133 0.524414 0.085938 0.085938
0 0.411133 0.613281 0.097656 0.097656
0 0.410156 0.722168 0.097656 0.098633
0 0.412109 0.831543 0.109375 0.110352
0 0.310059 0.894043 0.110352 0.110352
0 0.310059 0.783691 0.110352 0.110352
0 0.314453 0.668945 0.097656 0.097656
0 0.310547 0.563477 0.097656 0.097656
0 0.224121 0.184570 0.084961 0.085938
0 0.125977 0.227539 0.085938 0.085938
0 0.223633 0.512695 0.097656 0.097656
0 0.232910 0.394531 0.084961 0.085938
0 0.218750 0.640625 0.085938 0.085938
1 0.223633 0.741699 0.097656 0.098633
0 0.223633 0.835449 0.097656 0.098633
0 0.117676 0.894043 0.110352 0.110352
0 0.124023 0.784668 0.109375 0.110352
0 0.123047 0.676758 0.097656 0.097656
0 0.131836 0.568848 0.109375 0.110352
0 0.132324 0.438477 0.110352 0.111328
0 0.958984 0.293457 0.048828 0.049805