0 0.409668 0.715820 0.073242 0.074219
0 0.317871 0.796387 0.073242 0.073242
0 0.129395 0.876953 0.084961 0.085938
0 0.124512 0.772461 0.084961 0.085938
0 0.124512 0.654297 0.084961 0.085938
0 0.312988 0.682129 0.061523 0.061523
0 0.144531 0.121094 0.109375 0.111328
0 0.135254 0.231445 0.084961 0.085938
0 0.127441 0.335449 0.110352 0.110352
0 0.136230 0.443359 0.084961 0.085938
0 0.136719 0.520508 0.097656 0.097656
0 0.221680 0.089355 0.097656 0.098633
0 0.224609 0.192871 0.097656 0.098633
0 0.225586 0.284180 0.085938 0.085938
0 0.233398 0.402344 0.085938 0.085938
0 0.233398 0.498535 0.097656 0.098633
0 0.225586 0.617188 0.085938 0.085938
0 0.220215 0.720703 0.084961 0.085938
0 0.222656 0.850586 0.085938 0.085938
0 0.323242 0.125488 0.097656 0.098633
0 0.331543 0.238281 0.084961 0.085938
0 0.327637 0.339844 0.110352 0.111328
0 0.326172 0.446777 0.109375 0.110352
0 0.325195 0.546387 0.109375 0.110352
0 0.425781 0.607910 0.109375 0.110352
0 0.431152 0.501465 0.110352 0.110352
0 0.429688 0.398438 0.109375 0.111328
0 0.428711 0.280273 0.097656 0.097656
0 0.427734 0.169434 0.097656 0.098633
0 0.518066 0.113281 0.084961 0.085938
0 0.516602 0.223145 0.109375 0.110352
0 0.517578 0.328613 0.097656 0.098633
0 0.516602 0.442871 0.109375 0.110352
0 0.510742 0.557129 0.097656 0.098633
0 0.514648 0.658691 0.109375 0.110352
0 0.513672 0.893066 0.097656 0.098633
0 0.694336 0.660156 0.085938 0.085938
0 0.605957 0.170898 0.084961 0.085938
0 0.608398 0.277344 0.085938 0.085938
0 0.610840 0.392578 0.084961 0.085938
0 0.606934 0.514648 0.084961 0.085938
0 0.606445 0.622559 0.097656 0.098633
0 0.608887 0.713867 0.084961 0.085938
0 0.704102 0.113770 0.097656 0.098633
0 0.700195 0.226074 0.109375 0.110352
0 0.697266 0.329590 0.097656 0.098633
0 0.698730 0.437988 0.110352 0.110352
0 0.699707 0.558594 0.084961 0.085938
0 0.798340 0.180176 0.110352 0.110352
0 0.800781 0.281738 0.109375 0.110352
0 0.793945 0.385742 0.097656 0.097656
0 0.789062 0.497559 0.109375 0.110352
0 0.795410 0.613770 0.110352 0.110352
0 0.892578 0.117676 0.109375 0.110352
0 0.894043 0.227051 0.110352 0.110352
0 0.890137 0.330078 0.110352 0.111328
0 0.882324 0.438965 0.110352 0.110352
0 0.885742 0.559082 0.109375 0.110352
0 0.886719 0.886719 0.097656 0.097656
0 0.882812 0.773926 0.097656 0.098633
0 0.792969 0.837402 0.097656 0.098633
0 0.695312 0.885254 0.097656 0.098633
0 0.797852 0.944824 0.097656 0.098633
0 0.606445 0.940430 0.085938 0.085938