0 0.138184 0.116211 0.073242 0.074219
0 0.046387 0.196777 0.073242 0.073242
0 0.238770 0.403320 0.073242 0.074219
0 0.807129 0.061035 0.073242 0.073242
0 0.895020 0.128906 0.073242 0.074219
0 0.041504 0.082520 0.061523 0.061523
0 0.243164 0.059082 0.109375 0.110352
0 0.242188 0.293457 0.097656 0.098633
0 0.422852 0.060547 0.085938 0.085938
0 0.337402 0.114258 0.084961 0.085938
0 0.805176 0.179688 0.084961 0.085938
0 0.713867 0.122070 0.097656 0.097656
0 0.710938 0.233887 0.097656 0.098633
0 0.615234 0.287109 0.097656 0.097656
0 0.611328 0.174316 0.097656 0.098633
0 0.521484 0.237793 0.097656 0.098633
0 0.423828 0.285645 0.097656 0.098633
0 0.896484 0.787598 0.109375 0.110352
0 0.890137 0.903320 0.110352 0.111328
0 0.804688 0.839355 0.109375 0.110352
0 0.702637 0.788574 0.110352 0.110352
0 0.708008 0.897949 0.109375 0.110352
0 0.514160 0.789551 0.110352 0.110352
0 0.613281 0.835449 0.109375 0.110352
0 0.512695 0.898926 0.097656 0.098633
0 0.422363 0.940918 0.110352 0.110352
0 0.423340 0.843262 0.110352 0.110352
0 0.325195 0.798828 0.085938 0.085938
0 0.329102 0.908203 0.085938 0.085938
0 0.237305 0.940430 0.109375 0.111328
0 0.242188 0.859863 0.097656 0.098633
0 0.152344 0.799805 0.085938 0.085938
0 0.136719 0.906738 0.097656 0.098633
0 0.896484 0.676270 0.097656 0.098633
0 0.895020 0.571777 0.110352 0.110352
0 0.895508 0.452637 0.097656 0.098633
0 0.895996 0.342773 0.110352 0.111328
0 0.897461 0.239258 0.097656 0.097656
0 0.806641 0.292969 0.097656 0.097656
0 0.796875 0.384277 0.097656 0.098633
0 0.800781 0.514160 0.097656 0.098633
0 0.802734 0.619629 0.109375 0.110352
0 0.795898 0.736816 0.097656 0.098633
0 0.707031 0.692871 0.097656 0.098633
0 0.708984 0.565918 0.109375 0.110352
0 0.703125 0.458496 0.109375 0.110352
0 0.709961 0.341309 0.109375 0.110352
0 0.616211 0.518066 0.097656 0.098633
0 0.612793 0.614746 0.110352 0.110352
0 0.609375 0.727051 0.097656 0.098633
0 0.523438 0.676270 0.109375 0.110352
0 0.523438 0.564941 0.097656 0.098633
0 0.520020 0.448242 0.084961 0.085938
0 0.526367 0.345215 0.097656 0.098633
0 0.424805 0.403809 0.097656 0.098633
0 0.419922 0.617188 0.097656 0.097656
0 0.422852 0.721680 0.085938 0.085938
0 0.331543 0.676758 0.084961 0.085938
0 0.328613 0.556641 0.084961 0.085938
0 0.334961 0.340820 0.085938 0.085938
0 0.238281 0.508789 0.097656 0.097656
0 0.238281 0.619141 0.097656 0.097656
0 0.237305 0.731445 0.097656 0.097656
0 0.144531 0.678223 0.097656 0.098633
0 0.148438 0.565430 0.097656 0.097656
0 0.143066 0.458984 0.084961 0.085938
0 0.145996 0.350586 0.110352 0.111328
0 0.054688 0.399414 0.097656 0.097656