0 0.724121 0.159668 0.073242 0.073242
0 0.813965 0.305664 0.073242 0.074219
0 0.814941 0.200684 0.073242 0.073242
0 0.910645 0.243652 0.073242 0.073242
0 0.630371 0.222656 0.084961 0.085938
0 0.726074 0.254883 0.073242 0.074219
0 0.449707 0.777832 0.073242 0.073242
0 0.730957 0.371094 0.073242 0.074219
0 0.448730 0.676270 0.073242 0.073242
0 0.914062 0.348633 0.085938 0.085938
0 0.817871 0.425781 0.073242 0.074219
0 0.057617 0.030273 0.048828 0.048828
0 0.054688 0.115723 0.097656 0.098633
0 0.057129 0.453613 0.110352 0.110352
0 0.143066 0.062988 0.073242 0.073242
0 0.147461 0.175293 0.109375 0.110352
0 0.148438 0.284668 0.109375 0.110352
0 0.148438 0.392578 0.085938 0.085938
0 0.153809 0.506348 0.110352 0.110352
0 0.253418 0.115234 0.122070 0.123047
0 0.241699 0.223633 0.122070 0.123047
0 0.249023 0.344238 0.097656 0.098633
0 0.250000 0.442871 0.097656 0.098633
0 0.246582 0.562500 0.122070 0.123047
0 0.347168 0.060547 0.073242 0.074219
0 0.352539 0.172852 0.097656 0.097656
0 0.358887 0.286133 0.122070 0.123047
0 0.354492 0.398926 0.097656 0.098633
0 0.342773 0.501465 0.097656 0.098633
0 0.447754 0.116211 0.122070 0.123047
0 0.443848 0.236328 0.122070 0.123047
0 0.445801 0.344727 0.084961 0.085938
0 0.443359 0.465332 0.097656 0.098633
0 0.538086 0.067383 0.097656 0.097656
0 0.541992 0.180664 0.097656 0.097656
0 0.541992 0.285156 0.097656 0.097656
0 0.543945 0.399414 0.097656 0.097656
0 0.543457 0.505859 0.122070 0.123047
0 0.441895 0.575684 0.073242 0.073242
0 0.543457 0.616211 0.122070 0.123047
0 0.628418 0.119141 0.073242 0.074219
0 0.635742 0.340820 0.085938 0.085938
0 0.632812 0.454102 0.097656 0.097656
0 0.633301 0.564453 0.122070 0.123047
0 0.722656 0.062012 0.060547 0.061523
0 0.724609 0.503906 0.097656 0.097656
0 0.810547 0.094238 0.060547 0.061523
0 0.824707 0.564453 0.084961 0.085938
0 0.898926 0.046387 0.061523 0.061523
0 0.899902 0.133301 0.061523 0.061523
0 0.917969 0.485352 0.085938 0.085938
0 0.917480 0.601562 0.084961 0.085938
0 0.919434 0.697266 0.084961 0.085938
0 0.913086 0.835938 0.097656 0.097656
0 0.919922 0.950195 0.085938 0.085938
0 0.825195 0.675781 0.097656 0.097656
0 0.819336 0.788086 0.097656 0.097656
0 0.823242 0.894531 0.097656 0.097656
0 0.731445 0.619141 0.085938 0.085938
0 0.725586 0.727539 0.109375 0.111328
0 0.725586 0.831055 0.085938 0.085938
0 0.724609 0.938965 0.097656 0.098633
0 0.634766 0.667969 0.097656 0.097656
0 0.629883 0.779785 0.097656 0.098633
0 0.626465 0.894043 0.073242 0.073242
0 0.539551 0.724121 0.110352 0.110352
0 0.538086 0.836426 0.097656 0.098633
0 0.534180 0.949707 0.097656 0.098633
0 0.441406 0.894043 0.097656 0.098633
0 0.338867 0.615723 0.097656 0.098633
0 0.340820 0.725098 0.097656 0.098633
0 0.348633 0.834473 0.097656 0.098633
0 0.343750 0.937012 0.097656 0.098633
0 0.243652 0.677246 0.110352 0.110352
0 0.246094 0.780762 0.097656 0.098633
0 0.244629 0.892090 0.096680 0.098633
0 0.142090 0.611816 0.110352 0.110352
0 0.150391 0.723145 0.097656 0.098633
0 0.148438 0.831543 0.097656 0.098633
0 0.143555 0.944336 0.097656 0.097656
0 0.053711 0.668457 0.097656 0.098633
0 0.055664 0.774414 0.097656 0.097656
0 0.054688 0.882812 0.097656 0.097656