0 0.154297 0.226562 0.085938 0.085938
0 0.348145 0.230957 0.073242 0.073242
0 0.341309 0.448242 0.084961 0.085938
0 0.346191 0.564941 0.073242 0.073242
0 0.436035 0.390137 0.073242 0.073242
0 0.441895 0.616211 0.084961 0.085938
0 0.435059 0.504395 0.061523 0.061523
0 0.438477 0.732422 0.085938 0.085938
0 0.442871 0.284668 0.073242 0.073242
0 0.059082 0.066895 0.073242 0.073242
1 0.061035 0.178223 0.073242 0.073242
0 0.153320 0.122559 0.085938 0.086914
0 0.248535 0.066406 0.084961 0.085938
0 0.249512 0.173828 0.084961 0.085938
0 0.344238 0.122559 0.061523 0.061523
0 0.252930 0.285645 0.085938 0.086914
0 0.065430 0.279785 0.097656 0.098633
0 0.437500 0.065430 0.085938 0.085938
0 0.438477 0.173828 0.085938 0.085938
0 0.340332 0.339355 0.073242 0.073242
0 0.343750 0.670898 0.085938 0.085938
0 0.344727 0.782227 0.097656 0.097656
0 0.248047 0.396484 0.085938 0.085938
0 0.244141 0.508301 0.097656 0.098633
0 0.247070 0.616211 0.085938 0.085938
0 0.247070 0.722656 0.097656 0.097656
0 0.151367 0.343262 0.097656 0.098633
0 0.151367 0.450684 0.097656 0.098633
0 0.153809 0.565430 0.084961 0.085938
0 0.156738 0.673828 0.084961 0.085938
0 0.155273 0.778320 0.097656 0.097656
0 0.059570 0.392090 0.097656 0.098633
0 0.062500 0.504883 0.097656 0.097656
0 0.059082 0.624023 0.084961 0.085938
0 0.057617 0.726562 0.097656 0.097656
0 0.062500 0.834473 0.097656 0.098633
0 0.058594 0.948242 0.085938 0.085938
0 0.155273 0.886230 0.097656 0.098633
0 0.249023 0.837402 0.085938 0.086914
0 0.249023 0.944824 0.097656 0.098633
0 0.348633 0.891113 0.097656 0.098633
0 0.437988 0.831055 0.084961 0.085938
0 0.437988 0.943359 0.084961 0.085938