0 0.067871 0.528320 0.073242 0.074219
0 0.905273 0.680176 0.109375 0.110352
0 0.817383 0.627930 0.085938 0.085938
0 0.806641 0.732422 0.085938 0.085938
0 0.810547 0.857422 0.085938 0.085938
0 0.903320 0.906250 0.085938 0.085938
0 0.904785 0.791992 0.084961 0.085938
0 0.717773 0.578613 0.097656 0.098633
0 0.721680 0.694336 0.085938 0.085938
0 0.719727 0.802246 0.097656 0.098633
0 0.717285 0.911133 0.084961 0.085938
0 0.626953 0.643555 0.097656 0.097656
0 0.627930 0.746094 0.097656 0.097656
0 0.628418 0.856445 0.084961 0.085938
0 0.540527 0.594238 0.110352 0.110352
0 0.534180 0.708496 0.097656 0.098633
0 0.530273 0.817871 0.097656 0.098633
0 0.530273 0.931152 0.097656 0.098633
0 0.436035 0.557617 0.084961 0.085938
0 0.433105 0.664062 0.084961 0.085938
0 0.436035 0.760742 0.084961 0.085938
0 0.433105 0.875000 0.084961 0.085938
0 0.350586 0.928223 0.109375 0.110352
0 0.349609 0.822754 0.097656 0.098633
1 0.345215 0.714844 0.084961 0.085938
0 0.344238 0.602539 0.084961 0.085938
0 0.250000 0.543945 0.085938 0.085938
0 0.250977 0.657227 0.085938 0.085938
0 0.246094 0.766602 0.097656 0.097656
0 0.255859 0.883789 0.109375 0.111328
0 0.151367 0.926270 0.109375 0.110352
0 0.155273 0.815918 0.109375 0.110352
0 0.159180 0.711914 0.109375 0.111328
0 0.165039 0.589355 0.097656 0.098633
0 0.070312 0.641602 0.085938 0.085938
0 0.066406 0.866699 0.097656 0.098633
0 0.062500 0.749512 0.085938 0.086914
0 0.068359 0.100586 0.085938 0.085938
0 0.063965 0.214844 0.084961 0.085938
0 0.062988 0.321289 0.084961 0.085938
0 0.060059 0.426758 0.084961 0.085938
0 0.157227 0.049805 0.085938 0.085938
0 0.153320 0.159180 0.085938 0.085938
0 0.150391 0.274902 0.097656 0.098633
0 0.165039 0.396973 0.097656 0.098633
0 0.159668 0.493164 0.110352 0.111328
0 0.252930 0.115723 0.097656 0.098633
0 0.249023 0.222656 0.085938 0.085938
0 0.247559 0.327148 0.084961 0.085938
0 0.253906 0.433594 0.097656 0.097656
0 0.344727 0.489746 0.097656 0.098633
0 0.343262 0.383789 0.084961 0.085938
0 0.348633 0.265625 0.085938 0.085938
0 0.342285 0.161621 0.084961 0.086914
0 0.345703 0.051270 0.097656 0.098633
0 0.443359 0.094238 0.097656 0.098633
0 0.441406 0.216797 0.085938 0.085938
0 0.442383 0.326660 0.097656 0.098633
0 0.440430 0.428223 0.097656 0.098633
0 0.531250 0.151367 0.097656 0.097656
0 0.541016 0.267090 0.097656 0.098633
0 0.534180 0.379395 0.097656 0.098633
0 0.538086 0.485840 0.097656 0.098633
0 0.629883 0.527832 0.097656 0.098633
0 0.636719 0.416992 0.097656 0.097656
0 0.628906 0.309082 0.097656 0.098633
0 0.631836 0.198242 0.097656 0.097656
0 0.630859 0.085449 0.097656 0.098633
0 0.723633 0.138672 0.097656 0.097656
0 0.719727 0.254395 0.097656 0.098633
0 0.723145 0.359375 0.084961 0.085938
0 0.722656 0.461426 0.097656 0.098633
0 0.818848 0.512207 0.110352 0.110352
0 0.817383 0.403809 0.109375 0.110352
0 0.812500 0.296387 0.109375 0.110352
0 0.818848 0.194824 0.110352 0.110352
0 0.817871 0.081543 0.110352 0.110352
0 0.908203 0.132324 0.109375 0.110352
0 0.910645 0.237305 0.084961 0.085938
0 0.913086 0.327148 0.085938 0.085938
0 0.908203 0.460449 0.097656 0.098633
0 0.909180 0.572266 0.085938 0.085938