0 0.723633 0.219238 0.109375 0.110352
0 0.253418 0.540527 0.073242 0.073242
0 0.158691 0.498047 0.073242 0.074219
0 0.903809 0.319336 0.073242 0.074219
0 0.905273 0.100586 0.097656 0.097656
0 0.910156 0.211914 0.097656 0.097656
0 0.813477 0.054688 0.097656 0.097656
0 0.809082 0.159668 0.110352 0.110352
0 0.809570 0.269043 0.097656 0.098633
0 0.721680 0.103516 0.097656 0.097656
0 0.726074 0.324707 0.073242 0.073242
0 0.623047 0.162598 0.097656 0.098633
0 0.626953 0.267090 0.097656 0.098633
0 0.532227 0.100098 0.097656 0.098633
0 0.532227 0.206543 0.097656 0.098633
0 0.534668 0.318848 0.073242 0.073242
0 0.435547 0.156738 0.097656 0.098633
0 0.435547 0.266113 0.097656 0.098633
0 0.337891 0.090332 0.097656 0.098633
0 0.338867 0.209473 0.097656 0.098633
0 0.343262 0.311523 0.073242 0.074219
0 0.246094 0.154785 0.097656 0.098633
0 0.246094 0.259766 0.085938 0.085938
0 0.146484 0.097168 0.097656 0.098633
0 0.152832 0.201172 0.084961 0.085938
0 0.149414 0.308594 0.097656 0.097656
0 0.051270 0.145508 0.084961 0.085938
0 0.057617 0.259766 0.097656 0.097656
0 0.052734 0.550781 0.097656 0.097656
0 0.061035 0.766602 0.110352 0.111328
0 0.059082 0.868652 0.110352 0.110352
0 0.148438 0.593262 0.109375 0.110352
0 0.153320 0.706055 0.109375 0.111328
0 0.152832 0.818359 0.122070 0.123047
0 0.150879 0.933105 0.110352 0.110352
0 0.248535 0.650879 0.110352 0.110352
0 0.251465 0.761719 0.122070 0.123047
0 0.250488 0.874023 0.122070 0.123047
0 0.346191 0.489746 0.061523 0.061523
0 0.344727 0.596191 0.097656 0.098633
0 0.343750 0.708496 0.097656 0.098633
0 0.350586 0.801758 0.097656 0.097656
0 0.344238 0.928711 0.122070 0.123047
0 0.444336 0.538574 0.097656 0.098633
0 0.438477 0.656738 0.097656 0.098633
0 0.437988 0.752930 0.122070 0.123047
0 0.437012 0.869141 0.122070 0.123047
0 0.541016 0.487793 0.060547 0.061523
0 0.533203 0.594238 0.097656 0.098633
0 0.533203 0.703613 0.097656 0.098633
0 0.535645 0.820312 0.122070 0.123047
0 0.533691 0.935547 0.122070 0.123047
0 0.630371 0.541992 0.084961 0.085938
0 0.625977 0.649902 0.097656 0.098633
0 0.629395 0.764160 0.122070 0.122070
0 0.633789 0.871582 0.097656 0.098633
0 0.722656 0.488770 0.060547 0.061523
0 0.725586 0.598145 0.097656 0.098633
0 0.720703 0.710449 0.097656 0.098633
0 0.721680 0.821777 0.097656 0.098633
0 0.725586 0.923340 0.097656 0.098633
0 0.814453 0.544922 0.085938 0.085938
0 0.815430 0.648926 0.097656 0.098633
0 0.817383 0.762207 0.097656 0.098633
0 0.814453 0.875488 0.097656 0.098633
0 0.912598 0.496094 0.036133 0.037109
0 0.913086 0.594727 0.097656 0.097656
0 0.912109 0.703613 0.109375 0.110352
0 0.909668 0.824219 0.122070 0.123047
0 0.915039 0.934082 0.109375 0.110352