0 0.326660 0.170898 0.073242 0.074219
0 0.897949 0.400391 0.073242 0.074219
0 0.881836 0.841797 0.097656 0.097656
0 0.885742 0.720703 0.097656 0.097656
0 0.881836 0.628418 0.109375 0.110352
0 0.795898 0.677734 0.097656 0.097656
0 0.786133 0.798828 0.097656 0.097656
0 0.793945 0.895020 0.097656 0.098633
1 0.408203 0.910156 0.085938 0.085938
0 0.690430 0.549805 0.085938 0.085938
0 0.692871 0.740234 0.084961 0.085938
0 0.601562 0.464355 0.109375 0.110352
0 0.600098 0.572266 0.084961 0.085938
0 0.599609 0.901367 0.085938 0.085938
0 0.691406 0.840332 0.085938 0.086914
0 0.506836 0.517578 0.085938 0.085938
0 0.506836 0.625488 0.097656 0.098633
0 0.502930 0.715332 0.097656 0.098633
0 0.503906 0.949707 0.097656 0.098633
0 0.416992 0.451172 0.097656 0.097656
0 0.412109 0.577148 0.097656 0.097656
0 0.410156 0.672363 0.097656 0.098633
0 0.411133 0.778809 0.097656 0.098633
0 0.319336 0.828125 0.085938 0.085938
0 0.323242 0.722656 0.085938 0.085938
0 0.320801 0.617188 0.084961 0.085938
0 0.320801 0.514648 0.084961 0.085938
0 0.228027 0.454590 0.110352 0.110352
0 0.224121 0.570801 0.110352 0.110352
0 0.217285 0.684082 0.110352 0.110352
0 0.215820 0.796875 0.109375 0.111328
0 0.219727 0.898438 0.109375 0.111328
0 0.131836 0.845215 0.109375 0.110352
0 0.131836 0.721191 0.109375 0.110352
0 0.132324 0.628906 0.110352 0.111328
0 0.138672 0.501465 0.109375 0.110352
0 0.895508 0.083008 0.097656 0.097656
0 0.892578 0.184570 0.097656 0.097656
0 0.892578 0.292480 0.097656 0.098633
0 0.803711 0.122070 0.085938 0.085938
0 0.795410 0.236328 0.084961 0.085938
0 0.800781 0.353516 0.085938 0.085938
0 0.800781 0.456543 0.097656 0.098633
0 0.707031 0.071289 0.097656 0.097656
0 0.697266 0.183105 0.097656 0.098633
0 0.698730 0.290039 0.084961 0.085938
0 0.694824 0.403320 0.084961 0.085938
0 0.605957 0.129395 0.110352 0.110352
0 0.599121 0.242676 0.110352 0.110352
0 0.605469 0.353027 0.109375 0.110352
0 0.517578 0.405273 0.109375 0.111328
0 0.508789 0.286621 0.109375 0.110352
0 0.504883 0.180176 0.109375 0.110352
0 0.513672 0.081543 0.097656 0.098633
0 0.419922 0.122559 0.109375 0.110352
0 0.420898 0.238770 0.109375 0.110352
0 0.410156 0.356934 0.109375 0.110352
0 0.323730 0.405273 0.084961 0.085938
0 0.323730 0.284180 0.084961 0.085938
0 0.334473 0.056641 0.084961 0.085938
0 0.229492 0.124023 0.109375 0.111328
0 0.220703 0.230957 0.109375 0.110352
0 0.225586 0.338379 0.109375 0.110352
0 0.129883 0.392090 0.109375 0.110352
0 0.128906 0.303223 0.109375 0.110352
0 0.131348 0.197754 0.110352 0.110352
0 0.138184 0.065430 0.110352 0.111328