0 0.956543 0.058594 0.073242 0.074219
1 0.373535 0.935547 0.073242 0.074219
0 0.748047 0.946289 0.097656 0.097656
0 0.556641 0.941895 0.097656 0.098633
0 0.173828 0.938965 0.097656 0.098633
0 0.939453 0.933105 0.097656 0.098633
0 0.938477 0.833008 0.109375 0.111328
0 0.938477 0.724121 0.109375 0.110352
0 0.943359 0.610840 0.097656 0.098633
0 0.940430 0.500000 0.097656 0.097656
0 0.944336 0.378906 0.097656 0.097656
0 0.940430 0.286621 0.109375 0.110352
0 0.854492 0.335938 0.097656 0.097656
0 0.844727 0.457031 0.097656 0.097656
0 0.852539 0.553223 0.097656 0.098633
0 0.845703 0.665039 0.097656 0.097656
0 0.848145 0.779785 0.110352 0.110352
0 0.846680 0.899414 0.109375 0.111328
1 0.466797 0.568359 0.085938 0.085938
1 0.089355 0.762207 0.061523 0.061523
0 0.182129 0.832031 0.084961 0.085938
0 0.279297 0.791016 0.085938 0.085938
0 0.279297 0.880859 0.085938 0.085938
0 0.375000 0.822266 0.085938 0.085938
0 0.382812 0.735352 0.085938 0.085938
0 0.749023 0.208008 0.085938 0.085938
0 0.751465 0.398438 0.084961 0.085938
0 0.660156 0.122559 0.109375 0.110352
0 0.658691 0.230469 0.084961 0.085938
0 0.658203 0.559570 0.085938 0.085938
0 0.655762 0.663574 0.110352 0.110352
0 0.656738 0.783691 0.110352 0.110352
0 0.658203 0.884766 0.097656 0.097656
0 0.753906 0.843262 0.097656 0.098633
0 0.757812 0.731445 0.097656 0.097656
0 0.756836 0.610352 0.097656 0.097656
0 0.750000 0.498535 0.085938 0.086914
0 0.565430 0.175781 0.085938 0.085938
0 0.565430 0.283691 0.097656 0.098633
0 0.561523 0.373535 0.097656 0.098633
0 0.562500 0.607910 0.097656 0.098633
0 0.562500 0.715332 0.097656 0.098633
0 0.555664 0.835449 0.097656 0.098633
0 0.465332 0.880859 0.084961 0.085938
0 0.475586 0.109375 0.097656 0.097656
0 0.470703 0.235352 0.097656 0.097656
0 0.468750 0.330566 0.097656 0.098633
0 0.469727 0.437012 0.097656 0.098633
0 0.462891 0.668457 0.097656 0.098633
0 0.461914 0.773926 0.097656 0.098633
0 0.377930 0.486328 0.085938 0.085938
0 0.381836 0.380859 0.085938 0.085938
0 0.379395 0.275391 0.084961 0.085938
0 0.379395 0.172852 0.084961 0.085938
0 0.286621 0.112793 0.110352 0.110352
0 0.282715 0.229004 0.110352 0.110352
0 0.275879 0.342285 0.110352 0.110352
0 0.274414 0.455078 0.109375 0.111328
0 0.278320 0.556641 0.109375 0.111328
0 0.182617 0.612305 0.109375 0.111328
0 0.190430 0.503418 0.109375 0.110352
0 0.190430 0.379395 0.109375 0.110352
0 0.190918 0.287109 0.110352 0.111328
0 0.197266 0.159668 0.109375 0.110352
0 0.087402 0.116699 0.110352 0.110352
0 0.084961 0.219238 0.109375 0.110352
0 0.092773 0.336426 0.097656 0.098633
0 0.092773 0.445801 0.097656 0.098633
0 0.094727 0.552246 0.097656 0.098633
0 0.094727 0.635742 0.097656 0.097656
0 0.087891 0.880371 0.109375 0.110352
0 0.859375 0.114746 0.097656 0.098633
0 0.753418 0.061523 0.084961 0.085938
0 0.576172 0.063477 0.109375 0.111328
0 0.382324 0.063477 0.084961 0.085938