0 0.909668 0.914062 0.073242 0.074219
0 0.630371 0.667480 0.073242 0.073242
0 0.070312 0.124023 0.097656 0.097656
0 0.161133 0.057617 0.097656 0.097656
0 0.158203 0.159180 0.085938 0.085938
0 0.062500 0.242188 0.097656 0.097656
0 0.254883 0.211426 0.097656 0.098633
0 0.344238 0.161621 0.110352 0.110352
0 0.442383 0.212891 0.097656 0.097656
0 0.446289 0.102051 0.097656 0.098633
0 0.528320 0.050293 0.097656 0.098633
0 0.533203 0.156738 0.097656 0.098633
0 0.623535 0.219727 0.084961 0.085938
0 0.628906 0.090820 0.085938 0.085938
0 0.721680 0.157227 0.085938 0.085938
0 0.811035 0.104980 0.110352 0.110352
0 0.809570 0.218262 0.097656 0.098633
0 0.910156 0.150879 0.097656 0.098633
0 0.919922 0.053223 0.097656 0.098633
1 0.815430 0.752441 0.085938 0.086914
0 0.815430 0.641602 0.085938 0.085938
0 0.722168 0.696289 0.073242 0.074219
0 0.726074 0.801758 0.073242 0.074219
0 0.529785 0.703125 0.084961 0.085938
0 0.059570 0.672363 0.097656 0.098633
0 0.064453 0.788086 0.097656 0.097656
0 0.058105 0.890625 0.084961 0.085938
0 0.155273 0.934082 0.097656 0.098633
0 0.163086 0.823242 0.097656 0.097656
0 0.156250 0.715332 0.097656 0.098633
0 0.245117 0.658203 0.097656 0.097656
0 0.250977 0.765137 0.097656 0.098633
0 0.249023 0.872559 0.097656 0.098633
0 0.342285 0.930176 0.110352 0.110352
0 0.339844 0.815918 0.109375 0.110352
0 0.338379 0.705078 0.110352 0.111328
0 0.436523 0.662109 0.097656 0.097656
0 0.427734 0.765137 0.109375 0.110352
0 0.440430 0.869141 0.109375 0.111328
0 0.533691 0.931641 0.084961 0.085938
0 0.528320 0.805176 0.109375 0.110352
0 0.626465 0.765625 0.084961 0.085938
0 0.625000 0.865234 0.097656 0.097656
0 0.716797 0.900879 0.097656 0.098633
0 0.908691 0.708008 0.084961 0.085938
1 0.914062 0.378906 0.085938 0.085938
0 0.911133 0.245117 0.097656 0.097656
0 0.818359 0.322754 0.109375 0.110352
0 0.817383 0.445801 0.097656 0.098633
0 0.816895 0.540527 0.084961 0.086914
0 0.728027 0.612305 0.084961 0.085938
0 0.722168 0.488770 0.110352 0.110352
0 0.723145 0.379395 0.110352 0.110352
0 0.723633 0.269043 0.097656 0.098633
0 0.624023 0.327637 0.097656 0.098633
0 0.625977 0.437988 0.097656 0.098633
0 0.625000 0.541992 0.085938 0.085938
0 0.527344 0.600098 0.109375 0.110352
0 0.530273 0.495605 0.097656 0.098633
0 0.530273 0.377930 0.085938 0.085938
0 0.529297 0.271484 0.085938 0.085938
0 0.438477 0.317871 0.097656 0.098633
0 0.435547 0.425293 0.097656 0.098633
0 0.441406 0.531250 0.097656 0.097656
0 0.348633 0.583008 0.109375 0.111328
0 0.347168 0.482422 0.110352 0.111328
0 0.341309 0.392090 0.110352 0.110352
0 0.347168 0.266113 0.110352 0.110352
0 0.256836 0.318359 0.097656 0.097656
0 0.256836 0.429688 0.097656 0.097656
0 0.250000 0.540039 0.085938 0.085938
0 0.158203 0.605957 0.097656 0.098633
0 0.154297 0.502930 0.085938 0.085938
0 0.162109 0.381836 0.097656 0.097656
0 0.154297 0.275391 0.097656 0.097656
0 0.065430 0.346680 0.097656 0.097656
0 0.059570 0.442871 0.097656 0.098633
0 0.057617 0.565918 0.097656 0.098633
0 0.914062 0.501465 0.109375 0.110352
0 0.909180 0.592285 0.109375 0.110352