0 0.704590 0.225586 0.073242 0.074219
0 0.792480 0.166016 0.073242 0.074219
0 0.516113 0.729980 0.073242 0.073242
0 0.891113 0.109375 0.084961 0.085938
0 0.893066 0.218750 0.084961 0.085938
0 0.899414 0.333008 0.097656 0.097656
0 0.798340 0.059570 0.084961 0.085938
0 0.799316 0.272461 0.073242 0.074219
0 0.794922 0.376465 0.060547 0.061523
0 0.710938 0.109375 0.085938 0.085938
0 0.244141 0.052246 0.097656 0.098633
0 0.233887 0.164551 0.110352 0.110352
0 0.322266 0.109375 0.085938 0.085938
0 0.418945 0.067383 0.097656 0.097656
0 0.512207 0.104492 0.084961 0.085938
0 0.616211 0.050781 0.085938 0.085938
0 0.616211 0.151367 0.097656 0.097656
1 0.705566 0.312500 0.073242 0.074219
0 0.612305 0.266602 0.097656 0.097656
0 0.605957 0.360352 0.073242 0.074219
0 0.518066 0.220703 0.084961 0.085938
0 0.518066 0.319824 0.073242 0.073242
0 0.416016 0.282715 0.097656 0.098633
0 0.421875 0.168945 0.085938 0.085938
0 0.325195 0.218750 0.085938 0.085938
0 0.322266 0.317871 0.085938 0.086914
0 0.233398 0.269043 0.097656 0.098633
0 0.121094 0.227051 0.097656 0.098633
0 0.136230 0.712891 0.073242 0.074219
0 0.132812 0.845703 0.097656 0.097656
0 0.230957 0.566895 0.073242 0.073242
0 0.230957 0.656738 0.073242 0.073242
0 0.231445 0.776367 0.085938 0.085938
0 0.232422 0.893555 0.097656 0.097656
0 0.312988 0.525879 0.073242 0.073242
0 0.316895 0.602051 0.073242 0.073242
0 0.316406 0.712402 0.060547 0.061523
0 0.324219 0.818359 0.085938 0.085938
0 0.412598 0.540527 0.073242 0.073242
0 0.415527 0.667480 0.073242 0.073242
0 0.421387 0.794434 0.073242 0.073242
0 0.421875 0.894043 0.109375 0.110352
0 0.510254 0.610352 0.122070 0.123047
0 0.516113 0.840820 0.084961 0.085938
0 0.612305 0.562988 0.097656 0.098633
0 0.614746 0.669922 0.122070 0.123047
0 0.617188 0.782715 0.109375 0.110352
0 0.604492 0.895996 0.109375 0.110352
0 0.708496 0.535156 0.084961 0.085938
0 0.708984 0.618164 0.097656 0.097656
0 0.707520 0.738281 0.122070 0.123047
0 0.713867 0.834473 0.109375 0.110352
0 0.800293 0.560547 0.084961 0.085938
0 0.802246 0.672852 0.122070 0.123047
0 0.814453 0.886719 0.085938 0.085938
0 0.894531 0.624023 0.097656 0.097656
0 0.902832 0.730469 0.122070 0.123047
0 0.902832 0.839844 0.110352 0.111328
0 0.900879 0.941895 0.110352 0.110352