0 0.671875 0.173340 0.085938 0.086914
0 0.186035 0.336914 0.073242 0.074219
0 0.948242 0.115234 0.097656 0.097656
0 0.852539 0.052246 0.097656 0.098633
0 0.853027 0.168945 0.084961 0.085938
0 0.771484 0.111816 0.097656 0.098633
0 0.668945 0.067383 0.085938 0.085938
0 0.580566 0.016113 0.024414 0.024414
0 0.574707 0.129395 0.024414 0.024414
0 0.482910 0.048340 0.024414 0.024414
0 0.479004 0.163574 0.024414 0.024414
0 0.475098 0.272949 0.024414 0.024414
0 0.478027 0.354980 0.024414 0.024414
0 0.575684 0.216309 0.024414 0.024414
0 0.568848 0.323730 0.024414 0.024414
0 0.668945 0.354492 0.037109 0.037109
0 0.666016 0.271973 0.109375 0.110352
0 0.775391 0.215820 0.085938 0.085938
0 0.775879 0.324707 0.073242 0.073242
0 0.856445 0.274902 0.097656 0.098633
0 0.847168 0.390137 0.061523 0.061523
0 0.948242 0.221191 0.097656 0.098633
0 0.187500 0.118164 0.097656 0.097656
0 0.192383 0.229492 0.097656 0.097656
0 0.095703 0.072266 0.097656 0.097656
0 0.091309 0.177246 0.110352 0.110352
0 0.091797 0.286621 0.097656 0.098633
0 0.096680 0.562500 0.085938 0.085938
0 0.097656 0.666504 0.097656 0.098633
0 0.099609 0.779785 0.097656 0.098633
0 0.096680 0.893066 0.097656 0.098633
0 0.194824 0.513672 0.036133 0.037109
0 0.195312 0.612305 0.097656 0.097656
0 0.194336 0.721191 0.109375 0.110352
0 0.191895 0.841797 0.122070 0.123047
0 0.290527 0.571289 0.084961 0.085938
0 0.288086 0.668945 0.097656 0.097656
0 0.286621 0.785156 0.110352 0.111328
0 0.282715 0.897461 0.122070 0.123047
0 0.390625 0.518066 0.060547 0.061523
0 0.382812 0.616211 0.085938 0.085938
0 0.384277 0.727539 0.110352 0.111328
0 0.376465 0.840820 0.122070 0.123047
0 0.479492 0.566406 0.085938 0.085938
0 0.471680 0.676270 0.097656 0.098633
0 0.481445 0.786621 0.109375 0.110352
0 0.479004 0.898438 0.122070 0.123047
0 0.576660 0.524902 0.061523 0.061523
0 0.573242 0.618652 0.097656 0.098633
0 0.577637 0.733398 0.122070 0.123047
0 0.570312 0.842285 0.109375 0.110352
0 0.670898 0.567871 0.097656 0.098633
0 0.666504 0.677246 0.110352 0.110352
0 0.658691 0.781250 0.122070 0.123047
0 0.667480 0.903809 0.110352 0.110352
0 0.760742 0.535156 0.048828 0.048828
0 0.757812 0.620605 0.097656 0.098633
0 0.757324 0.735840 0.122070 0.122070
0 0.761230 0.841797 0.122070 0.123047
0 0.846191 0.567871 0.073242 0.073242
0 0.850586 0.680176 0.109375 0.110352
0 0.851562 0.789551 0.109375 0.110352
0 0.851562 0.897461 0.085938 0.085938