0 0.718750 0.153809 0.085938 0.086914
0 0.232910 0.317383 0.073242 0.074219
0 0.899902 0.149414 0.084961 0.085938
0 0.818359 0.092285 0.097656 0.098633
0 0.715820 0.047852 0.085938 0.085938
0 0.621582 0.109863 0.024414 0.024414
0 0.529785 0.028809 0.024414 0.024414
0 0.525879 0.144043 0.024414 0.024414
0 0.521973 0.253418 0.024414 0.024414
0 0.524902 0.335449 0.024414 0.024414
0 0.622559 0.196777 0.024414 0.024414
0 0.615723 0.304199 0.024414 0.024414
0 0.715820 0.334961 0.037109 0.037109
0 0.712891 0.252441 0.109375 0.110352
0 0.822266 0.196289 0.085938 0.085938
0 0.822754 0.305176 0.073242 0.073242
0 0.903320 0.255371 0.097656 0.098633
0 0.894043 0.370605 0.061523 0.061523
0 0.234375 0.098633 0.097656 0.097656
0 0.239258 0.209961 0.097656 0.097656
0 0.142578 0.052734 0.097656 0.097656
0 0.138184 0.157715 0.110352 0.110352
0 0.138672 0.267090 0.097656 0.098633
0 0.050781 0.101562 0.097656 0.097656
0 0.055176 0.322754 0.073242 0.073242
0 0.051758 0.486816 0.060547 0.061523
0 0.054688 0.596191 0.097656 0.098633
0 0.049805 0.708496 0.097656 0.098633
0 0.050781 0.819824 0.097656 0.098633
0 0.054688 0.921387 0.097656 0.098633
0 0.143555 0.542969 0.085938 0.085938
0 0.144531 0.646973 0.097656 0.098633
0 0.146484 0.760254 0.097656 0.098633
0 0.143555 0.873535 0.097656 0.098633
0 0.241699 0.494141 0.036133 0.037109
0 0.242188 0.592773 0.097656 0.097656
0 0.241211 0.701660 0.109375 0.110352
0 0.238770 0.822266 0.122070 0.123047
0 0.244141 0.932129 0.109375 0.110352
0 0.337402 0.551758 0.084961 0.085938
0 0.334961 0.649414 0.097656 0.097656
0 0.333496 0.765625 0.110352 0.111328
0 0.329590 0.877930 0.122070 0.123047
0 0.437500 0.498535 0.060547 0.061523
0 0.429688 0.596680 0.085938 0.085938
0 0.431152 0.708008 0.110352 0.111328
0 0.423340 0.821289 0.122070 0.123047
0 0.423340 0.929199 0.110352 0.110352
0 0.526367 0.546875 0.085938 0.085938
0 0.518555 0.656738 0.097656 0.098633
0 0.528320 0.767090 0.109375 0.110352
0 0.525879 0.878906 0.122070 0.123047
0 0.623535 0.505371 0.061523 0.061523
0 0.620117 0.599121 0.097656 0.098633
0 0.624512 0.713867 0.122070 0.123047
0 0.617188 0.822754 0.109375 0.110352
0 0.620605 0.937500 0.122070 0.123047
0 0.717773 0.548340 0.097656 0.098633
0 0.713379 0.657715 0.110352 0.110352
0 0.705566 0.761719 0.122070 0.123047
0 0.714355 0.884277 0.110352 0.110352
0 0.807617 0.515625 0.048828 0.048828
0 0.804688 0.601074 0.097656 0.098633
0 0.804199 0.716309 0.122070 0.122070
0 0.808105 0.822266 0.122070 0.123047
0 0.807129 0.938965 0.110352 0.110352
0 0.893066 0.548340 0.073242 0.073242
0 0.897461 0.660645 0.109375 0.110352
0 0.898438 0.770020 0.109375 0.110352
0 0.898438 0.877930 0.085938 0.085938