0 0.119629 0.293457 0.073242 0.073242
0 0.112793 0.510742 0.084961 0.085938
0 0.117676 0.627441 0.073242 0.073242
0 0.207520 0.452637 0.073242 0.073242
0 0.213379 0.678711 0.084961 0.085938
0 0.206543 0.566895 0.061523 0.061523
0 0.209961 0.794922 0.085938 0.085938
0 0.214355 0.347168 0.073242 0.073242
0 0.119141 0.071289 0.097656 0.097656
0 0.115723 0.185059 0.061523 0.061523
0 0.208984 0.127930 0.085938 0.085938
0 0.209961 0.236328 0.085938 0.085938
0 0.111816 0.401855 0.073242 0.073242
0 0.115234 0.733398 0.085938 0.085938
0 0.116211 0.844727 0.097656 0.097656
0 0.209473 0.893555 0.084961 0.085938