0 0.874512 0.769043 0.073242 0.073242
0 0.775879 0.600098 0.061523 0.061523
0 0.870605 0.645996 0.061523 0.061523
0 0.963867 0.607422 0.060547 0.060547
0 0.597168 0.602051 0.061523 0.061523
0 0.110352 0.661133 0.097656 0.097656
0 0.123047 0.768555 0.097656 0.097656
0 0.119141 0.880371 0.109375 0.110352
0 0.215332 0.714844 0.110352 0.111328
0 0.219238 0.824219 0.110352 0.111328
0 0.218750 0.936035 0.109375 0.110352
0 0.209473 0.604492 0.084961 0.085938
0 0.309570 0.661621 0.097656 0.098633
0 0.309570 0.767578 0.097656 0.097656
0 0.312500 0.875977 0.097656 0.097656
0 0.405273 0.613770 0.109375 0.110352
0 0.408203 0.719238 0.097656 0.098633
0 0.410156 0.822754 0.097656 0.098633
0 0.401367 0.935547 0.109375 0.111328
0 0.499023 0.658691 0.097656 0.098633
0 0.500977 0.762207 0.097656 0.098633
0 0.502930 0.877441 0.109375 0.110352
0 0.592773 0.715332 0.097656 0.098633
0 0.595703 0.820801 0.097656 0.098633
0 0.594238 0.932129 0.110352 0.110352
0 0.687500 0.654785 0.097656 0.098633
0 0.689453 0.770020 0.085938 0.086914
0 0.686035 0.880859 0.084961 0.085938
0 0.781250 0.713867 0.085938 0.085938
0 0.778320 0.824219 0.085938 0.085938
0 0.780762 0.933105 0.073242 0.073242
0 0.877930 0.888672 0.085938 0.085938