0 0.938477 0.632324 0.109375 0.110352
0 0.935547 0.720703 0.097656 0.097656
0 0.940918 0.806641 0.110352 0.111328
0 0.846680 0.903809 0.097656 0.098633
0 0.859863 0.442383 0.110352 0.111328
0 0.851562 0.542480 0.109375 0.110352
0 0.851562 0.687012 0.109375 0.110352
0 0.847656 0.776855 0.097656 0.098633
0 0.742188 0.500488 0.109375 0.110352
0 0.750977 0.728516 0.097656 0.097656
0 0.751953 0.834961 0.097656 0.097656
0 0.751953 0.948242 0.097656 0.097656
0 0.653320 0.457520 0.097656 0.098633
0 0.587891 0.691895 0.048828 0.049805
0 0.652832 0.551270 0.110352 0.110352
0 0.656250 0.909180 0.097656 0.097656
0 0.560547 0.943848 0.109375 0.110352
0 0.472656 0.880371 0.097656 0.098633
0 0.378906 0.492188 0.085938 0.085938
0 0.380859 0.588867 0.097656 0.097656
0 0.279297 0.446777 0.109375 0.110352
0 0.372070 0.835938 0.097656 0.097656
0 0.278809 0.791992 0.084961 0.085938
0 0.273438 0.899902 0.097656 0.098633
0 0.188477 0.942383 0.109375 0.111328
0 0.179688 0.841309 0.109375 0.110352
0 0.189941 0.716309 0.110352 0.110352
0 0.182617 0.511719 0.097656 0.097656
0 0.094727 0.446777 0.109375 0.110352
0 0.086426 0.787598 0.110352 0.110352
0 0.096680 0.900391 0.085938 0.085938
0 0.949219 0.190918 0.097656 0.098633
0 0.861328 0.131348 0.109375 0.110352
0 0.865234 0.242676 0.109375 0.110352
0 0.851074 0.349609 0.110352 0.111328
0 0.750000 0.392578 0.109375 0.111328
0 0.751465 0.287109 0.110352 0.111328
0 0.751465 0.170898 0.084961 0.085938
0 0.574707 0.075195 0.084961 0.085938
0 0.473633 0.428711 0.085938 0.085938
0 0.376465 0.385254 0.110352 0.110352
0 0.380859 0.280273 0.097656 0.097656
0 0.384766 0.186523 0.097656 0.097656
0 0.574219 0.176270 0.097656 0.098633
0 0.468750 0.235840 0.097656 0.098633
0 0.471191 0.338867 0.084961 0.085938
0 0.384766 0.085938 0.085938 0.085938
0 0.466309 0.123047 0.084961 0.085938
0 0.279785 0.127930 0.110352 0.111328
0 0.283691 0.223145 0.110352 0.110352
0 0.290039 0.347656 0.109375 0.111328
0 0.193359 0.287598 0.109375 0.110352
0 0.193359 0.181152 0.109375 0.110352
0 0.189453 0.071777 0.109375 0.110352
0 0.094727 0.131348 0.097656 0.098633
0 0.093750 0.234375 0.097656 0.097656
0 0.671875 0.340332 0.097656 0.098633