0 0.462402 0.199219 0.073242 0.074219
0 0.938477 0.918457 0.109375 0.110352
0 0.837891 0.867188 0.109375 0.111328
0 0.743164 0.915527 0.109375 0.110352
0 0.542969 0.912109 0.085938 0.085938
0 0.349121 0.924316 0.110352 0.110352
0 0.169434 0.908203 0.110352 0.111328
0 0.933594 0.821777 0.109375 0.110352
0 0.932617 0.696777 0.097656 0.098633
0 0.932617 0.586914 0.085938 0.085938
0 0.933594 0.479492 0.097656 0.097656
0 0.940430 0.354492 0.109375 0.111328
0 0.945312 0.273926 0.097656 0.098633
0 0.855469 0.213867 0.085938 0.085938
0 0.839844 0.320801 0.097656 0.098633
0 0.841797 0.428223 0.097656 0.098633
0 0.844727 0.535156 0.097656 0.097656
0 0.844727 0.656250 0.097656 0.097656
0 0.846680 0.764160 0.097656 0.098633
0 0.748047 0.151367 0.097656 0.097656
0 0.750977 0.264648 0.097656 0.097656
0 0.749023 0.365723 0.097656 0.098633
0 0.745117 0.473633 0.085938 0.085938
0 0.751953 0.593750 0.097656 0.097656
0 0.749023 0.711914 0.109375 0.111328
0 0.745117 0.809570 0.097656 0.097656
0 0.646484 0.856445 0.085938 0.085938
0 0.651367 0.756348 0.097656 0.098633
0 0.652344 0.637695 0.097656 0.097656
0 0.648438 0.103516 0.085938 0.085938
0 0.649902 0.202148 0.084961 0.085938
0 0.652344 0.316406 0.085938 0.085938
0 0.653320 0.425781 0.085938 0.085938
0 0.653320 0.528320 0.085938 0.085938
0 0.554199 0.144531 0.084961 0.085938
0 0.550293 0.247070 0.084961 0.085938
0 0.550293 0.362305 0.084961 0.085938
0 0.548828 0.471191 0.109375 0.110352
0 0.547363 0.578125 0.084961 0.085938
0 0.545898 0.697754 0.097656 0.098633
0 0.550781 0.812988 0.109375 0.110352
0 0.458984 0.861328 0.109375 0.111328
0 0.455566 0.749512 0.110352 0.110352
0 0.455566 0.641113 0.110352 0.110352
0 0.454590 0.525879 0.110352 0.110352
0 0.455566 0.413574 0.110352 0.110352
0 0.457031 0.301758 0.097656 0.097656
0 0.368164 0.238281 0.085938 0.085938
0 0.352539 0.365723 0.097656 0.098633
0 0.358398 0.475098 0.097656 0.098633
0 0.354980 0.584473 0.110352 0.110352
0 0.361328 0.695801 0.109375 0.110352
0 0.356934 0.808105 0.110352 0.110352
0 0.273438 0.862305 0.097656 0.097656
0 0.269531 0.724609 0.097656 0.097656
0 0.266602 0.625488 0.097656 0.098633
0 0.266602 0.535645 0.097656 0.098633
0 0.272461 0.412598 0.097656 0.098633
0 0.170898 0.801270 0.097656 0.098633
0 0.171387 0.685547 0.084961 0.085938
0 0.171875 0.143066 0.097656 0.098633
0 0.079102 0.094727 0.097656 0.097656
0 0.081055 0.190918 0.097656 0.098633
0 0.076172 0.308105 0.109375 0.110352
0 0.073242 0.413574 0.109375 0.110352
0 0.940430 0.145508 0.097656 0.097656
0 0.847656 0.092285 0.097656 0.098633