0 0.479980 0.395996 0.073242 0.073242
0 0.385254 0.353516 0.073242 0.074219
0 0.952637 0.180176 0.073242 0.073242
0 0.853516 0.122559 0.097656 0.098633
0 0.758789 0.062012 0.097656 0.098633
0 0.761230 0.174316 0.073242 0.073242
0 0.662109 0.121582 0.097656 0.098633
0 0.565430 0.064941 0.097656 0.098633
0 0.569824 0.166992 0.073242 0.074219
0 0.472656 0.115234 0.085938 0.085938
0 0.379395 0.056641 0.084961 0.085938
0 0.375977 0.164062 0.097656 0.097656
0 0.284180 0.115234 0.097656 0.097656
0 0.184082 0.054688 0.073242 0.074219
0 0.179688 0.158691 0.060547 0.061523
1 0.090332 0.094727 0.073242 0.074219
0 0.093262 0.317383 0.084961 0.085938
0 0.093750 0.400391 0.097656 0.097656
0 0.092285 0.520508 0.122070 0.123047
0 0.098633 0.616699 0.109375 0.110352
0 0.103516 0.732910 0.109375 0.110352
0 0.096680 0.840332 0.109375 0.110352
0 0.185059 0.342773 0.084961 0.085938
0 0.187012 0.455078 0.122070 0.123047
0 0.199219 0.668945 0.085938 0.085938
0 0.182617 0.786621 0.109375 0.110352
0 0.279297 0.406250 0.097656 0.097656
0 0.287598 0.512695 0.122070 0.123047
0 0.287598 0.622070 0.110352 0.111328
0 0.285645 0.724121 0.110352 0.110352
0 0.278809 0.839355 0.110352 0.110352
0 0.375000 0.448730 0.109375 0.110352
0 0.379883 0.561523 0.109375 0.111328
0 0.379395 0.673828 0.122070 0.123047
0 0.377441 0.788574 0.110352 0.110352
0 0.475098 0.506348 0.110352 0.110352
0 0.478027 0.617188 0.122070 0.123047
0 0.477051 0.729492 0.122070 0.123047
0 0.482422 0.833984 0.109375 0.111328
0 0.572754 0.345215 0.061523 0.061523
0 0.571289 0.451660 0.097656 0.098633
0 0.570312 0.563965 0.097656 0.098633
0 0.577148 0.657227 0.097656 0.097656
0 0.570801 0.784180 0.122070 0.123047
0 0.670898 0.394043 0.097656 0.098633
0 0.665039 0.512207 0.097656 0.098633
0 0.664551 0.608398 0.122070 0.123047
0 0.663574 0.724609 0.122070 0.123047
0 0.663574 0.837891 0.122070 0.123047
0 0.767578 0.343262 0.060547 0.061523
0 0.759766 0.449707 0.097656 0.098633
0 0.759766 0.559082 0.097656 0.098633
0 0.762207 0.675781 0.122070 0.123047
0 0.760254 0.791016 0.122070 0.123047
0 0.856934 0.397461 0.084961 0.085938
0 0.852539 0.505371 0.097656 0.098633
0 0.855957 0.619629 0.122070 0.122070
0 0.860352 0.727051 0.097656 0.098633
0 0.854980 0.837891 0.122070 0.123047
0 0.949219 0.344238 0.060547 0.061523
0 0.947266 0.565918 0.097656 0.098633
0 0.948242 0.677246 0.097656 0.098633
0 0.760254 0.890625 0.122070 0.123047
0 0.576172 0.882812 0.097656 0.097656
0 0.476562 0.948242 0.097656 0.097656
0 0.377441 0.900391 0.110352 0.111328
0 0.186523 0.899902 0.109375 0.110352
0 0.092285 0.943848 0.110352 0.110352