0 0.056152 0.646973 0.061523 0.061523
0 0.433105 0.436523 0.073242 0.074219
0 0.330566 0.479980 0.073242 0.073242
0 0.925781 0.058105 0.097656 0.098633
0 0.925781 0.167480 0.097656 0.098633
0 0.925293 0.278809 0.084961 0.086914
0 0.833496 0.104492 0.084961 0.085938
0 0.833008 0.223145 0.097656 0.098633
0 0.833984 0.333496 0.097656 0.098633
0 0.737305 0.047363 0.085938 0.086914
0 0.736328 0.174316 0.097656 0.098633
0 0.740234 0.278809 0.109375 0.110352
0 0.644043 0.107910 0.110352 0.110352
0 0.641602 0.224121 0.097656 0.098633
0 0.640137 0.334961 0.084961 0.085938
0 0.551270 0.164551 0.110352 0.110352
0 0.547852 0.269531 0.097656 0.097656
0 0.547852 0.388672 0.097656 0.097656
0 0.737793 0.388672 0.084961 0.085938
0 0.421875 0.093750 0.097656 0.097656
0 0.421875 0.225586 0.097656 0.097656
0 0.425781 0.336914 0.097656 0.097656
0 0.324219 0.139648 0.085938 0.085938
0 0.324219 0.252930 0.097656 0.097656
0 0.326172 0.360840 0.097656 0.098633
0 0.255859 0.101562 0.109375 0.111328
0 0.255371 0.197754 0.110352 0.110352
0 0.257812 0.322754 0.097656 0.098633
0 0.138672 0.033203 0.048828 0.048828
0 0.142578 0.156250 0.048828 0.048828
0 0.145508 0.286621 0.048828 0.049805
0 0.154297 0.376465 0.048828 0.049805
0 0.059570 0.450684 0.060547 0.061523
0 0.057617 0.563965 0.097656 0.098633
0 0.067871 0.787109 0.110352 0.111328
0 0.063965 0.892578 0.110352 0.111328
0 0.150391 0.506836 0.085938 0.085938
0 0.152344 0.610840 0.109375 0.110352
0 0.153320 0.723145 0.109375 0.110352
0 0.155273 0.834961 0.097656 0.097656
0 0.257812 0.442871 0.097656 0.098633
0 0.256348 0.550293 0.110352 0.110352
0 0.255859 0.671387 0.109375 0.110352
0 0.256836 0.775879 0.097656 0.098633
0 0.252930 0.884277 0.109375 0.110352
0 0.343750 0.624512 0.097656 0.098633
0 0.341797 0.719238 0.097656 0.098633
0 0.354492 0.837402 0.109375 0.110352
0 0.431641 0.564941 0.097656 0.098633
0 0.437988 0.664062 0.084961 0.085938
0 0.435059 0.774902 0.084961 0.086914
0 0.438477 0.875488 0.097656 0.098633
0 0.552734 0.494141 0.097656 0.097656
0 0.544922 0.604980 0.097656 0.098633
0 0.548828 0.712402 0.109375 0.110352
0 0.549316 0.830566 0.110352 0.110352
0 0.642578 0.443359 0.097656 0.097656
0 0.641113 0.556641 0.110352 0.111328
0 0.639648 0.660645 0.109375 0.110352
0 0.639648 0.771973 0.097656 0.098633
0 0.636719 0.886230 0.109375 0.110352
0 0.738770 0.503906 0.110352 0.111328
0 0.734375 0.613281 0.097656 0.097656
0 0.734375 0.724609 0.097656 0.097656
0 0.732910 0.832031 0.084961 0.085938
0 0.733398 0.945312 0.085938 0.085938
0 0.830078 0.448242 0.085938 0.085938
0 0.829102 0.560547 0.097656 0.097656
0 0.833496 0.669922 0.110352 0.111328
0 0.825684 0.780273 0.110352 0.111328
0 0.831543 0.886230 0.110352 0.110352
0 0.923340 0.391602 0.084961 0.085938
0 0.925781 0.500977 0.085938 0.085938
0 0.922852 0.612305 0.085938 0.085938
0 0.928711 0.713867 0.109375 0.111328
0 0.925781 0.823242 0.109375 0.111328
0 0.351562 0.938965 0.109375 0.110352
0 0.157715 0.942383 0.110352 0.111328