0 0.794922 0.283691 0.097656 0.098633
0 0.888672 0.340332 0.109375 0.110352
0 0.132812 0.124512 0.109375 0.110352
0 0.133789 0.232910 0.109375 0.110352
0 0.133789 0.335449 0.097656 0.098633
0 0.138672 0.451660 0.109375 0.110352
0 0.225098 0.068848 0.110352 0.110352
0 0.229004 0.173340 0.110352 0.110352
0 0.226074 0.284668 0.110352 0.110352
0 0.224609 0.395996 0.109375 0.110352
0 0.225586 0.505371 0.109375 0.110352
0 0.321289 0.115234 0.109375 0.111328
0 0.319336 0.225098 0.097656 0.098633
0 0.326660 0.337402 0.110352 0.110352
0 0.318848 0.444824 0.110352 0.110352
0 0.414062 0.068359 0.109375 0.111328
0 0.411133 0.173828 0.109375 0.111328
0 0.413086 0.280273 0.097656 0.097656
0 0.412109 0.389160 0.109375 0.110352
0 0.412109 0.509277 0.097656 0.098633
0 0.504395 0.115234 0.110352 0.111328
0 0.508789 0.225586 0.109375 0.111328
0 0.505859 0.337891 0.109375 0.111328
0 0.507812 0.452637 0.109375 0.110352
0 0.605957 0.285156 0.110352 0.111328
0 0.607910 0.368164 0.073242 0.074219
0 0.597656 0.507812 0.097656 0.097656
0 0.697266 0.119629 0.109375 0.110352
0 0.697266 0.334961 0.097656 0.097656
0 0.694336 0.444336 0.097656 0.097656
0 0.786621 0.069824 0.110352 0.110352
0 0.791016 0.171387 0.109375 0.110352
0 0.795898 0.396973 0.109375 0.110352
0 0.793457 0.500977 0.110352 0.111328
0 0.916504 0.048828 0.084961 0.085938
0 0.886230 0.130371 0.110352 0.110352
0 0.886719 0.445801 0.097656 0.098633
0 0.888672 0.556641 0.097656 0.097656
0 0.887695 0.671875 0.085938 0.085938
0 0.888184 0.776855 0.061523 0.061523
0 0.888672 0.891113 0.097656 0.098633
0 0.791992 0.615234 0.097656 0.097656
0 0.791504 0.722656 0.084961 0.085938
0 0.792480 0.842285 0.110352 0.110352
0 0.693848 0.539062 0.110352 0.111328
0 0.704102 0.659668 0.097656 0.098633
0 0.694336 0.779785 0.060547 0.061523
0 0.696289 0.878418 0.109375 0.110352
0 0.604492 0.609863 0.097656 0.098633
0 0.608398 0.726074 0.097656 0.098633
0 0.600586 0.831543 0.097656 0.098633
0 0.600586 0.939941 0.097656 0.098633
0 0.506836 0.556152 0.097656 0.098633
0 0.507812 0.665527 0.097656 0.098633
0 0.508301 0.781738 0.073242 0.073242
0 0.509766 0.886230 0.097656 0.098633
0 0.417480 0.615723 0.110352 0.110352
0 0.410156 0.713379 0.097656 0.098633
0 0.407227 0.843262 0.097656 0.098633
0 0.320801 0.562988 0.110352 0.110352
0 0.322266 0.671387 0.109375 0.110352
0 0.322266 0.788574 0.097656 0.098633
0 0.322266 0.889160 0.097656 0.098633
0 0.227539 0.612793 0.109375 0.110352
0 0.223633 0.722168 0.109375 0.110352
0 0.225586 0.831543 0.109375 0.110352
0 0.224121 0.943359 0.110352 0.111328
0 0.136230 0.562012 0.110352 0.110352
0 0.127441 0.658691 0.110352 0.110352
0 0.130859 0.770508 0.097656 0.097656
0 0.132324 0.880859 0.110352 0.111328