0 0.708984 0.482910 0.097656 0.098633
0 0.802734 0.539551 0.109375 0.110352
0 0.803223 0.104492 0.084961 0.085938
0 0.707520 0.160645 0.110352 0.110352
0 0.609375 0.099121 0.085938 0.086914
0 0.611328 0.212402 0.097656 0.098633
0 0.515625 0.158691 0.097656 0.098633
0 0.433105 0.095215 0.061523 0.061523
0 0.330078 0.157715 0.109375 0.110352
0 0.324707 0.048828 0.036133 0.037109
0 0.144043 0.155273 0.110352 0.111328
0 0.058105 0.095703 0.110352 0.111328
0 0.139160 0.268066 0.110352 0.110352
0 0.143066 0.372559 0.110352 0.110352
0 0.140137 0.483887 0.110352 0.110352
0 0.138672 0.595215 0.109375 0.110352
0 0.139648 0.704590 0.109375 0.110352
0 0.231445 0.202148 0.109375 0.111328
0 0.235352 0.314453 0.109375 0.111328
0 0.233398 0.424316 0.097656 0.098633
0 0.240723 0.536621 0.110352 0.110352
0 0.232910 0.644043 0.110352 0.110352
0 0.328125 0.267578 0.109375 0.111328
0 0.325195 0.373047 0.109375 0.111328
0 0.327148 0.479492 0.097656 0.097656
0 0.326172 0.588379 0.109375 0.110352
0 0.326172 0.708496 0.097656 0.098633
0 0.423828 0.216309 0.097656 0.098633
0 0.418457 0.314453 0.110352 0.111328
0 0.422852 0.424805 0.109375 0.111328
0 0.419922 0.537109 0.109375 0.111328
0 0.421875 0.651855 0.109375 0.110352
0 0.520020 0.484375 0.110352 0.111328
0 0.521973 0.567383 0.073242 0.074219
0 0.511719 0.707031 0.097656 0.097656
0 0.611328 0.318848 0.109375 0.110352
0 0.611328 0.534180 0.097656 0.097656
0 0.608398 0.643555 0.097656 0.097656
0 0.700684 0.269043 0.110352 0.110352
0 0.705078 0.370605 0.109375 0.110352
0 0.709961 0.596191 0.109375 0.110352
0 0.707520 0.700195 0.110352 0.111328
0 0.796387 0.208984 0.084961 0.085938
0 0.830566 0.248047 0.084961 0.085938
0 0.800293 0.329590 0.110352 0.110352
0 0.800781 0.645020 0.097656 0.098633
0 0.802734 0.755859 0.097656 0.097656
0 0.801758 0.871094 0.085938 0.085938
0 0.706055 0.814453 0.097656 0.097656
0 0.705566 0.921875 0.084961 0.085938
0 0.607910 0.738281 0.110352 0.111328
0 0.618164 0.858887 0.097656 0.098633
0 0.518555 0.809082 0.097656 0.098633
0 0.522461 0.925293 0.097656 0.098633
0 0.420898 0.755371 0.097656 0.098633
0 0.421875 0.864746 0.097656 0.098633
0 0.331543 0.814941 0.110352 0.110352
0 0.324219 0.912598 0.097656 0.098633
0 0.234863 0.762207 0.110352 0.110352
0 0.236328 0.870605 0.109375 0.110352
0 0.141602 0.812012 0.109375 0.110352
0 0.137695 0.921387 0.109375 0.110352