0 0.090820 0.062988 0.109375 0.110352
0 0.090820 0.183105 0.097656 0.098633
0 0.186523 0.126465 0.109375 0.110352
0 0.286621 0.041992 0.073242 0.074219
0 0.276367 0.181641 0.097656 0.097656
0 0.373047 0.118164 0.097656 0.097656
0 0.474609 0.070801 0.109375 0.110352
0 0.472168 0.174805 0.110352 0.111328
0 0.565430 0.119629 0.097656 0.098633
0 0.567383 0.230469 0.097656 0.097656
0 0.566406 0.345703 0.085938 0.085938
0 0.566895 0.450684 0.061523 0.061523
0 0.567383 0.564941 0.097656 0.098633
1 0.565918 0.671387 0.110352 0.110352
0 0.659180 0.503906 0.085938 0.085938
0 0.674316 0.621094 0.084961 0.085938
0 0.470703 0.289062 0.097656 0.097656
0 0.470215 0.396484 0.084961 0.085938
0 0.471191 0.516113 0.110352 0.110352
0 0.471680 0.621582 0.109375 0.110352
0 0.372559 0.212891 0.110352 0.111328
0 0.382812 0.333496 0.097656 0.098633
0 0.373047 0.453613 0.060547 0.061523
0 0.375000 0.552246 0.109375 0.110352
0 0.373047 0.671387 0.109375 0.110352
0 0.283203 0.283691 0.097656 0.098633
0 0.287109 0.399902 0.097656 0.098633
0 0.279297 0.505371 0.097656 0.098633
0 0.279297 0.613770 0.097656 0.098633
0 0.185547 0.229980 0.097656 0.098633
0 0.186523 0.339355 0.097656 0.098633
0 0.187012 0.455566 0.073242 0.073242
0 0.188477 0.560059 0.097656 0.098633
0 0.186523 0.673340 0.097656 0.098633
0 0.096191 0.289551 0.110352 0.110352
0 0.088867 0.387207 0.097656 0.098633
0 0.085938 0.517090 0.097656 0.098633
0 0.091797 0.622559 0.109375 0.110352
0 0.094238 0.723145 0.110352 0.110352
0 0.092773 0.844727 0.085938 0.085938
0 0.188965 0.781738 0.110352 0.110352
0 0.187988 0.886719 0.110352 0.111328
0 0.283203 0.724121 0.109375 0.110352
0 0.280762 0.841309 0.110352 0.110352
0 0.371094 0.775879 0.109375 0.110352
0 0.370117 0.889160 0.109375 0.110352
0 0.470703 0.726074 0.097656 0.098633
0 0.470703 0.837402 0.109375 0.110352
0 0.473633 0.943848 0.097656 0.098633
0 0.569824 0.772949 0.110352 0.110352
0 0.564941 0.887207 0.110352 0.110352
0 0.669922 0.728516 0.085938 0.085938
0 0.673340 0.830078 0.084961 0.085938
0 0.668457 0.941406 0.084961 0.085938
0 0.755859 0.563477 0.097656 0.097656
0 0.768555 0.670898 0.097656 0.097656
0 0.764648 0.782715 0.109375 0.110352
0 0.762695 0.888184 0.109375 0.110352
0 0.860840 0.617188 0.110352 0.111328
0 0.864746 0.726562 0.110352 0.111328
0 0.864258 0.838379 0.109375 0.110352
0 0.860352 0.940918 0.097656 0.098633
0 0.854980 0.506836 0.084961 0.085938