0 0.757324 0.240234 0.073242 0.074219
0 0.845215 0.180664 0.073242 0.074219
0 0.568848 0.744629 0.073242 0.073242
0 0.943848 0.124023 0.084961 0.085938
0 0.945801 0.233398 0.084961 0.085938
0 0.851074 0.074219 0.084961 0.085938
0 0.852051 0.287109 0.073242 0.074219
0 0.847656 0.391113 0.060547 0.061523
0 0.763672 0.124023 0.085938 0.085938
0 0.082520 0.096191 0.110352 0.110352
0 0.296875 0.066895 0.097656 0.098633
0 0.286621 0.179199 0.110352 0.110352
0 0.375000 0.124023 0.085938 0.085938
0 0.471680 0.082031 0.097656 0.097656
0 0.564941 0.119141 0.084961 0.085938
0 0.668945 0.065430 0.085938 0.085938
0 0.668945 0.166016 0.097656 0.097656
1 0.758301 0.327148 0.073242 0.074219
0 0.665039 0.281250 0.097656 0.097656
0 0.658691 0.375000 0.073242 0.074219
0 0.570801 0.235352 0.084961 0.085938
0 0.570801 0.334473 0.073242 0.073242
0 0.468750 0.297363 0.097656 0.098633
0 0.474609 0.183594 0.085938 0.085938
0 0.377930 0.233398 0.085938 0.085938
0 0.375000 0.332520 0.085938 0.086914
0 0.286133 0.283691 0.097656 0.098633
0 0.173828 0.241699 0.097656 0.098633
0 0.083984 0.199707 0.097656 0.098633
0 0.083008 0.305664 0.085938 0.085938
0 0.089355 0.576172 0.084961 0.085938
0 0.091309 0.687500 0.084961 0.085938
0 0.090332 0.801758 0.110352 0.111328
0 0.085938 0.915039 0.097656 0.097656
0 0.188965 0.727539 0.073242 0.074219
0 0.185547 0.860352 0.097656 0.097656
0 0.283691 0.581543 0.073242 0.073242
0 0.283691 0.671387 0.073242 0.073242
0 0.284180 0.791016 0.085938 0.085938
0 0.285156 0.908203 0.097656 0.097656
0 0.365723 0.540527 0.073242 0.073242
0 0.369629 0.616699 0.073242 0.073242
0 0.369141 0.727051 0.060547 0.061523
0 0.376953 0.833008 0.085938 0.085938
0 0.465332 0.555176 0.073242 0.073242
0 0.468262 0.682129 0.073242 0.073242
0 0.474121 0.809082 0.073242 0.073242
0 0.474609 0.908691 0.109375 0.110352
0 0.562988 0.625000 0.122070 0.123047
0 0.568848 0.855469 0.084961 0.085938
0 0.665039 0.577637 0.097656 0.098633
0 0.667480 0.684570 0.122070 0.123047
0 0.669922 0.797363 0.109375 0.110352
0 0.657227 0.910645 0.109375 0.110352
0 0.761230 0.549805 0.084961 0.085938
0 0.761719 0.632812 0.097656 0.097656
0 0.760254 0.752930 0.122070 0.123047
0 0.766602 0.849121 0.109375 0.110352
0 0.853027 0.575195 0.084961 0.085938
0 0.854980 0.687500 0.122070 0.123047
0 0.867188 0.901367 0.085938 0.085938
0 0.947266 0.638672 0.097656 0.097656