0 0.085449 0.285645 0.061523 0.061523
0 0.373535 0.351562 0.073242 0.074219
0 0.089355 0.392578 0.073242 0.074219
0 0.754395 0.689941 0.073242 0.073242
0 0.846191 0.846191 0.061523 0.061523
0 0.932617 0.353516 0.048828 0.048828
0 0.842773 0.308594 0.048828 0.048828
0 0.837891 0.409180 0.048828 0.048828
0 0.748047 0.362305 0.037109 0.037109
0 0.737793 0.478027 0.036133 0.036133
0 0.565918 0.346680 0.036133 0.037109
1 0.468750 0.514160 0.048828 0.049805
1 0.373047 0.555664 0.048828 0.048828
1 0.368164 0.465820 0.048828 0.048828
1 0.291992 0.409668 0.060547 0.061523
1 0.189941 0.444824 0.036133 0.036133
0 0.572266 0.454102 0.085938 0.085938
1 0.465332 0.403809 0.061523 0.061523
0 0.646973 0.402344 0.024414 0.025391
0 0.935547 0.459961 0.097656 0.097656
0 0.926270 0.571777 0.110352 0.110352
0 0.936523 0.686035 0.109375 0.110352
0 0.938965 0.799316 0.110352 0.110352
0 0.933594 0.902344 0.085938 0.085938
0 0.837402 0.513184 0.110352 0.110352
0 0.842285 0.642090 0.110352 0.110352
0 0.841797 0.740723 0.097656 0.098633
0 0.752930 0.817383 0.097656 0.097656
0 0.754883 0.597656 0.097656 0.097656
0 0.663086 0.529785 0.097656 0.098633
0 0.664062 0.633789 0.097656 0.097656
0 0.657227 0.750977 0.097656 0.097656
0 0.659668 0.853516 0.084961 0.085938
0 0.755371 0.912109 0.084961 0.085938
0 0.566406 0.895020 0.097656 0.098633
0 0.565430 0.792969 0.085938 0.085938
0 0.563477 0.683105 0.097656 0.098633
0 0.564453 0.567383 0.109375 0.111328
0 0.472656 0.630859 0.085938 0.085938
0 0.472656 0.719727 0.097656 0.097656
0 0.471680 0.828613 0.097656 0.098633
0 0.473633 0.937988 0.109375 0.110352
0 0.371582 0.890137 0.110352 0.110352
0 0.375977 0.775391 0.097656 0.097656
0 0.372070 0.669922 0.097656 0.097656
0 0.285645 0.291016 0.084961 0.085938
0 0.187500 0.333984 0.085938 0.085938
0 0.285156 0.619141 0.097656 0.097656
0 0.294434 0.500977 0.084961 0.085938
0 0.280273 0.747070 0.085938 0.085938
1 0.285156 0.848145 0.097656 0.098633
0 0.285156 0.941895 0.097656 0.098633
0 0.185547 0.891113 0.109375 0.110352
0 0.184570 0.783203 0.097656 0.097656
0 0.193359 0.675293 0.109375 0.110352
0 0.193848 0.544922 0.110352 0.111328
0 0.095703 0.497070 0.085938 0.085938
0 0.097656 0.617676 0.097656 0.098633
0 0.093750 0.729492 0.097656 0.097656
0 0.087402 0.842773 0.110352 0.111328