0 0.491699 0.076172 0.073242 0.074219
0 0.670410 0.768555 0.073242 0.074219
0 0.672363 0.854492 0.073242 0.074219
0 0.873535 0.836426 0.073242 0.073242
0 0.866699 0.620117 0.073242 0.074219
0 0.592285 0.821777 0.073242 0.073242
0 0.785156 0.949707 0.060547 0.061523
0 0.590332 0.919434 0.073242 0.073242
0 0.952148 0.593750 0.085938 0.085938
0 0.954590 0.679199 0.084961 0.086914
0 0.876465 0.194824 0.110352 0.110352
0 0.880371 0.304199 0.110352 0.110352
0 0.877930 0.416504 0.097656 0.098633
0 0.879883 0.515137 0.097656 0.098633
0 0.788086 0.602051 0.060547 0.061523
0 0.787598 0.705078 0.073242 0.074219
0 0.790527 0.791016 0.084961 0.085938
0 0.781250 0.870117 0.085938 0.085938
0 0.655762 0.953613 0.061523 0.061523
0 0.409180 0.907227 0.085938 0.085938
0 0.782227 0.261230 0.109375 0.110352
0 0.789551 0.357910 0.110352 0.110352
0 0.787109 0.473145 0.109375 0.110352
0 0.691406 0.200195 0.085938 0.085938
0 0.686523 0.311035 0.109375 0.110352
0 0.688965 0.417480 0.110352 0.110352
0 0.688477 0.517578 0.109375 0.111328
0 0.676758 0.659668 0.097656 0.098633
0 0.592773 0.707520 0.097656 0.098633
0 0.607422 0.592773 0.085938 0.085938
0 0.593262 0.249512 0.084961 0.086914
0 0.599609 0.353516 0.097656 0.097656
0 0.592773 0.484863 0.097656 0.098633
0 0.491211 0.193359 0.085938 0.085938
0 0.492676 0.306641 0.084961 0.085938
0 0.500000 0.419922 0.097656 0.097656
0 0.503906 0.522949 0.109375 0.110352
0 0.514160 0.660156 0.084961 0.085938
0 0.504883 0.754395 0.097656 0.098633
0 0.491699 0.875000 0.084961 0.085938
0 0.414551 0.802246 0.110352 0.110352
0 0.406738 0.708496 0.110352 0.110352
0 0.409668 0.581055 0.110352 0.111328
0 0.412109 0.479492 0.109375 0.111328
0 0.410156 0.363770 0.097656 0.098633
1 0.410645 0.251953 0.073242 0.074219
0 0.312988 0.189453 0.084961 0.085938
0 0.310059 0.310547 0.084961 0.085938
0 0.312500 0.419434 0.109375 0.110352
0 0.315430 0.527832 0.097656 0.098633
0 0.321289 0.651367 0.085938 0.085938
0 0.316406 0.750000 0.109375 0.111328
0 0.317383 0.856934 0.097656 0.098633
0 0.235840 0.920410 0.084961 0.086914
0 0.225586 0.815430 0.085938 0.085938
0 0.226074 0.696289 0.084961 0.085938
0 0.234863 0.586914 0.084961 0.085938
0 0.237793 0.474609 0.084961 0.085938
0 0.238281 0.368652 0.097656 0.098633
0 0.223633 0.263672 0.085938 0.085938
0 0.129883 0.192871 0.097656 0.098633
0 0.125488 0.316895 0.110352 0.110352
0 0.126465 0.423340 0.110352 0.110352
0 0.130371 0.532715 0.096680 0.098633
0 0.131348 0.636719 0.084961 0.085938
0 0.124023 0.752441 0.097656 0.098633
0 0.121094 0.869629 0.109375 0.110352
1 0.415527 0.127930 0.073242 0.074219
0 0.317383 0.093750 0.085938 0.085938
0 0.880859 0.088379 0.097656 0.098633
0 0.695801 0.082520 0.110352 0.110352
0 0.789062 0.146484 0.085938 0.085938
0 0.600098 0.134766 0.084961 0.085938
0 0.129883 0.087402 0.097656 0.098633
0 0.234375 0.138184 0.097656 0.098633
0 0.871094 0.724121 0.097656 0.098633