0 0.254883 0.269043 0.109375 0.110352
0 0.929688 0.105957 0.097656 0.098633
0 0.930664 0.213379 0.097656 0.098633
0 0.927734 0.324707 0.097656 0.098633
0 0.824219 0.057129 0.109375 0.110352
0 0.827637 0.159668 0.110352 0.110352
0 0.823730 0.267090 0.110352 0.110352
0 0.726074 0.107910 0.110352 0.110352
0 0.731934 0.222168 0.110352 0.110352
0 0.731445 0.331055 0.109375 0.111328
0 0.645508 0.047852 0.085938 0.085938
0 0.634766 0.161133 0.097656 0.097656
0 0.638672 0.277344 0.097656 0.097656
0 0.542969 0.102539 0.109375 0.111328
0 0.544922 0.216797 0.109375 0.111328
0 0.539551 0.316406 0.110352 0.111328
0 0.441895 0.161133 0.110352 0.111328
0 0.446777 0.268066 0.110352 0.110352
0 0.351074 0.111816 0.110352 0.110352
0 0.355469 0.216309 0.109375 0.110352
0 0.255859 0.055176 0.097656 0.098633
0 0.252930 0.161621 0.109375 0.110352
0 0.155273 0.108887 0.109375 0.110352
0 0.159180 0.213379 0.109375 0.110352
0 0.162109 0.326660 0.048828 0.049805
0 0.253906 0.381348 0.048828 0.049805
0 0.348633 0.319336 0.048828 0.048828
0 0.065918 0.057129 0.110352 0.110352
0 0.065918 0.167480 0.110352 0.110352
0 0.068848 0.279785 0.110352 0.110352
0 0.067871 0.385742 0.084961 0.085938
0 0.068848 0.487793 0.110352 0.110352
0 0.159180 0.438965 0.109375 0.110352
0 0.255859 0.488281 0.109375 0.111328
0 0.358398 0.546875 0.085938 0.085938
0 0.352051 0.434570 0.084961 0.085938
0 0.448730 0.385742 0.084961 0.085938
0 0.445801 0.492188 0.084961 0.085938
0 0.453125 0.599609 0.097656 0.097656
0 0.448242 0.704102 0.097656 0.097656
0 0.443359 0.820801 0.097656 0.098633
0 0.542480 0.434082 0.073242 0.073242
0 0.545410 0.545898 0.084961 0.085938
0 0.544434 0.762695 0.073242 0.074219
0 0.630859 0.380371 0.097656 0.098633
0 0.636719 0.489746 0.097656 0.098633
0 0.631836 0.604980 0.097656 0.098633
0 0.641602 0.715820 0.097656 0.097656
0 0.643555 0.826172 0.097656 0.097656
0 0.733887 0.435059 0.110352 0.110352
0 0.734863 0.549316 0.110352 0.110352
0 0.729492 0.655762 0.109375 0.110352
0 0.728516 0.773926 0.109375 0.110352
0 0.729492 0.881836 0.109375 0.111328
0 0.828613 0.384277 0.110352 0.110352
0 0.825684 0.495605 0.110352 0.110352
0 0.819824 0.604004 0.110352 0.110352
0 0.827637 0.716309 0.110352 0.110352
0 0.829102 0.824707 0.109375 0.110352
0 0.929688 0.437012 0.109375 0.110352
0 0.929688 0.545410 0.097656 0.098633
0 0.925293 0.657715 0.110352 0.110352
0 0.928223 0.769043 0.110352 0.110352
0 0.927246 0.884277 0.110352 0.110352
0 0.818359 0.937012 0.109375 0.110352
0 0.543457 0.893555 0.084961 0.085938
0 0.451172 0.929199 0.097656 0.098633