0 0.302246 0.942383 0.073242 0.074219
0 0.477051 0.362305 0.073242 0.074219
0 0.479004 0.448242 0.073242 0.074219
0 0.680176 0.430176 0.073242 0.073242
0 0.673340 0.213867 0.073242 0.074219
0 0.398926 0.415527 0.073242 0.073242
0 0.591797 0.543457 0.060547 0.061523
0 0.396973 0.513184 0.073242 0.073242
0 0.956055 0.882812 0.048828 0.048828
0 0.861328 0.944336 0.048828 0.048828
0 0.771484 0.899414 0.048828 0.048828
0 0.676758 0.953125 0.037109 0.037109
0 0.494629 0.937500 0.036133 0.037109
0 0.214355 0.881836 0.084961 0.085938
0 0.116211 0.924805 0.085938 0.085938
0 0.863281 0.115723 0.097656 0.098633
0 0.858398 0.225098 0.097656 0.098633
0 0.854492 0.330566 0.097656 0.098633
0 0.865723 0.439453 0.084961 0.085938
0 0.770020 0.487305 0.084961 0.085938
0 0.775879 0.070312 0.084961 0.085938
0 0.758789 0.187500 0.085938 0.085938
0 0.761230 0.272949 0.084961 0.086914
0 0.767578 0.380859 0.097656 0.097656
0 0.686523 0.108887 0.097656 0.098633
0 0.594727 0.195801 0.060547 0.061523
0 0.594238 0.298828 0.073242 0.074219
0 0.597168 0.384766 0.084961 0.085938
0 0.587891 0.463867 0.085938 0.085938
0 0.462402 0.547363 0.061523 0.061523
0 0.215820 0.500977 0.085938 0.085938
0 0.593750 0.066895 0.109375 0.110352
0 0.495117 0.111328 0.109375 0.111328
0 0.483398 0.253418 0.097656 0.098633
0 0.399414 0.301270 0.097656 0.098633
0 0.414062 0.186523 0.085938 0.085938
0 0.399414 0.078613 0.097656 0.098633
0 0.310547 0.116699 0.109375 0.110352
0 0.320801 0.253906 0.084961 0.085938
0 0.311523 0.348145 0.097656 0.098633
0 0.298340 0.468750 0.084961 0.085938
0 0.221191 0.395996 0.110352 0.110352
0 0.213379 0.302246 0.110352 0.110352
0 0.216309 0.174805 0.110352 0.111328
0 0.218750 0.073242 0.109375 0.111328
0 0.122070 0.121582 0.097656 0.098633
0 0.127930 0.245117 0.085938 0.085938
0 0.123047 0.343750 0.109375 0.111328
0 0.124023 0.450684 0.097656 0.098633
0 0.118652 0.558594 0.084961 0.085938
0 0.044434 0.068359 0.084961 0.085938
0 0.677734 0.317871 0.097656 0.098633