0 0.135254 0.045410 0.073242 0.073242
0 0.230957 0.096680 0.084961 0.085938
0 0.227539 0.212891 0.085938 0.085938
0 0.132812 0.151367 0.085938 0.085938
0 0.133789 0.262695 0.097656 0.097656
0 0.137695 0.371582 0.097656 0.098633
0 0.130859 0.479980 0.097656 0.098633
0 0.129883 0.594727 0.085938 0.085938
0 0.133301 0.704102 0.084961 0.085938
0 0.227051 0.311523 0.084961 0.085938
0 0.227051 0.423828 0.084961 0.085938
0 0.227539 0.537598 0.097656 0.098633
0 0.229492 0.649414 0.085938 0.085938
0 0.225586 0.760742 0.085938 0.085938
0 0.226562 0.868164 0.085938 0.085938
0 0.130371 0.812500 0.084961 0.085938
0 0.129883 0.929688 0.097656 0.097656