0 0.645020 0.576172 0.084961 0.085938
0 0.641113 0.698730 0.110352 0.110352
0 0.641113 0.811523 0.110352 0.111328
0 0.640625 0.913086 0.109375 0.111328
0 0.541504 0.864746 0.110352 0.110352
0 0.540039 0.745117 0.109375 0.111328
0 0.541504 0.641113 0.110352 0.110352
0 0.455078 0.579590 0.097656 0.098633
0 0.455078 0.688965 0.109375 0.110352
0 0.457520 0.807129 0.110352 0.110352
0 0.452148 0.919434 0.109375 0.110352
0 0.352539 0.748535 0.097656 0.098633
0 0.356445 0.627930 0.097656 0.097656
0 0.261230 0.694336 0.084961 0.085938
0 0.264648 0.802246 0.109375 0.110352
0 0.254395 0.914062 0.110352 0.111328
0 0.165039 0.847656 0.097656 0.097656
0 0.164062 0.709473 0.097656 0.098633
0 0.164062 0.619629 0.109375 0.110352
0 0.072266 0.579590 0.097656 0.098633
0 0.076172 0.696777 0.109375 0.110352
0 0.078613 0.808594 0.084961 0.085938
0 0.926758 0.529297 0.085938 0.085938
0 0.917480 0.647949 0.110352 0.110352
0 0.919922 0.751953 0.085938 0.085938
0 0.924805 0.866699 0.097656 0.098633
0 0.819336 0.919434 0.109375 0.110352
0 0.828125 0.805176 0.097656 0.098633
0 0.824219 0.705078 0.097656 0.097656
0 0.831055 0.583984 0.097656 0.097656
0 0.738281 0.544922 0.109375 0.111328
0 0.734375 0.647949 0.097656 0.098633
0 0.737793 0.756836 0.084961 0.085938
0 0.728516 0.867676 0.109375 0.110352
0 0.934082 0.126465 0.110352 0.110352
0 0.933594 0.247559 0.097656 0.098633
0 0.935059 0.342773 0.110352 0.111328
0 0.836914 0.290527 0.097656 0.098633
0 0.840820 0.170898 0.085938 0.085938
0 0.840820 0.071777 0.109375 0.110352
0 0.765625 0.152832 0.109375 0.110352
0 0.752930 0.248535 0.109375 0.110352
0 0.738281 0.351562 0.097656 0.097656
0 0.657227 0.302246 0.109375 0.110352
0 0.653320 0.184082 0.109375 0.110352
1 0.654785 0.085938 0.084961 0.085938
0 0.553711 0.128906 0.097656 0.097656
0 0.553711 0.244629 0.109375 0.110352
0 0.555176 0.342285 0.110352 0.110352
0 0.457031 0.300293 0.109375 0.110352
0 0.458008 0.186035 0.097656 0.098633
0 0.468750 0.070312 0.109375 0.111328
0 0.285156 0.086914 0.097656 0.097656
0 0.267090 0.187012 0.110352 0.110352
0 0.264160 0.272949 0.110352 0.110352
0 0.369141 0.282227 0.109375 0.111328
0 0.360352 0.138184 0.097656 0.098633
1 0.168457 0.097168 0.073242 0.073242
0 0.172852 0.202637 0.097656 0.098633
0 0.168457 0.311035 0.110352 0.110352
0 0.084961 0.271484 0.097656 0.097656
0 0.089844 0.193848 0.097656 0.098633