0 0.565918 0.353027 0.073242 0.073242
0 0.471191 0.310547 0.073242 0.074219
0 0.939453 0.079590 0.097656 0.098633
0 0.847168 0.131348 0.073242 0.073242
0 0.748047 0.078613 0.097656 0.098633
0 0.655762 0.124023 0.073242 0.074219
0 0.558594 0.072266 0.085938 0.085938
0 0.461914 0.121094 0.097656 0.097656
0 0.370117 0.072266 0.097656 0.097656
0 0.265625 0.115723 0.060547 0.061523
1 0.176270 0.051758 0.073242 0.074219
0 0.076660 0.099609 0.073242 0.074219
0 0.083008 0.302246 0.097656 0.098633
0 0.085449 0.409180 0.122070 0.123047
0 0.087891 0.521973 0.109375 0.110352
0 0.075195 0.635254 0.109375 0.110352
0 0.078613 0.744629 0.110352 0.110352
0 0.179199 0.274414 0.084961 0.085938
0 0.179688 0.357422 0.097656 0.097656
0 0.178223 0.477539 0.122070 0.123047
0 0.184570 0.573730 0.109375 0.110352
0 0.189453 0.689941 0.109375 0.110352
0 0.182617 0.797363 0.109375 0.110352
0 0.270996 0.299805 0.084961 0.085938
0 0.272949 0.412109 0.122070 0.123047
0 0.285156 0.625977 0.085938 0.085938
0 0.268555 0.743652 0.109375 0.110352
0 0.365234 0.363281 0.097656 0.097656
0 0.373535 0.469727 0.122070 0.123047
0 0.373535 0.579102 0.110352 0.111328
0 0.371582 0.681152 0.110352 0.110352
0 0.364746 0.796387 0.110352 0.110352
0 0.460938 0.405762 0.109375 0.110352
0 0.465820 0.518555 0.109375 0.111328
0 0.465332 0.630859 0.122070 0.123047
0 0.463379 0.745605 0.110352 0.110352
0 0.561035 0.463379 0.110352 0.110352
0 0.563965 0.574219 0.122070 0.123047
0 0.562988 0.686523 0.122070 0.123047
0 0.568359 0.791016 0.109375 0.111328
0 0.658691 0.302246 0.061523 0.061523
0 0.657227 0.408691 0.097656 0.098633
0 0.656250 0.520996 0.097656 0.098633
0 0.663086 0.614258 0.097656 0.097656
0 0.656738 0.741211 0.122070 0.123047
0 0.756836 0.351074 0.097656 0.098633
0 0.750977 0.469238 0.097656 0.098633
0 0.750488 0.565430 0.122070 0.123047
0 0.749512 0.681641 0.122070 0.123047
0 0.749512 0.794922 0.122070 0.123047
0 0.853516 0.300293 0.060547 0.061523
0 0.845703 0.406738 0.097656 0.098633
0 0.845703 0.516113 0.097656 0.098633
0 0.848145 0.632812 0.122070 0.123047
0 0.846191 0.748047 0.122070 0.123047
0 0.942871 0.354492 0.084961 0.085938
0 0.938477 0.462402 0.097656 0.098633
0 0.946289 0.684082 0.097656 0.098633
0 0.937012 0.906250 0.122070 0.123047
0 0.846191 0.847656 0.122070 0.123047
0 0.751465 0.903320 0.122070 0.123047
0 0.662109 0.839844 0.097656 0.097656
0 0.562500 0.905273 0.097656 0.097656
0 0.463379 0.857422 0.110352 0.111328
0 0.370117 0.904785 0.109375 0.110352
0 0.272461 0.856934 0.109375 0.110352
0 0.178223 0.900879 0.110352 0.110352
0 0.074707 0.854004 0.110352 0.110352