0 0.464355 0.178711 0.084961 0.085938
0 0.469238 0.295410 0.073242 0.073242
0 0.559082 0.120605 0.073242 0.073242
0 0.564941 0.346680 0.084961 0.085938
0 0.558105 0.234863 0.061523 0.061523
0 0.561523 0.462891 0.085938 0.085938
0 0.463379 0.069824 0.073242 0.073242
0 0.466797 0.401367 0.085938 0.085938
0 0.467773 0.512695 0.097656 0.097656
0 0.371094 0.126953 0.085938 0.085938
0 0.367188 0.238770 0.097656 0.098633
0 0.370117 0.346680 0.085938 0.085938
0 0.370117 0.453125 0.097656 0.097656
0 0.274414 0.073730 0.097656 0.098633
0 0.274414 0.181152 0.097656 0.098633
0 0.276855 0.295898 0.084961 0.085938
0 0.279785 0.404297 0.084961 0.085938
0 0.278320 0.508789 0.097656 0.097656
0 0.182617 0.122559 0.097656 0.098633
0 0.185547 0.235352 0.097656 0.097656
0 0.182129 0.354492 0.084961 0.085938
0 0.180664 0.457031 0.097656 0.097656
0 0.092773 0.067383 0.097656 0.097656
0 0.089844 0.187500 0.085938 0.085938
0 0.092285 0.295898 0.073242 0.074219
0 0.090332 0.404297 0.073242 0.074219
0 0.082520 0.516113 0.073242 0.073242
0 0.087402 0.622070 0.073242 0.074219
0 0.083984 0.734375 0.097656 0.097656
0 0.089355 0.845703 0.084961 0.085938
0 0.185547 0.564941 0.097656 0.098633
0 0.181641 0.678711 0.085938 0.085938
0 0.179688 0.781250 0.097656 0.097656
0 0.180664 0.895508 0.085938 0.085938
0 0.278320 0.616699 0.097656 0.098633
0 0.283203 0.734863 0.097656 0.098633
0 0.286133 0.840820 0.097656 0.097656
0 0.372070 0.567871 0.085938 0.086914
0 0.372070 0.675293 0.097656 0.098633
0 0.371094 0.783691 0.097656 0.098633
0 0.372070 0.913574 0.097656 0.098633
0 0.471680 0.621582 0.097656 0.098633
0 0.464844 0.729980 0.097656 0.098633
0 0.463867 0.844727 0.085938 0.085938
0 0.467285 0.954102 0.084961 0.085938
0 0.561035 0.561523 0.084961 0.085938
0 0.561035 0.673828 0.084961 0.085938
0 0.561523 0.787598 0.097656 0.098633
0 0.563477 0.899414 0.085938 0.085938