0 0.274414 0.792480 0.109375 0.110352
0 0.940430 0.729004 0.085938 0.086914
0 0.454590 0.892578 0.073242 0.074219
0 0.078613 0.121582 0.110352 0.110352
0 0.082031 0.231445 0.097656 0.097656
0 0.746094 0.160645 0.097656 0.098633
0 0.847168 0.102539 0.073242 0.074219
0 0.944336 0.055664 0.097656 0.097656
0 0.946289 0.166016 0.097656 0.097656
0 0.935059 0.291992 0.110352 0.111328
0 0.937988 0.400391 0.084961 0.085938
0 0.931152 0.519531 0.084961 0.085938
0 0.937500 0.623047 0.085938 0.085938
0 0.846191 0.233398 0.084961 0.085938
0 0.853027 0.347168 0.024414 0.024414
0 0.846680 0.465820 0.037109 0.037109
0 0.849121 0.571777 0.024414 0.024414
0 0.843262 0.685059 0.024414 0.024414
0 0.751465 0.493652 0.024414 0.024414
0 0.751465 0.604004 0.024414 0.024414
0 0.747559 0.719238 0.024414 0.024414
0 0.753906 0.269043 0.097656 0.098633
0 0.751953 0.374512 0.097656 0.098633
0 0.743652 0.828613 0.024414 0.024414
0 0.746582 0.910645 0.024414 0.024414
0 0.844238 0.771973 0.024414 0.024414
0 0.837402 0.879395 0.024414 0.024414
0 0.937500 0.910156 0.037109 0.037109
0 0.934570 0.827637 0.109375 0.110352
0 0.460938 0.459473 0.097656 0.098633
0 0.464844 0.562988 0.109375 0.110352
0 0.456055 0.673828 0.097656 0.097656
0 0.460938 0.785156 0.097656 0.097656
1 0.363281 0.514648 0.085938 0.085938
0 0.364258 0.627930 0.097656 0.097656
0 0.359863 0.732910 0.110352 0.110352
0 0.360352 0.842285 0.097656 0.098633
0 0.274902 0.451172 0.110352 0.111328
0 0.272949 0.564453 0.110352 0.111328
0 0.272461 0.676758 0.097656 0.097656
0 0.276855 0.897949 0.073242 0.073242
0 0.175293 0.403320 0.110352 0.111328
0 0.174805 0.506836 0.109375 0.111328
0 0.171875 0.628418 0.109375 0.110352
0 0.173828 0.735840 0.097656 0.098633
0 0.177734 0.840332 0.097656 0.098633
0 0.077148 0.454590 0.109375 0.110352
0 0.082031 0.562988 0.097656 0.098633
0 0.083008 0.673340 0.097656 0.098633
0 0.083008 0.779785 0.097656 0.098633
0 0.085449 0.892090 0.073242 0.073242
0 0.080078 0.343750 0.109375 0.111328