0 0.942871 0.078613 0.073242 0.073242
0 0.940430 0.184570 0.085938 0.085938
0 0.941406 0.295898 0.097656 0.097656
0 0.843750 0.129883 0.085938 0.085938
0 0.843750 0.236328 0.097656 0.097656
0 0.750488 0.079102 0.084961 0.085938
0 0.753418 0.187500 0.084961 0.085938
0 0.751953 0.291992 0.097656 0.097656
0 0.655762 0.137695 0.084961 0.085938
0 0.654297 0.240234 0.097656 0.097656
0 0.565918 0.079102 0.073242 0.074219
0 0.563965 0.187500 0.073242 0.074219
0 0.556152 0.299316 0.073242 0.073242
0 0.472168 0.129883 0.084961 0.085938
0 0.473633 0.238770 0.097656 0.098633
0 0.376465 0.075195 0.084961 0.085938
0 0.375000 0.187012 0.097656 0.098633
0 0.375000 0.301270 0.097656 0.098633
0 0.279297 0.130859 0.085938 0.085938
0 0.281250 0.239746 0.097656 0.098633
0 0.188477 0.076660 0.097656 0.098633
0 0.189453 0.184082 0.097656 0.098633
0 0.186523 0.295410 0.097656 0.098633
0 0.086426 0.130371 0.110352 0.110352
0 0.082520 0.237793 0.110352 0.110352
0 0.087402 0.354980 0.110352 0.110352
0 0.084473 0.466309 0.110352 0.110352
0 0.078613 0.574707 0.110352 0.110352
0 0.086426 0.687012 0.110352 0.110352
0 0.087891 0.795410 0.109375 0.110352
0 0.188477 0.407715 0.109375 0.110352
0 0.188477 0.516113 0.097656 0.098633
0 0.184082 0.628418 0.110352 0.110352
0 0.187012 0.739746 0.110352 0.110352
0 0.186035 0.854980 0.110352 0.110352
0 0.281250 0.348145 0.109375 0.110352
0 0.288086 0.472168 0.109375 0.110352
0 0.281250 0.575684 0.109375 0.110352
0 0.281250 0.691895 0.109375 0.110352
0 0.278320 0.795410 0.109375 0.110352
0 0.375977 0.402344 0.097656 0.097656
0 0.372559 0.518066 0.110352 0.110352
0 0.378906 0.633301 0.109375 0.110352
0 0.374023 0.744629 0.097656 0.098633
0 0.379883 0.852051 0.109375 0.110352
0 0.469238 0.353516 0.073242 0.074219
0 0.471680 0.460938 0.097656 0.097656
0 0.468262 0.568848 0.110352 0.110352
0 0.471191 0.686035 0.110352 0.110352
0 0.470215 0.800781 0.084961 0.085938
0 0.561035 0.405273 0.073242 0.074219
0 0.557617 0.517578 0.097656 0.097656
0 0.562988 0.628906 0.084961 0.085938
0 0.561523 0.739746 0.097656 0.098633
0 0.659180 0.348145 0.097656 0.098633
0 0.655273 0.461914 0.085938 0.085938
0 0.653320 0.564453 0.097656 0.097656
0 0.654297 0.678711 0.085938 0.085938
0 0.657227 0.794922 0.085938 0.085938
0 0.751953 0.399902 0.097656 0.098633
0 0.756836 0.518066 0.097656 0.098633
0 0.759766 0.624023 0.097656 0.097656
0 0.758789 0.741211 0.097656 0.097656
0 0.845703 0.351074 0.085938 0.086914
0 0.845703 0.458496 0.097656 0.098633
0 0.844727 0.566895 0.097656 0.098633
0 0.845703 0.696777 0.097656 0.098633
0 0.945312 0.404785 0.097656 0.098633
0 0.938477 0.513184 0.097656 0.098633
0 0.937500 0.627930 0.085938 0.085938
0 0.940918 0.737305 0.084961 0.085938
0 0.848145 0.807617 0.084961 0.085938
0 0.937988 0.845703 0.084961 0.085938
1 0.844238 0.902344 0.084961 0.085938
0 0.754883 0.849609 0.085938 0.085938
0 0.660156 0.898926 0.097656 0.098633
0 0.559082 0.852539 0.084961 0.085938
0 0.470703 0.906738 0.097656 0.098633
1 0.272949 0.914551 0.110352 0.110352
0 0.077148 0.907715 0.109375 0.110352