0 0.301270 0.136719 0.073242 0.074219
0 0.109375 0.687988 0.109375 0.110352
0 0.115723 0.564453 0.110352 0.111328
0 0.109375 0.458984 0.097656 0.097656
0 0.116211 0.348633 0.097656 0.097656
0 0.115234 0.243164 0.097656 0.097656
0 0.112305 0.128418 0.097656 0.098633
0 0.205566 0.077637 0.110352 0.110352
0 0.205566 0.192383 0.110352 0.111328
0 0.208008 0.303223 0.097656 0.098633
0 0.209961 0.409668 0.097656 0.098633
0 0.210449 0.507324 0.110352 0.110352
0 0.207520 0.611328 0.110352 0.111328
0 0.305664 0.567383 0.097656 0.097656
0 0.295410 0.461914 0.084961 0.085938
0 0.305664 0.346191 0.097656 0.098633
0 0.304688 0.243164 0.097656 0.097656
0 0.403320 0.171875 0.097656 0.097656
0 0.396484 0.285156 0.097656 0.097656
0 0.392578 0.390137 0.097656 0.098633
0 0.396484 0.500977 0.097656 0.097656
0 0.393555 0.602539 0.085938 0.085938
0 0.297852 0.685547 0.097656 0.097656
0 0.490234 0.654785 0.097656 0.098633
0 0.485352 0.452637 0.097656 0.098633
0 0.488281 0.330566 0.097656 0.098633
0 0.496094 0.225098 0.097656 0.098633
0 0.490234 0.078613 0.097656 0.098633
0 0.586914 0.060059 0.109375 0.110352
0 0.581543 0.170410 0.110352 0.110352
0 0.579102 0.270996 0.097656 0.098633
0 0.582520 0.363281 0.110352 0.111328
0 0.586426 0.496094 0.110352 0.111328
0 0.579590 0.604980 0.110352 0.110352
0 0.677734 0.656250 0.097656 0.097656
0 0.681641 0.545410 0.097656 0.098633
0 0.681641 0.431152 0.097656 0.098633
0 0.676758 0.322754 0.109375 0.110352
0 0.677246 0.215332 0.110352 0.110352
0 0.679688 0.094238 0.097656 0.098633
0 0.779297 0.052734 0.097656 0.097656
0 0.768555 0.157715 0.097656 0.098633
0 0.772461 0.267090 0.109375 0.110352
0 0.768555 0.379395 0.109375 0.110352
0 0.763672 0.493652 0.097656 0.098633
0 0.768555 0.600098 0.097656 0.098633
0 0.858887 0.663086 0.084961 0.085938
0 0.864258 0.534180 0.085938 0.085938
0 0.864258 0.423828 0.085938 0.085938
0 0.864258 0.099609 0.097656 0.097656
0 0.866211 0.217773 0.097656 0.097656
0 0.864258 0.317871 0.097656 0.098633
0 0.859375 0.770996 0.097656 0.098633
0 0.861328 0.881348 0.097656 0.098633
0 0.765625 0.938965 0.097656 0.098633
0 0.765625 0.821289 0.085938 0.085938
0 0.764648 0.714844 0.085938 0.085938
0 0.673828 0.761230 0.097656 0.098633
0 0.670898 0.868652 0.097656 0.098633
0 0.582520 0.925781 0.110352 0.111328
0 0.576660 0.835449 0.110352 0.110352
0 0.582520 0.709473 0.110352 0.110352
0 0.492188 0.761719 0.097656 0.097656
0 0.492188 0.873047 0.097656 0.097656
0 0.389648 0.946289 0.085938 0.085938
0 0.397461 0.825195 0.097656 0.097656
0 0.389648 0.718750 0.097656 0.097656
0 0.300781 0.790039 0.097656 0.097656
0 0.294922 0.886230 0.097656 0.098633
0 0.212402 0.839355 0.110352 0.110352
0 0.203613 0.728027 0.110352 0.110352
0 0.117188 0.794434 0.097656 0.098633
0 0.102539 0.905762 0.109375 0.110352