0 0.818848 0.645508 0.073242 0.074219
0 0.727051 0.726074 0.073242 0.073242
0 0.919434 0.932617 0.073242 0.074219
0 0.538574 0.806641 0.084961 0.085938
0 0.533691 0.702148 0.084961 0.085938
0 0.533691 0.583984 0.084961 0.085938
0 0.452148 0.541016 0.085938 0.085938
0 0.345215 0.592773 0.084961 0.085938
0 0.348633 0.684082 0.085938 0.086914
0 0.445801 0.642578 0.084961 0.085938
0 0.441895 0.740234 0.084961 0.085938
0 0.722168 0.611816 0.061523 0.061523
0 0.064453 0.760254 0.097656 0.098633
0 0.062012 0.645020 0.110352 0.110352
0 0.067383 0.538086 0.109375 0.111328
0 0.071289 0.427246 0.097656 0.098633
0 0.071289 0.324707 0.109375 0.110352
0 0.067383 0.208008 0.085938 0.085938
0 0.064941 0.102539 0.084961 0.085938
0 0.169922 0.054688 0.085938 0.085938
0 0.163086 0.155762 0.097656 0.098633
0 0.162109 0.267578 0.097656 0.097656
0 0.160156 0.374512 0.097656 0.098633
0 0.167969 0.487793 0.109375 0.110352
0 0.155273 0.599121 0.097656 0.098633
0 0.159180 0.711426 0.097656 0.098633
0 0.160156 0.816895 0.097656 0.098633
0 0.265625 0.756836 0.097656 0.097656
0 0.266113 0.654297 0.084961 0.085938
0 0.255859 0.537109 0.109375 0.111328
0 0.255859 0.447266 0.109375 0.111328
0 0.257812 0.081543 0.097656 0.098633
1 0.254883 0.226074 0.097656 0.098633
0 0.255859 0.322266 0.097656 0.097656
0 0.353516 0.161133 0.097656 0.097656
0 0.357422 0.269043 0.097656 0.098633
0 0.352539 0.382324 0.097656 0.098633
0 0.350586 0.472168 0.097656 0.098633
0 0.349609 0.819336 0.097656 0.097656
0 0.445312 0.100098 0.109375 0.110352
0 0.442383 0.205566 0.109375 0.110352
0 0.450195 0.315918 0.109375 0.110352
0 0.446289 0.424316 0.097656 0.098633
0 0.544434 0.161133 0.084961 0.085938
0 0.536621 0.265137 0.110352 0.110352
0 0.545410 0.373047 0.084961 0.085938
0 0.545898 0.450195 0.097656 0.097656
0 0.633789 0.122559 0.097656 0.098633
0 0.634766 0.213867 0.085938 0.085938
0 0.642578 0.332031 0.085938 0.085938
0 0.642578 0.428223 0.097656 0.098633
0 0.634766 0.546875 0.085938 0.085938
0 0.629395 0.650391 0.084961 0.085938
0 0.631836 0.780273 0.085938 0.085938
0 0.732422 0.055176 0.097656 0.098633
0 0.740723 0.167969 0.084961 0.085938
0 0.736816 0.269531 0.110352 0.111328
0 0.735352 0.376465 0.109375 0.110352
0 0.734375 0.476074 0.109375 0.110352
0 0.834961 0.537598 0.109375 0.110352
0 0.840332 0.431152 0.110352 0.110352
0 0.838867 0.328125 0.109375 0.111328
0 0.837891 0.209961 0.097656 0.097656
0 0.836914 0.099121 0.097656 0.098633
0 0.925781 0.152832 0.109375 0.110352
0 0.926758 0.258301 0.097656 0.098633
0 0.925781 0.372559 0.109375 0.110352
0 0.919922 0.486816 0.097656 0.098633
0 0.923828 0.588379 0.109375 0.110352
0 0.922852 0.822754 0.097656 0.098633
0 0.826660 0.879883 0.110352 0.111328
0 0.735352 0.928711 0.097656 0.097656
0 0.446777 0.874023 0.084961 0.085938
0 0.338867 0.920410 0.109375 0.110352
0 0.264648 0.855957 0.085938 0.086914
0 0.152344 0.936035 0.097656 0.098633
0 0.058594 0.869629 0.097656 0.098633