0 0.601074 0.305664 0.073242 0.074219
0 0.886719 0.257812 0.097656 0.097656
0 0.889648 0.371094 0.097656 0.097656
0 0.887695 0.472168 0.097656 0.098633
0 0.883789 0.580078 0.085938 0.085938
0 0.890625 0.700195 0.097656 0.097656
0 0.887695 0.818359 0.109375 0.111328
0 0.883789 0.916016 0.097656 0.097656
0 0.790039 0.862793 0.097656 0.098633
0 0.791016 0.744141 0.097656 0.097656
0 0.787109 0.209961 0.085938 0.085938
0 0.788574 0.308594 0.084961 0.085938
0 0.791016 0.422852 0.085938 0.085938
0 0.791992 0.532227 0.085938 0.085938
0 0.791992 0.634766 0.085938 0.085938
0 0.692871 0.250977 0.084961 0.085938
0 0.688965 0.353516 0.084961 0.085938
0 0.127930 0.687500 0.048828 0.048828
0 0.127441 0.789062 0.084961 0.085938
0 0.129883 0.904785 0.085938 0.086914
0 0.688965 0.468750 0.084961 0.085938
0 0.687500 0.577637 0.109375 0.110352
0 0.686035 0.684570 0.084961 0.085938
0 0.684570 0.804199 0.097656 0.098633
0 0.689453 0.919434 0.109375 0.110352
0 0.594238 0.855957 0.110352 0.110352
0 0.594238 0.747559 0.110352 0.110352
0 0.593262 0.632324 0.110352 0.110352
0 0.594238 0.520020 0.110352 0.110352
0 0.595703 0.408203 0.097656 0.097656
0 0.506836 0.344727 0.085938 0.085938
0 0.491211 0.472168 0.097656 0.098633
0 0.497070 0.581543 0.097656 0.098633
0 0.493652 0.690918 0.110352 0.110352
0 0.500000 0.802246 0.109375 0.110352
0 0.495605 0.914551 0.110352 0.110352
0 0.408203 0.831055 0.097656 0.097656
0 0.405273 0.731934 0.097656 0.098633
0 0.405273 0.642090 0.097656 0.098633
0 0.411133 0.519043 0.097656 0.098633
0 0.309570 0.907715 0.097656 0.098633
0 0.310059 0.791992 0.084961 0.085938
0 0.310547 0.249512 0.097656 0.098633
0 0.217773 0.201172 0.097656 0.097656
0 0.219727 0.297363 0.097656 0.098633
0 0.214844 0.414551 0.109375 0.110352
0 0.211914 0.520020 0.109375 0.110352
0 0.120117 0.243652 0.097656 0.098633
0 0.126953 0.349121 0.097656 0.098633
0 0.121582 0.461426 0.110352 0.110352
0 0.118652 0.575684 0.110352 0.110352
0 0.880859 0.141113 0.097656 0.098633
0 0.788574 0.113281 0.084961 0.085938
0 0.421387 0.067383 0.084961 0.085938
0 0.319336 0.120117 0.097656 0.097656
0 0.217773 0.080078 0.097656 0.097656
0 0.131836 0.124023 0.097656 0.097656