0 0.062012 0.791504 0.073242 0.073242
0 0.059082 0.894531 0.073242 0.074219
0 0.924805 0.732910 0.109375 0.110352
0 0.918457 0.847168 0.110352 0.110352
0 0.825195 0.774414 0.085938 0.085938
0 0.820312 0.891113 0.097656 0.098633
0 0.724609 0.729492 0.085938 0.085938
0 0.728516 0.849609 0.097656 0.097656
0 0.721680 0.948242 0.097656 0.097656
0 0.632812 0.779297 0.109375 0.111328
0 0.633789 0.889648 0.109375 0.111328
0 0.541016 0.837402 0.109375 0.110352
0 0.530762 0.741699 0.110352 0.110352
0 0.452148 0.897461 0.097656 0.097656
0 0.347168 0.846191 0.110352 0.110352
0 0.351074 0.725586 0.110352 0.111328
0 0.169922 0.725098 0.097656 0.098633
0 0.932617 0.082031 0.097656 0.097656
0 0.930664 0.183105 0.097656 0.098633
0 0.926758 0.291016 0.085938 0.085938
0 0.933594 0.411133 0.097656 0.097656
0 0.930664 0.529297 0.109375 0.111328
0 0.926758 0.626953 0.097656 0.097656
0 0.828125 0.673828 0.085938 0.085938
0 0.833008 0.573730 0.097656 0.098633
0 0.833984 0.455078 0.097656 0.097656
0 0.833984 0.133789 0.085938 0.085938
0 0.834961 0.243164 0.085938 0.085938
0 0.834961 0.345703 0.085938 0.085938
0 0.731934 0.064453 0.084961 0.085938
0 0.170898 0.398438 0.048828 0.048828
0 0.170410 0.500000 0.084961 0.085938
0 0.172852 0.615723 0.085938 0.086914
0 0.731934 0.179688 0.084961 0.085938
0 0.730469 0.288574 0.109375 0.110352
0 0.729004 0.395508 0.084961 0.085938
0 0.727539 0.515137 0.097656 0.098633
0 0.732422 0.630371 0.109375 0.110352
0 0.640625 0.678711 0.109375 0.111328
0 0.637207 0.566895 0.110352 0.110352
0 0.637207 0.458496 0.110352 0.110352
0 0.636230 0.343262 0.110352 0.110352
0 0.637207 0.230957 0.110352 0.110352
0 0.638672 0.119141 0.097656 0.097656
0 0.549805 0.055664 0.085938 0.085938
0 0.534180 0.183105 0.097656 0.098633
0 0.540039 0.292480 0.097656 0.098633
0 0.536621 0.401855 0.110352 0.110352
0 0.542969 0.513184 0.109375 0.110352
0 0.538574 0.625488 0.110352 0.110352
0 0.455078 0.679688 0.097656 0.097656
0 0.451172 0.541992 0.097656 0.097656
0 0.448242 0.442871 0.097656 0.098633
0 0.448242 0.353027 0.097656 0.098633
0 0.454102 0.229980 0.097656 0.098633
0 0.352539 0.618652 0.097656 0.098633
0 0.353027 0.502930 0.084961 0.085938
0 0.257812 0.125488 0.109375 0.110352
0 0.254883 0.230957 0.109375 0.110352
0 0.169922 0.060059 0.097656 0.098633
0 0.164551 0.172363 0.110352 0.110352
0 0.161621 0.286621 0.110352 0.110352
0 0.070312 0.230469 0.109375 0.111328
0 0.079102 0.096680 0.097656 0.097656
0 0.075195 0.337402 0.109375 0.110352
0 0.075195 0.445312 0.085938 0.085938
0 0.069336 0.678711 0.085938 0.085938