0 0.342773 0.083496 0.109375 0.110352
0 0.911621 0.081543 0.110352 0.110352
0 0.819336 0.145508 0.109375 0.111328
0 0.726562 0.091797 0.097656 0.097656
0 0.627441 0.130859 0.110352 0.111328
0 0.534668 0.082520 0.110352 0.110352
0 0.250000 0.141113 0.048828 0.049805
0 0.341797 0.195801 0.048828 0.049805
0 0.436523 0.133789 0.048828 0.048828
0 0.156738 0.094238 0.110352 0.110352
0 0.155762 0.200195 0.084961 0.085938
0 0.051270 0.253418 0.073242 0.073242
0 0.156738 0.302246 0.110352 0.110352
0 0.247070 0.253418 0.109375 0.110352
0 0.343750 0.302734 0.109375 0.111328
0 0.446289 0.361328 0.085938 0.085938
0 0.439941 0.249023 0.084961 0.085938
0 0.536621 0.200195 0.084961 0.085938
0 0.533691 0.306641 0.084961 0.085938
0 0.541016 0.414062 0.097656 0.097656
0 0.536133 0.518555 0.097656 0.097656
0 0.531250 0.635254 0.097656 0.098633
0 0.630371 0.248535 0.073242 0.073242
0 0.633301 0.360352 0.084961 0.085938
0 0.632324 0.577148 0.073242 0.074219
0 0.718750 0.194824 0.097656 0.098633
0 0.724609 0.304199 0.097656 0.098633
0 0.719727 0.419434 0.097656 0.098633
0 0.729492 0.530273 0.097656 0.097656
0 0.731445 0.640625 0.097656 0.097656
0 0.821777 0.249512 0.110352 0.110352
0 0.822754 0.363770 0.110352 0.110352
0 0.817383 0.470215 0.109375 0.110352
0 0.816406 0.588379 0.109375 0.110352
0 0.817383 0.696289 0.109375 0.111328
0 0.916504 0.198730 0.110352 0.110352
0 0.913574 0.310059 0.110352 0.110352
0 0.907715 0.418457 0.110352 0.110352
0 0.915527 0.530762 0.110352 0.110352
0 0.916992 0.639160 0.109375 0.110352
0 0.906250 0.751465 0.109375 0.110352
0 0.909180 0.862305 0.109375 0.111328
0 0.820312 0.799805 0.109375 0.111328
0 0.820801 0.907227 0.084961 0.085938
0 0.720215 0.766602 0.110352 0.111328
0 0.723145 0.875000 0.084961 0.085938
0 0.631348 0.708008 0.084961 0.085938
0 0.638184 0.821777 0.024414 0.024414
0 0.631836 0.940430 0.037109 0.037109
0 0.536621 0.968262 0.024414 0.024414
0 0.539062 0.743652 0.097656 0.098633
0 0.537109 0.849121 0.097656 0.098633
0 0.246094 0.934082 0.097656 0.098633
0 0.060059 0.925781 0.110352 0.111328