0 0.299316 0.216797 0.073242 0.074219
0 0.580566 0.139160 0.073242 0.073242
0 0.398926 0.046387 0.073242 0.073242
0 0.666504 0.221191 0.073242 0.073242
0 0.663574 0.324219 0.073242 0.074219
0 0.097168 0.729492 0.073242 0.074219
0 0.770020 0.532227 0.073242 0.074219
0 0.949707 0.705078 0.084961 0.085938
0 0.774414 0.154785 0.097656 0.098633
0 0.490234 0.197266 0.085938 0.085938
0 0.478516 0.310547 0.085938 0.085938
0 0.589844 0.252441 0.085938 0.086914
0 0.588379 0.364258 0.084961 0.085938
0 0.658203 0.415039 0.085938 0.085938
0 0.581543 0.508789 0.084961 0.085938
0 0.668457 0.564453 0.084961 0.085938
0 0.772949 0.609375 0.084961 0.085938
0 0.574707 0.919434 0.110352 0.110352
0 0.579102 0.814453 0.097656 0.097656
0 0.583008 0.720703 0.097656 0.097656
0 0.772461 0.710449 0.097656 0.098633
0 0.666992 0.770020 0.097656 0.098633
0 0.669434 0.873047 0.084961 0.085938
0 0.583008 0.620117 0.085938 0.085938
0 0.664551 0.657227 0.084961 0.085938
0 0.484863 0.443848 0.110352 0.110352
0 0.482422 0.534668 0.109375 0.110352
0 0.478027 0.662109 0.110352 0.111328
0 0.481934 0.757324 0.110352 0.110352
0 0.488281 0.881836 0.109375 0.111328
0 0.391602 0.821777 0.109375 0.110352
0 0.391602 0.715332 0.109375 0.110352
0 0.387695 0.605957 0.109375 0.110352
0 0.298828 0.450195 0.085938 0.085938
0 0.298828 0.548828 0.085938 0.085938
0 0.292969 0.665527 0.097656 0.098633
0 0.291992 0.768555 0.097656 0.097656
0 0.199219 0.156738 0.097656 0.098633
0 0.196777 0.272949 0.110352 0.110352
0 0.098633 0.319824 0.097656 0.098633
0 0.107910 0.211426 0.110352 0.110352
0 0.103516 0.436523 0.085938 0.085938
0 0.101074 0.558594 0.084961 0.085938
0 0.102051 0.640625 0.084961 0.085938
0 0.200195 0.791016 0.085938 0.085938
0 0.197754 0.683594 0.084961 0.085938
0 0.205566 0.588867 0.084961 0.085938
0 0.197754 0.494141 0.084961 0.085938
0 0.202148 0.383789 0.085938 0.085938
0 0.388184 0.258789 0.084961 0.085938
0 0.386719 0.384766 0.085938 0.085938
0 0.385254 0.495117 0.084961 0.085938
0 0.301270 0.330078 0.084961 0.085938
0 0.196289 0.939941 0.097656 0.098633
0 0.104492 0.919434 0.109375 0.110352
0 0.595215 0.037598 0.073242 0.073242
0 0.490723 0.102539 0.073242 0.074219
0 0.113281 0.099609 0.109375 0.111328
0 0.297852 0.104492 0.085938 0.085938
0 0.777344 0.045410 0.085938 0.086914
0 0.870117 0.874512 0.097656 0.098633
0 0.673828 0.108398 0.085938 0.085938