0 0.312012 0.259766 0.073242 0.074219
0 0.417480 0.563965 0.073242 0.073242
0 0.121582 0.836914 0.073242 0.074219
0 0.125488 0.486816 0.073242 0.073242
0 0.314941 0.613281 0.073242 0.074219
0 0.402832 0.759277 0.073242 0.073242
0 0.221191 0.666504 0.073242 0.073242
0 0.488770 0.841309 0.073242 0.073242
0 0.485840 0.944336 0.073242 0.074219
0 0.878906 0.947266 0.097656 0.097656
0 0.773926 0.895996 0.110352 0.110352
0 0.777832 0.775391 0.110352 0.111328
0 0.596680 0.774902 0.097656 0.098633
0 0.312500 0.817383 0.085938 0.085938
0 0.300781 0.930664 0.085938 0.085938
0 0.412109 0.872559 0.085938 0.086914
0 0.210449 0.878906 0.084961 0.085938
0 0.123535 0.950195 0.084961 0.085938
0 0.417480 0.657715 0.073242 0.073242
0 0.312988 0.722656 0.073242 0.074219
0 0.418945 0.361328 0.085938 0.085938
1 0.217773 0.098145 0.085938 0.086914
0 0.124512 0.041992 0.073242 0.074219
0 0.128418 0.147461 0.073242 0.074219
0 0.120117 0.724609 0.085938 0.085938
0 0.126953 0.609375 0.085938 0.085938
0 0.124512 0.381836 0.084961 0.085938
0 0.119141 0.246582 0.097656 0.098633
0 0.216309 0.303711 0.084961 0.085938
0 0.215820 0.435059 0.097656 0.098633
0 0.216797 0.550781 0.097656 0.097656
0 0.314453 0.493652 0.109375 0.110352
0 0.310547 0.375488 0.097656 0.098633
0 0.597656 0.448242 0.048828 0.048828
0 0.597168 0.549805 0.084961 0.085938
0 0.599609 0.665527 0.085938 0.086914
0 0.881836 0.729492 0.097656 0.097656
0 0.877930 0.591797 0.097656 0.097656
0 0.875000 0.492676 0.097656 0.098633
0 0.875000 0.402832 0.097656 0.098633
0 0.880859 0.279785 0.097656 0.098633
0 0.779297 0.668457 0.097656 0.098633
0 0.779785 0.552734 0.084961 0.085938
0 0.689453 0.058105 0.097656 0.098633
0 0.684570 0.175293 0.109375 0.110352
0 0.681641 0.280762 0.109375 0.110352
0 0.596680 0.109863 0.097656 0.098633
0 0.591309 0.222168 0.110352 0.110352
0 0.588379 0.336426 0.110352 0.110352
0 0.497070 0.280273 0.109375 0.111328
0 0.505859 0.146484 0.097656 0.097656
0 0.410645 0.105957 0.110352 0.110352
0 0.407715 0.250488 0.110352 0.110352
0 0.501953 0.387207 0.109375 0.110352
0 0.501953 0.495117 0.085938 0.085938
0 0.311035 0.053711 0.084961 0.085938
0 0.496094 0.728516 0.085938 0.085938