0 0.835449 0.134766 0.073242 0.074219
0 0.940918 0.438965 0.073242 0.073242
0 0.645020 0.711914 0.073242 0.074219
0 0.648926 0.361816 0.073242 0.073242
0 0.838379 0.488281 0.073242 0.074219
0 0.926270 0.634277 0.073242 0.073242
0 0.744629 0.541504 0.073242 0.073242
0 0.835938 0.692383 0.085938 0.085938
0 0.824219 0.805664 0.085938 0.085938
0 0.935547 0.747559 0.085938 0.086914
0 0.934082 0.859375 0.084961 0.085938
0 0.830566 0.938965 0.110352 0.110352
0 0.644531 0.945312 0.085938 0.085938
0 0.544922 0.651855 0.097656 0.098633
0 0.542480 0.768066 0.110352 0.110352
0 0.444336 0.814941 0.097656 0.098633
0 0.453613 0.706543 0.110352 0.110352
0 0.355469 0.749512 0.109375 0.110352
0 0.267578 0.697266 0.085938 0.085938
0 0.256836 0.801758 0.085938 0.085938
0 0.260742 0.926758 0.085938 0.085938
0 0.354980 0.861328 0.084961 0.085938
0 0.449219 0.931641 0.085938 0.085938
0 0.547852 0.878906 0.085938 0.085938
0 0.733887 0.753906 0.084961 0.085938
0 0.732422 0.879883 0.085938 0.085938
0 0.646973 0.825195 0.084961 0.085938
0 0.167969 0.647949 0.097656 0.098633
0 0.171875 0.763672 0.085938 0.085938
0 0.169922 0.871582 0.097656 0.098633
0 0.077148 0.712891 0.097656 0.097656
0 0.078125 0.815430 0.097656 0.097656
0 0.078613 0.925781 0.084961 0.085938
0 0.940918 0.532715 0.073242 0.073242
0 0.836426 0.597656 0.073242 0.074219
0 0.942383 0.236328 0.085938 0.085938
0 0.080078 0.597168 0.097656 0.098633
0 0.086914 0.486328 0.097656 0.097656
0 0.079102 0.378418 0.097656 0.098633
0 0.082031 0.267578 0.097656 0.097656
0 0.081055 0.154785 0.097656 0.098633
0 0.174805 0.093262 0.097656 0.098633
0 0.173828 0.208008 0.097656 0.097656
0 0.169922 0.323730 0.097656 0.098633
0 0.173340 0.428711 0.084961 0.085938
0 0.172852 0.530762 0.097656 0.098633
0 0.269043 0.581543 0.110352 0.110352
0 0.267578 0.473145 0.109375 0.110352
0 0.262695 0.365723 0.109375 0.110352
0 0.269043 0.264160 0.110352 0.110352
0 0.268066 0.150879 0.110352 0.110352
0 0.366211 0.089844 0.109375 0.111328
0 0.358398 0.201660 0.109375 0.110352
0 0.360840 0.306641 0.084961 0.085938
0 0.363281 0.396484 0.085938 0.085938
0 0.358398 0.529785 0.097656 0.098633
0 0.458984 0.594727 0.109375 0.111328
0 0.359375 0.641602 0.085938 0.085938
0 0.455078 0.469727 0.085938 0.085938
0 0.455078 0.377441 0.097656 0.098633
0 0.454102 0.256348 0.097656 0.098633
0 0.459473 0.152344 0.084961 0.085938
0 0.550781 0.085938 0.097656 0.097656
0 0.553711 0.221191 0.097656 0.098633
0 0.551758 0.310059 0.097656 0.098633
0 0.542969 0.427246 0.109375 0.110352
0 0.543945 0.538574 0.109375 0.110352
0 0.643555 0.599609 0.085938 0.085938
0 0.650391 0.484375 0.085938 0.085938
0 0.647949 0.256836 0.084961 0.085938
0 0.642578 0.121582 0.097656 0.098633
0 0.739746 0.178711 0.084961 0.085938
0 0.739258 0.310059 0.097656 0.098633
0 0.740234 0.425781 0.097656 0.097656
0 0.837891 0.368652 0.109375 0.110352
0 0.833984 0.250488 0.097656 0.098633
0 0.931152 0.125488 0.110352 0.110352