0 0.943848 0.774902 0.073242 0.073242
0 0.845215 0.605957 0.061523 0.061523
0 0.939941 0.651855 0.061523 0.061523
0 0.666504 0.607910 0.061523 0.061523
0 0.083008 0.607422 0.085938 0.085938
0 0.098145 0.724609 0.084961 0.085938
0 0.093750 0.832031 0.085938 0.085938
0 0.097168 0.933594 0.084961 0.085938
0 0.179688 0.666992 0.097656 0.097656
0 0.192383 0.774414 0.097656 0.097656
0 0.188477 0.886230 0.109375 0.110352
0 0.284668 0.720703 0.110352 0.111328
0 0.288574 0.830078 0.110352 0.111328
0 0.288086 0.941895 0.109375 0.110352
0 0.278809 0.610352 0.084961 0.085938
0 0.378906 0.667480 0.097656 0.098633
0 0.378906 0.773438 0.097656 0.097656
0 0.381836 0.881836 0.097656 0.097656
0 0.474609 0.619629 0.109375 0.110352
0 0.477539 0.725098 0.097656 0.098633
0 0.479492 0.828613 0.097656 0.098633
0 0.470703 0.941406 0.109375 0.111328
0 0.568359 0.664551 0.097656 0.098633
0 0.570312 0.768066 0.097656 0.098633
0 0.572266 0.883301 0.109375 0.110352
0 0.662109 0.721191 0.097656 0.098633
0 0.665039 0.826660 0.097656 0.098633
0 0.663574 0.937988 0.110352 0.110352
0 0.756836 0.660645 0.097656 0.098633
0 0.758789 0.775879 0.085938 0.086914
0 0.755371 0.886719 0.084961 0.085938
0 0.850586 0.719727 0.085938 0.085938
0 0.847656 0.830078 0.085938 0.085938
0 0.850098 0.938965 0.073242 0.073242
0 0.947266 0.894531 0.085938 0.085938