0 0.316406 0.479980 0.085938 0.086914
0 0.888672 0.133301 0.097656 0.098633
0 0.886719 0.246582 0.097656 0.098633
0 0.888672 0.354004 0.097656 0.098633
0 0.887207 0.474609 0.084961 0.085938
0 0.792969 0.082520 0.109375 0.110352
0 0.794434 0.197754 0.110352 0.110352
0 0.798828 0.299316 0.097656 0.098633
0 0.788086 0.408203 0.097656 0.097656
1 0.597168 0.082520 0.110352 0.110352
0 0.694824 0.133301 0.110352 0.110352
0 0.691895 0.248535 0.110352 0.110352
0 0.694824 0.366211 0.110352 0.111328
0 0.692383 0.473633 0.085938 0.085938
0 0.596191 0.205078 0.073242 0.074219
0 0.599609 0.303711 0.097656 0.097656
0 0.592773 0.421875 0.097656 0.097656
0 0.500000 0.138672 0.109375 0.111328
0 0.503906 0.239258 0.109375 0.111328
0 0.497070 0.358887 0.097656 0.098633
0 0.497559 0.475586 0.084961 0.085938
0 0.411133 0.076172 0.109375 0.111328
0 0.411621 0.183594 0.084961 0.085938
0 0.408203 0.309082 0.097656 0.098633
0 0.416016 0.418457 0.097656 0.098633
0 0.313965 0.151367 0.084961 0.085938
0 0.307129 0.270508 0.084961 0.085938
0 0.313477 0.374023 0.085938 0.085938
0 0.229004 0.098145 0.024414 0.024414
0 0.222656 0.216797 0.037109 0.037109
0 0.225098 0.322754 0.024414 0.024414
0 0.219238 0.436035 0.024414 0.024414
0 0.127441 0.244629 0.024414 0.024414
0 0.127441 0.354980 0.024414 0.024414
0 0.123535 0.470215 0.024414 0.024414
0 0.127930 0.125488 0.097656 0.098633
0 0.119629 0.579590 0.024414 0.024414
0 0.122559 0.661621 0.024414 0.024414
0 0.220215 0.522949 0.024414 0.024414
0 0.213379 0.630371 0.024414 0.024414
0 0.313477 0.661133 0.037109 0.037109
0 0.310547 0.578613 0.109375 0.110352
0 0.419922 0.522461 0.085938 0.085938
0 0.420410 0.631348 0.073242 0.073242
0 0.500977 0.581543 0.097656 0.098633
0 0.491699 0.696777 0.061523 0.061523
0 0.592773 0.527832 0.097656 0.098633
0 0.597656 0.635254 0.097656 0.098633
0 0.701172 0.584961 0.097656 0.097656
0 0.792480 0.523438 0.084961 0.085938
0 0.791016 0.634766 0.097656 0.097656
0 0.890625 0.582031 0.097656 0.097656
0 0.884277 0.676758 0.084961 0.085938
0 0.035156 0.824707 0.060547 0.061523
0 0.124023 0.873047 0.085938 0.085938
0 0.221191 0.831543 0.061523 0.061523
0 0.217773 0.925293 0.097656 0.098633
0 0.315430 0.874512 0.097656 0.098633
0 0.405273 0.841797 0.048828 0.048828
0 0.402344 0.927246 0.097656 0.098633
0 0.490723 0.874512 0.073242 0.073242
0 0.601074 0.926758 0.122070 0.123047
0 0.694824 0.872070 0.073242 0.074219
0 0.795410 0.927734 0.122070 0.123047
0 0.885742 0.878906 0.097656 0.097656