0 0.222168 0.870117 0.073242 0.074219
0 0.601074 0.201172 0.073242 0.074219
0 0.509277 0.281738 0.073242 0.073242
0 0.701660 0.488281 0.073242 0.074219
0 0.320801 0.362305 0.084961 0.085938
0 0.315918 0.257812 0.084961 0.085938
0 0.315918 0.139648 0.084961 0.085938
0 0.234375 0.096680 0.085938 0.085938
0 0.127441 0.148438 0.084961 0.085938
0 0.130859 0.239746 0.085938 0.086914
0 0.228027 0.198242 0.084961 0.085938
0 0.224121 0.295898 0.084961 0.085938
0 0.504395 0.167480 0.061523 0.061523
0 0.048340 0.209961 0.084961 0.085938
0 0.131836 0.375000 0.097656 0.097656
0 0.416992 0.102539 0.085938 0.085938
0 0.411621 0.206055 0.084961 0.085938
0 0.414062 0.335938 0.085938 0.085938
0 0.617188 0.093262 0.109375 0.110352
0 0.706055 0.144043 0.109375 0.110352
0 0.705078 0.378418 0.097656 0.098633
0 0.885742 0.145508 0.085938 0.085938
0 0.797852 0.107910 0.097656 0.098633
0 0.800293 0.199219 0.084961 0.085938
0 0.891113 0.043945 0.084961 0.085938
0 0.886719 0.370605 0.097656 0.098633
0 0.886230 0.928223 0.110352 0.110352
0 0.788086 0.883789 0.085938 0.085938
0 0.705078 0.944824 0.097656 0.098633
0 0.615234 0.884766 0.085938 0.085938
0 0.507812 0.822266 0.097656 0.097656
0 0.510742 0.935547 0.097656 0.097656
0 0.408203 0.774414 0.085938 0.085938
0 0.409668 0.873047 0.084961 0.085938
0 0.313965 0.815430 0.084961 0.085938
0 0.310059 0.917969 0.084961 0.085938
0 0.127930 0.909180 0.085938 0.085938
0 0.887695 0.488770 0.097656 0.098633
0 0.882812 0.702148 0.097656 0.097656
0 0.885742 0.806641 0.085938 0.085938
0 0.794434 0.761719 0.084961 0.085938
0 0.791504 0.641602 0.084961 0.085938
0 0.797852 0.425781 0.085938 0.085938
0 0.701172 0.593750 0.097656 0.097656
0 0.701172 0.704102 0.097656 0.097656
0 0.700195 0.816406 0.097656 0.097656
0 0.607422 0.763184 0.097656 0.098633
0 0.611328 0.650391 0.097656 0.097656
0 0.605957 0.543945 0.084961 0.085938
0 0.608887 0.435547 0.110352 0.111328
0 0.517578 0.484375 0.097656 0.097656
0 0.508789 0.587891 0.097656 0.097656
0 0.501953 0.705566 0.097656 0.098633
0 0.409668 0.677734 0.084961 0.085938
0 0.229004 0.429688 0.084961 0.085938
0 0.216309 0.537598 0.110352 0.110352
0 0.121094 0.476074 0.109375 0.110352
0 0.121094 0.591309 0.097656 0.098633
0 0.046875 0.411621 0.085938 0.086914