0 0.734863 0.537109 0.073242 0.074219
0 0.083008 0.832031 0.085938 0.085938
0 0.920898 0.441406 0.085938 0.085938
0 0.922363 0.540039 0.084961 0.085938
0 0.924805 0.654297 0.085938 0.085938
0 0.925781 0.763672 0.085938 0.085938
0 0.925781 0.866211 0.085938 0.085938
0 0.826660 0.482422 0.084961 0.085938
0 0.822754 0.584961 0.084961 0.085938
0 0.261719 0.918945 0.048828 0.048828
0 0.822754 0.700195 0.084961 0.085938
0 0.821289 0.809082 0.109375 0.110352
0 0.819824 0.916016 0.084961 0.085938
0 0.727051 0.863770 0.110352 0.110352
0 0.728027 0.751465 0.110352 0.110352
0 0.729492 0.639648 0.097656 0.097656
0 0.640625 0.576172 0.085938 0.085938
0 0.625000 0.703613 0.097656 0.098633
0 0.630859 0.812988 0.097656 0.098633
0 0.627441 0.922363 0.110352 0.110352
0 0.539062 0.873535 0.097656 0.098633
0 0.544922 0.750488 0.097656 0.098633
0 0.444336 0.480957 0.097656 0.098633
0 0.351562 0.432617 0.097656 0.097656
0 0.353516 0.528809 0.097656 0.098633
0 0.348633 0.645996 0.109375 0.110352
0 0.345703 0.751465 0.109375 0.110352
0 0.253906 0.475098 0.097656 0.098633
0 0.260742 0.580566 0.097656 0.098633
0 0.255371 0.692871 0.110352 0.110352
0 0.252441 0.807129 0.110352 0.110352
0 0.161133 0.750977 0.109375 0.111328
0 0.169922 0.617188 0.097656 0.097656
0 0.165039 0.515625 0.109375 0.111328
0 0.069336 0.468750 0.109375 0.111328
0 0.074707 0.576660 0.110352 0.110352
0 0.071777 0.721191 0.110352 0.110352
0 0.166016 0.857910 0.109375 0.110352
0 0.922363 0.344727 0.084961 0.085938
0 0.741699 0.096680 0.084961 0.085938
0 0.729004 0.204590 0.110352 0.110352
0 0.633789 0.143066 0.109375 0.110352
0 0.633789 0.258301 0.097656 0.098633
0 0.559570 0.078613 0.085938 0.086914
0 0.560547 0.177246 0.097656 0.098633
0 0.555176 0.298828 0.084961 0.085938
0 0.453125 0.351562 0.097656 0.097656
0 0.447266 0.244629 0.097656 0.098633
0 0.447266 0.158691 0.097656 0.098633
0 0.353516 0.092285 0.097656 0.098633
0 0.352539 0.199707 0.109375 0.110352
0 0.351562 0.311523 0.097656 0.097656
0 0.265625 0.355469 0.097656 0.097656
0 0.257812 0.140625 0.097656 0.097656
0 0.262695 0.253906 0.097656 0.097656
0 0.170898 0.090820 0.097656 0.097656
0 0.170898 0.205078 0.097656 0.097656
0 0.163086 0.315430 0.097656 0.097656
0 0.162598 0.416504 0.110352 0.110352
0 0.074219 0.365723 0.097656 0.098633
0 0.071777 0.253418 0.110352 0.110352
0 0.071777 0.130859 0.110352 0.111328