0 0.218750 0.113281 0.085938 0.085938
0 0.412598 0.117676 0.073242 0.073242
0 0.405762 0.334961 0.084961 0.085938
0 0.410645 0.451660 0.073242 0.073242
0 0.500488 0.276855 0.073242 0.073242
0 0.506348 0.502930 0.084961 0.085938
0 0.499512 0.391113 0.061523 0.061523
0 0.502930 0.619141 0.085938 0.085938
0 0.507324 0.171387 0.073242 0.073242
1 0.125488 0.064941 0.073242 0.073242
0 0.313965 0.060547 0.084961 0.085938
0 0.317383 0.172363 0.085938 0.086914
0 0.129883 0.166504 0.097656 0.098633
0 0.502930 0.060547 0.085938 0.085938
0 0.404785 0.226074 0.073242 0.073242
0 0.408203 0.557617 0.085938 0.085938
0 0.409180 0.668945 0.097656 0.097656
0 0.312500 0.283203 0.085938 0.085938
0 0.308594 0.395020 0.097656 0.098633
0 0.311523 0.502930 0.085938 0.085938
0 0.311523 0.609375 0.097656 0.097656
0 0.215820 0.229980 0.097656 0.098633
0 0.215820 0.337402 0.097656 0.098633
0 0.218262 0.452148 0.084961 0.085938
0 0.221191 0.560547 0.084961 0.085938
0 0.219727 0.665039 0.097656 0.097656
0 0.124023 0.278809 0.097656 0.098633
0 0.126953 0.391602 0.097656 0.097656
0 0.123535 0.510742 0.084961 0.085938
0 0.122070 0.613281 0.097656 0.097656
0 0.126953 0.721191 0.097656 0.098633
0 0.123047 0.834961 0.085938 0.085938
0 0.121094 0.937500 0.097656 0.097656
0 0.219727 0.772949 0.097656 0.098633
0 0.224609 0.891113 0.097656 0.098633
0 0.313477 0.724121 0.085938 0.086914
0 0.313477 0.831543 0.097656 0.098633
0 0.312500 0.939941 0.097656 0.098633
0 0.413086 0.777832 0.097656 0.098633
0 0.406250 0.886230 0.097656 0.098633
0 0.502441 0.717773 0.084961 0.085938
0 0.502441 0.830078 0.084961 0.085938
0 0.502930 0.943848 0.097656 0.098633