0 0.057129 0.725586 0.073242 0.074219
0 0.726074 0.670410 0.073242 0.073242
0 0.813965 0.738281 0.073242 0.074219
0 0.917480 0.679688 0.073242 0.074219
0 0.923340 0.565430 0.073242 0.074219
0 0.934082 0.448242 0.073242 0.074219
0 0.073242 0.617676 0.109375 0.110352
0 0.078613 0.511230 0.110352 0.110352
0 0.077148 0.408203 0.109375 0.111328
0 0.076172 0.290039 0.097656 0.097656
0 0.075195 0.179199 0.097656 0.098633
0 0.165527 0.123047 0.084961 0.085938
0 0.164062 0.232910 0.109375 0.110352
0 0.165039 0.338379 0.097656 0.098633
0 0.164062 0.452637 0.109375 0.110352
0 0.158203 0.566895 0.097656 0.098633
0 0.162109 0.668457 0.109375 0.110352
0 0.161133 0.902832 0.097656 0.098633
0 0.939453 0.123047 0.085938 0.085938
0 0.934082 0.236328 0.084961 0.085938
0 0.815430 0.288086 0.085938 0.085938
0 0.341797 0.669922 0.085938 0.085938
0 0.253418 0.180664 0.084961 0.085938
0 0.255859 0.287109 0.085938 0.085938
0 0.258301 0.402344 0.084961 0.085938
0 0.254395 0.524414 0.084961 0.085938
0 0.253906 0.632324 0.097656 0.098633
0 0.256348 0.723633 0.084961 0.085938
0 0.351562 0.123535 0.097656 0.098633
0 0.347656 0.235840 0.109375 0.110352
0 0.344727 0.339355 0.097656 0.098633
0 0.346191 0.447754 0.110352 0.110352
0 0.347168 0.568359 0.084961 0.085938
0 0.445801 0.189941 0.110352 0.110352
0 0.448242 0.291504 0.109375 0.110352
0 0.441406 0.395508 0.097656 0.097656
0 0.436523 0.507324 0.109375 0.110352
0 0.442871 0.623535 0.110352 0.110352
0 0.540039 0.127441 0.109375 0.110352
0 0.541504 0.236816 0.110352 0.110352
0 0.537598 0.339844 0.110352 0.111328
0 0.529785 0.448730 0.110352 0.110352
0 0.533203 0.568848 0.109375 0.110352
0 0.642578 0.173340 0.097656 0.098633
0 0.640625 0.290039 0.085938 0.085938
0 0.643555 0.407227 0.085938 0.085938
0 0.722656 0.339844 0.097656 0.097656
0 0.731445 0.230469 0.085938 0.085938
0 0.729004 0.131836 0.110352 0.111328
0 0.819336 0.179688 0.085938 0.085938
0 0.822754 0.515625 0.084961 0.085938
0 0.812500 0.631348 0.097656 0.098633
0 0.724121 0.789062 0.084961 0.085938
0 0.915527 0.790039 0.084961 0.085938
0 0.911133 0.904785 0.097656 0.098633
0 0.719238 0.563477 0.084961 0.085938
0 0.639160 0.625000 0.084961 0.085938
0 0.632812 0.731445 0.097656 0.097656
0 0.629883 0.843262 0.097656 0.098633
0 0.534180 0.896484 0.097656 0.097656
0 0.530273 0.783691 0.097656 0.098633
0 0.440430 0.847168 0.097656 0.098633
0 0.342773 0.895020 0.097656 0.098633
0 0.816406 0.848633 0.097656 0.097656
0 0.725586 0.902344 0.097656 0.097656
0 0.253906 0.950195 0.085938 0.085938