0 0.677246 0.625977 0.073242 0.074219
0 0.767578 0.906250 0.097656 0.097656
0 0.578613 0.909668 0.110352 0.110352
0 0.379395 0.913574 0.110352 0.110352
0 0.868164 0.860352 0.109375 0.111328
0 0.859375 0.741699 0.109375 0.110352
0 0.855469 0.635254 0.109375 0.110352
0 0.864258 0.536621 0.097656 0.098633
0 0.864746 0.418457 0.110352 0.110352
0 0.870117 0.305176 0.097656 0.098633
0 0.770508 0.251465 0.109375 0.110352
0 0.764160 0.367188 0.110352 0.111328
0 0.771484 0.478027 0.109375 0.110352
0 0.770508 0.577637 0.109375 0.110352
0 0.771484 0.693848 0.109375 0.110352
0 0.760742 0.812012 0.109375 0.110352
0 0.674316 0.860352 0.084961 0.085938
0 0.674316 0.739258 0.084961 0.085938
0 0.685059 0.511719 0.084961 0.085938
0 0.679688 0.416504 0.097656 0.098633
0 0.678711 0.303223 0.109375 0.110352
0 0.576660 0.252441 0.110352 0.110352
0 0.582031 0.361816 0.109375 0.110352
0 0.585449 0.476074 0.110352 0.110352
0 0.580078 0.579102 0.109375 0.111328
0 0.571289 0.686035 0.109375 0.110352
0 0.576172 0.793457 0.109375 0.110352
0 0.480469 0.847168 0.109375 0.110352
0 0.479492 0.758301 0.109375 0.110352
0 0.481934 0.652832 0.110352 0.110352
0 0.488770 0.520508 0.110352 0.111328
0 0.488770 0.412598 0.110352 0.110352
0 0.388184 0.253418 0.110352 0.110352
0 0.487305 0.299316 0.109375 0.110352
0 0.386719 0.362793 0.097656 0.098633
0 0.394531 0.464355 0.097656 0.098633
0 0.390137 0.580566 0.110352 0.110352
0 0.390625 0.695801 0.097656 0.098633
0 0.388672 0.804199 0.109375 0.110352
0 0.295898 0.850586 0.109375 0.111328
0 0.289062 0.738770 0.097656 0.098633
0 0.298340 0.641113 0.110352 0.110352
0 0.299805 0.526855 0.097656 0.098633
0 0.296387 0.404785 0.110352 0.110352
0 0.297363 0.307129 0.110352 0.110352
0 0.199219 0.262695 0.085938 0.085938
0 0.203125 0.372070 0.085938 0.085938
0 0.204590 0.466797 0.084961 0.085938
0 0.205566 0.583008 0.084961 0.085938
0 0.208008 0.690430 0.085938 0.085938
0 0.212891 0.807617 0.085938 0.085938
0 0.207520 0.910156 0.084961 0.085938
0 0.104492 0.871582 0.109375 0.110352
0 0.103516 0.746582 0.097656 0.098633
0 0.103516 0.636719 0.085938 0.085938
0 0.104492 0.529297 0.097656 0.097656
0 0.111328 0.404297 0.109375 0.111328
0 0.116211 0.323730 0.097656 0.098633
0 0.859863 0.077637 0.110352 0.110352
0 0.859375 0.189941 0.097656 0.098633
0 0.770508 0.140137 0.097656 0.098633
0 0.676758 0.083496 0.109375 0.110352
0 0.669922 0.200684 0.097656 0.098633
0 0.581055 0.156738 0.097656 0.098633
0 0.486816 0.078613 0.110352 0.110352
0 0.483398 0.190918 0.097656 0.098633
0 0.397461 0.140137 0.109375 0.110352
0 0.293945 0.081055 0.097656 0.097656
0 0.296875 0.185547 0.085938 0.085938
0 0.205566 0.140625 0.084961 0.085938
0 0.112305 0.083008 0.097656 0.097656
0 0.111328 0.195312 0.097656 0.097656