0 0.499512 0.523926 0.073242 0.073242
0 0.592285 0.115234 0.073242 0.074219
0 0.406738 0.596680 0.073242 0.074219
0 0.702637 0.754395 0.073242 0.073242
0 0.584473 0.798340 0.061523 0.061523
0 0.881836 0.862305 0.109375 0.111328
0 0.873047 0.761230 0.109375 0.110352
0 0.883301 0.636230 0.110352 0.110352
0 0.875977 0.431641 0.097656 0.097656
0 0.788086 0.366699 0.109375 0.110352
0 0.779785 0.707520 0.110352 0.110352
0 0.790039 0.820312 0.085938 0.085938
0 0.690918 0.423828 0.110352 0.111328
0 0.600586 0.398926 0.109375 0.110352
0 0.592773 0.495117 0.097656 0.097656
0 0.497070 0.422363 0.097656 0.098633
0 0.504883 0.651367 0.097656 0.097656
0 0.697266 0.632812 0.085938 0.085938
0 0.698242 0.878906 0.097656 0.097656
0 0.773438 0.930176 0.097656 0.098633
1 0.581543 0.889160 0.073242 0.073242
0 0.410156 0.366211 0.097656 0.097656
0 0.401367 0.474609 0.085938 0.085938
0 0.413086 0.703125 0.097656 0.097656
0 0.314453 0.665039 0.085938 0.085938
0 0.316895 0.757324 0.110352 0.110352
0 0.309570 0.869629 0.097656 0.098633
0 0.223633 0.365723 0.097656 0.098633
1 0.216797 0.480469 0.085938 0.085938
0 0.219238 0.585938 0.084961 0.085938
0 0.220215 0.702637 0.110352 0.110352
0 0.224121 0.811035 0.110352 0.110352
0 0.222656 0.920410 0.109375 0.110352
0 0.127930 0.332031 0.097656 0.097656
0 0.132812 0.423340 0.097656 0.098633
0 0.118164 0.527344 0.097656 0.097656
0 0.119141 0.654785 0.097656 0.098633
0 0.114258 0.764160 0.097656 0.098633
0 0.110352 0.869629 0.097656 0.098633
0 0.886719 0.207520 0.109375 0.110352
0 0.886719 0.101074 0.109375 0.110352
0 0.788086 0.051270 0.097656 0.098633
0 0.787109 0.154297 0.097656 0.097656
0 0.409668 0.048828 0.084961 0.085938
0 0.517090 0.065430 0.084961 0.085938
0 0.695312 0.176758 0.085938 0.085938
0 0.692871 0.069336 0.084961 0.085938
0 0.691406 0.325684 0.097656 0.098633
0 0.599609 0.305176 0.109375 0.110352
0 0.502441 0.321777 0.110352 0.110352
0 0.408203 0.253906 0.097656 0.097656
0 0.316406 0.102051 0.097656 0.098633
0 0.223633 0.046875 0.085938 0.085938
0 0.220703 0.156250 0.097656 0.097656
0 0.215820 0.254883 0.085938 0.085938
0 0.131836 0.101562 0.109375 0.111328
0 0.126465 0.213379 0.110352 0.110352