0 0.130371 0.191406 0.073242 0.074219
0 0.916016 0.097168 0.109375 0.110352
0 0.814453 0.148438 0.085938 0.085938
0 0.720215 0.092285 0.084961 0.086914
0 0.531250 0.088379 0.097656 0.098633
0 0.337402 0.089844 0.084961 0.085938
0 0.245117 0.143555 0.097656 0.097656
0 0.435059 0.143555 0.084961 0.085938
0 0.123047 0.091797 0.097656 0.097656
0 0.128906 0.319824 0.097656 0.098633
0 0.135254 0.418945 0.084961 0.085938
0 0.132324 0.529785 0.084961 0.086914
0 0.135742 0.630371 0.097656 0.098633
0 0.250000 0.249023 0.097656 0.097656
0 0.242188 0.359863 0.097656 0.098633
0 0.246094 0.467285 0.109375 0.110352
0 0.246582 0.585449 0.110352 0.110352
0 0.241699 0.701660 0.110352 0.110352
0 0.339844 0.198242 0.097656 0.097656
0 0.338379 0.311523 0.110352 0.111328
0 0.336914 0.415527 0.109375 0.110352
0 0.336914 0.526855 0.097656 0.098633
0 0.333984 0.641113 0.109375 0.110352
0 0.436035 0.258789 0.110352 0.111328
0 0.431641 0.368164 0.097656 0.097656
0 0.431641 0.479492 0.097656 0.097656
0 0.430176 0.586914 0.084961 0.085938
0 0.430664 0.700195 0.085938 0.085938
0 0.527344 0.203125 0.085938 0.085938
0 0.526367 0.315430 0.097656 0.097656
0 0.530762 0.424805 0.110352 0.111328
0 0.522949 0.535156 0.110352 0.111328
0 0.528809 0.641113 0.110352 0.110352
0 0.620605 0.146484 0.084961 0.085938
0 0.623047 0.255859 0.085938 0.085938
0 0.620117 0.367188 0.085938 0.085938
0 0.625977 0.468750 0.109375 0.111328
0 0.623047 0.578125 0.109375 0.111328
0 0.618652 0.701660 0.110352 0.110352
0 0.715332 0.202637 0.110352 0.110352
0 0.716309 0.315918 0.110352 0.110352
0 0.724609 0.419434 0.109375 0.110352
0 0.718750 0.529785 0.109375 0.110352
0 0.717773 0.644531 0.109375 0.111328
0 0.816895 0.250488 0.110352 0.110352
0 0.814941 0.365723 0.110352 0.110352
0 0.809570 0.474121 0.097656 0.098633
0 0.812012 0.583984 0.084961 0.085938
0 0.812500 0.697266 0.097656 0.097656
0 0.911133 0.209473 0.109375 0.110352
0 0.913086 0.309082 0.109375 0.110352
0 0.903320 0.421387 0.097656 0.098633
0 0.908691 0.533691 0.110352 0.110352
0 0.900879 0.640137 0.110352 0.110352
0 0.905762 0.756348 0.110352 0.110352
0 0.907715 0.873047 0.110352 0.111328
0 0.809570 0.809570 0.109375 0.111328
0 0.808594 0.929199 0.060547 0.061523
0 0.714844 0.753906 0.109375 0.111328
0 0.717773 0.863770 0.109375 0.110352
0 0.620605 0.810059 0.110352 0.110352
0 0.616699 0.909668 0.061523 0.061523
0 0.526855 0.759277 0.061523 0.061523
0 0.521973 0.867676 0.061523 0.061523
0 0.433594 0.809082 0.109375 0.110352
0 0.427734 0.934570 0.085938 0.085938
0 0.335938 0.751465 0.109375 0.110352
0 0.332520 0.863770 0.110352 0.110352
0 0.239746 0.803223 0.110352 0.110352
0 0.241699 0.920410 0.110352 0.110352
0 0.141602 0.736816 0.097656 0.098633
0 0.150391 0.855957 0.109375 0.110352