0 0.511230 0.657715 0.073242 0.073242
0 0.599121 0.725586 0.073242 0.074219
0 0.702637 0.666992 0.073242 0.074219
0 0.708496 0.552734 0.073242 0.074219
0 0.719238 0.435547 0.073242 0.074219
0 0.724609 0.110352 0.085938 0.085938
0 0.719238 0.223633 0.084961 0.085938
0 0.600586 0.275391 0.085938 0.085938
0 0.126953 0.657227 0.085938 0.085938
0 0.804688 0.599609 0.048828 0.048828
0 0.043457 0.389648 0.084961 0.085938
0 0.136719 0.110840 0.097656 0.098633
0 0.132812 0.223145 0.109375 0.110352
0 0.129883 0.326660 0.097656 0.098633
0 0.131348 0.435059 0.110352 0.110352
0 0.132324 0.555664 0.084961 0.085938
0 0.230957 0.177246 0.110352 0.110352
0 0.233398 0.278809 0.109375 0.110352
0 0.226562 0.382812 0.097656 0.097656
0 0.221680 0.494629 0.109375 0.110352
0 0.228027 0.610840 0.110352 0.110352
0 0.325195 0.114746 0.109375 0.110352
0 0.326660 0.224121 0.110352 0.110352
0 0.322754 0.327148 0.110352 0.111328
0 0.314941 0.436035 0.110352 0.110352
0 0.318359 0.556152 0.109375 0.110352
0 0.427734 0.160645 0.097656 0.098633
0 0.425781 0.277344 0.085938 0.085938
0 0.428711 0.394531 0.085938 0.085938
0 0.507812 0.327148 0.097656 0.097656
0 0.516602 0.217773 0.085938 0.085938
0 0.514160 0.119141 0.110352 0.111328
0 0.604492 0.166992 0.085938 0.085938
0 0.895020 0.324219 0.084961 0.085938
0 0.804688 0.388672 0.097656 0.097656
0 0.607910 0.502930 0.084961 0.085938
0 0.597656 0.618652 0.097656 0.098633
0 0.509277 0.776367 0.084961 0.085938
0 0.700684 0.777344 0.084961 0.085938
0 0.893555 0.781738 0.097656 0.098633
0 0.890625 0.892578 0.085938 0.085938
0 0.793945 0.834961 0.097656 0.097656
0 0.696289 0.892090 0.097656 0.098633
0 0.880371 0.657227 0.084961 0.085938
0 0.798828 0.714844 0.085938 0.085938
0 0.504395 0.550781 0.084961 0.085938
0 0.424316 0.612305 0.084961 0.085938
0 0.417969 0.718750 0.097656 0.097656
0 0.415039 0.830566 0.097656 0.098633
0 0.319336 0.883789 0.097656 0.097656
0 0.315430 0.770996 0.097656 0.098633
0 0.225586 0.834473 0.097656 0.098633
0 0.127930 0.882324 0.097656 0.098633
0 0.796875 0.936523 0.097656 0.097656
0 0.600098 0.939453 0.110352 0.111328
0 0.601562 0.835938 0.097656 0.097656
0 0.510742 0.889648 0.097656 0.097656
0 0.414062 0.937988 0.109375 0.110352
0 0.230469 0.941895 0.097656 0.098633