0 0.261719 0.090332 0.109375 0.110352
0 0.937012 0.580566 0.061523 0.061523
0 0.070312 0.084961 0.097656 0.097656
0 0.067383 0.194336 0.097656 0.097656
0 0.168945 0.146973 0.109375 0.110352
0 0.166504 0.250977 0.110352 0.111328
0 0.259766 0.195801 0.097656 0.098633
0 0.261719 0.306641 0.097656 0.097656
0 0.260742 0.421875 0.085938 0.085938
0 0.261230 0.526855 0.061523 0.061523
0 0.261719 0.641113 0.097656 0.098633
1 0.260254 0.747559 0.110352 0.110352
0 0.353516 0.580078 0.085938 0.085938
0 0.368652 0.697266 0.084961 0.085938
0 0.165039 0.365234 0.097656 0.097656
0 0.164551 0.472656 0.084961 0.085938
0 0.165527 0.592285 0.110352 0.110352
0 0.166016 0.697754 0.109375 0.110352
0 0.066895 0.289062 0.110352 0.111328
0 0.077148 0.409668 0.097656 0.098633
0 0.067383 0.529785 0.060547 0.061523
0 0.069336 0.628418 0.109375 0.110352
0 0.067383 0.747559 0.109375 0.110352
0 0.065430 0.852051 0.109375 0.110352
0 0.165039 0.802246 0.097656 0.098633
0 0.165039 0.913574 0.109375 0.110352
0 0.264160 0.849121 0.110352 0.110352
0 0.364258 0.804688 0.085938 0.085938
0 0.367676 0.906250 0.084961 0.085938
0 0.450195 0.639648 0.097656 0.097656
0 0.462891 0.747070 0.097656 0.097656
0 0.458984 0.858887 0.109375 0.110352
0 0.555176 0.693359 0.110352 0.111328
0 0.559082 0.802734 0.110352 0.111328
0 0.558594 0.914551 0.109375 0.110352
0 0.549316 0.583008 0.084961 0.085938
0 0.649414 0.640137 0.097656 0.098633
0 0.649414 0.746094 0.097656 0.097656
0 0.652344 0.854492 0.097656 0.097656
0 0.745117 0.592285 0.109375 0.110352
0 0.748047 0.697754 0.097656 0.098633
0 0.750000 0.801270 0.097656 0.098633
0 0.741211 0.914062 0.109375 0.111328
0 0.838867 0.637207 0.097656 0.098633
0 0.840820 0.740723 0.097656 0.098633
0 0.842773 0.855957 0.109375 0.110352
0 0.932617 0.693848 0.097656 0.098633
0 0.935547 0.799316 0.097656 0.098633
0 0.934082 0.910645 0.110352 0.110352