0 0.604980 0.654297 0.073242 0.074219
0 0.695312 0.934570 0.097656 0.097656
0 0.506348 0.937988 0.110352 0.110352
0 0.307129 0.941895 0.110352 0.110352
0 0.878906 0.304688 0.097656 0.097656
0 0.881836 0.396973 0.109375 0.110352
0 0.880371 0.498535 0.110352 0.110352
0 0.884277 0.612793 0.110352 0.110352
0 0.877441 0.726074 0.110352 0.110352
0 0.883789 0.836426 0.109375 0.110352
0 0.795898 0.888672 0.109375 0.111328
0 0.787109 0.770020 0.109375 0.110352
0 0.783203 0.663574 0.109375 0.110352
0 0.791992 0.564941 0.097656 0.098633
0 0.792480 0.446777 0.110352 0.110352
0 0.797852 0.333496 0.097656 0.098633
0 0.698242 0.279785 0.109375 0.110352
0 0.691895 0.395508 0.110352 0.111328
0 0.699219 0.506348 0.109375 0.110352
0 0.698242 0.605957 0.109375 0.110352
0 0.699219 0.722168 0.109375 0.110352
0 0.688477 0.840332 0.109375 0.110352
0 0.602051 0.888672 0.084961 0.085938
0 0.602051 0.767578 0.084961 0.085938
0 0.612793 0.540039 0.084961 0.085938
0 0.607422 0.444824 0.097656 0.098633
0 0.606445 0.331543 0.109375 0.110352
0 0.504395 0.280762 0.110352 0.110352
0 0.509766 0.390137 0.109375 0.110352
0 0.513184 0.504395 0.110352 0.110352
0 0.507812 0.607422 0.109375 0.111328
0 0.499023 0.714355 0.109375 0.110352
0 0.503906 0.821777 0.109375 0.110352
0 0.408203 0.875488 0.109375 0.110352
0 0.407227 0.786621 0.109375 0.110352
0 0.409668 0.681152 0.110352 0.110352
0 0.416504 0.548828 0.110352 0.111328
0 0.416504 0.440918 0.110352 0.110352
0 0.315918 0.281738 0.110352 0.110352
0 0.415039 0.327637 0.109375 0.110352
0 0.314453 0.391113 0.097656 0.098633
0 0.322266 0.492676 0.097656 0.098633
0 0.317871 0.608887 0.110352 0.110352
0 0.318359 0.724121 0.097656 0.098633
0 0.316406 0.832520 0.109375 0.110352
0 0.223633 0.878906 0.109375 0.111328
0 0.216797 0.767090 0.097656 0.098633
0 0.226074 0.669434 0.110352 0.110352
0 0.227539 0.555176 0.097656 0.098633
0 0.224121 0.433105 0.110352 0.110352
0 0.225098 0.335449 0.110352 0.110352
0 0.126953 0.291016 0.085938 0.085938
0 0.130859 0.400391 0.085938 0.085938
0 0.132324 0.495117 0.084961 0.085938
0 0.133301 0.611328 0.084961 0.085938
0 0.135742 0.718750 0.085938 0.085938
0 0.140625 0.835938 0.085938 0.085938
0 0.135254 0.938477 0.084961 0.085938
0 0.885742 0.169434 0.097656 0.098633
0 0.898438 0.052734 0.097656 0.097656
0 0.787598 0.105957 0.110352 0.110352
0 0.787109 0.218262 0.097656 0.098633
0 0.698242 0.168457 0.097656 0.098633
0 0.696777 0.063965 0.110352 0.110352
0 0.604492 0.111816 0.109375 0.110352
0 0.597656 0.229004 0.097656 0.098633
0 0.508789 0.185059 0.097656 0.098633
0 0.510742 0.058105 0.109375 0.110352
0 0.414551 0.106934 0.110352 0.110352
0 0.411133 0.219238 0.097656 0.098633
0 0.325195 0.168457 0.109375 0.110352
0 0.325195 0.057129 0.097656 0.098633
0 0.221680 0.109375 0.097656 0.097656
0 0.224609 0.213867 0.085938 0.085938
0 0.133301 0.168945 0.084961 0.085938
0 0.130371 0.048828 0.084961 0.085938