0 0.109863 0.799805 0.073242 0.074219
0 0.882812 0.926270 0.109375 0.110352
0 0.116211 0.135254 0.109375 0.110352
0 0.111328 0.245605 0.109375 0.110352
0 0.212891 0.079590 0.109375 0.110352
0 0.215820 0.193848 0.097656 0.098633
0 0.209961 0.304199 0.109375 0.110352
0 0.305176 0.141113 0.110352 0.110352
0 0.312012 0.256348 0.110352 0.110352
0 0.405762 0.085938 0.110352 0.111328
0 0.406738 0.198242 0.110352 0.111328
0 0.402832 0.313965 0.110352 0.110352
0 0.497070 0.139648 0.109375 0.111328
0 0.496094 0.253906 0.109375 0.111328
0 0.591309 0.085449 0.110352 0.110352
0 0.593750 0.196289 0.097656 0.097656
0 0.596680 0.313477 0.109375 0.111328
0 0.691895 0.145996 0.110352 0.110352
0 0.687012 0.255371 0.110352 0.110352
0 0.690430 0.365234 0.097656 0.097656
0 0.491211 0.359863 0.109375 0.110352
0 0.883301 0.584961 0.110352 0.111328
0 0.881348 0.698242 0.110352 0.111328
0 0.880859 0.810547 0.097656 0.097656
0 0.783691 0.537109 0.110352 0.111328
0 0.783203 0.640625 0.109375 0.111328
0 0.780273 0.762207 0.109375 0.110352
0 0.782227 0.869629 0.097656 0.098633
0 0.685547 0.588379 0.109375 0.110352
0 0.690430 0.696777 0.097656 0.098633
0 0.691406 0.807129 0.097656 0.098633
0 0.691406 0.913574 0.097656 0.098633
0 0.688477 0.477539 0.109375 0.111328
0 0.591797 0.534668 0.109375 0.110352
0 0.588379 0.638672 0.084961 0.085938
0 0.592773 0.740723 0.097656 0.098633
0 0.594727 0.863770 0.097656 0.098633
0 0.495605 0.477051 0.110352 0.110352
0 0.494629 0.579590 0.110352 0.110352
0 0.502930 0.691895 0.097656 0.098633
0 0.497070 0.797363 0.097656 0.098633
0 0.498047 0.916504 0.097656 0.098633
0 0.399902 0.529785 0.110352 0.110352
0 0.405273 0.634277 0.109375 0.110352
0 0.406250 0.747559 0.097656 0.098633
0 0.405273 0.861816 0.097656 0.098633
0 0.303711 0.476074 0.085938 0.086914
0 0.305664 0.584473 0.109375 0.110352
0 0.306641 0.690918 0.097656 0.098633
0 0.305664 0.804199 0.097656 0.098633
0 0.312012 0.908203 0.084961 0.085938
0 0.207031 0.524902 0.109375 0.110352
0 0.211914 0.636230 0.097656 0.098633
0 0.208496 0.743164 0.084961 0.085938
0 0.210449 0.852539 0.084961 0.085938
0 0.111328 0.462402 0.097656 0.098633
0 0.109863 0.577148 0.084961 0.085938
0 0.115723 0.693359 0.084961 0.085938
0 0.116699 0.906250 0.073242 0.074219
0 0.593750 0.422363 0.109375 0.110352
0 0.401855 0.419922 0.084961 0.085938
0 0.304688 0.356934 0.109375 0.110352
0 0.210938 0.414551 0.109375 0.110352
0 0.115723 0.356934 0.110352 0.110352