0 0.205566 0.091309 0.024414 0.024414
0 0.208496 0.173340 0.024414 0.024414
0 0.306152 0.034668 0.024414 0.024414
0 0.299316 0.142090 0.024414 0.024414
0 0.399414 0.172852 0.037109 0.037109
0 0.396484 0.090332 0.109375 0.110352
0 0.506348 0.143066 0.073242 0.073242
0 0.586914 0.093262 0.097656 0.098633
0 0.577637 0.208496 0.061523 0.061523
0 0.683594 0.146973 0.097656 0.098633
0 0.787109 0.096680 0.097656 0.097656
0 0.876953 0.146484 0.097656 0.097656
0 0.121094 0.336426 0.060547 0.061523
0 0.113281 0.434570 0.085938 0.085938
0 0.114746 0.545898 0.110352 0.111328
0 0.106934 0.659180 0.122070 0.123047
0 0.106934 0.767090 0.110352 0.110352
0 0.209961 0.384766 0.085938 0.085938
0 0.202148 0.494629 0.097656 0.098633
0 0.211914 0.604980 0.109375 0.110352
0 0.209473 0.716797 0.122070 0.123047
0 0.208496 0.828613 0.061523 0.061523
0 0.111816 0.881348 0.110352 0.110352
0 0.307129 0.343262 0.061523 0.061523
0 0.303711 0.437012 0.097656 0.098633
0 0.308105 0.551758 0.122070 0.123047
0 0.300781 0.660645 0.109375 0.110352
0 0.304199 0.775391 0.122070 0.123047
0 0.306641 0.881836 0.109375 0.111328
0 0.401367 0.386230 0.097656 0.098633
0 0.396973 0.495605 0.110352 0.110352
0 0.389160 0.599609 0.122070 0.123047
0 0.397949 0.722168 0.110352 0.110352
0 0.398926 0.825195 0.122070 0.123047
0 0.491211 0.353516 0.048828 0.048828
0 0.488281 0.438965 0.097656 0.098633
0 0.487793 0.554199 0.122070 0.122070
0 0.491699 0.660156 0.122070 0.123047
0 0.490723 0.776855 0.110352 0.110352
0 0.486816 0.879883 0.122070 0.123047
0 0.576660 0.386230 0.073242 0.073242
0 0.581055 0.498535 0.109375 0.110352
0 0.582031 0.607910 0.109375 0.110352
0 0.582031 0.715820 0.085938 0.085938
0 0.587402 0.829590 0.110352 0.110352
0 0.687012 0.438477 0.122070 0.123047
0 0.675293 0.546875 0.122070 0.123047
0 0.682617 0.667480 0.097656 0.098633
0 0.683594 0.766113 0.097656 0.098633
0 0.680176 0.885742 0.122070 0.123047
0 0.780762 0.383789 0.073242 0.074219
0 0.786133 0.496094 0.097656 0.097656
0 0.792480 0.609375 0.122070 0.123047
0 0.788086 0.722168 0.097656 0.098633
0 0.776367 0.824707 0.097656 0.098633
0 0.881348 0.439453 0.122070 0.123047
0 0.877441 0.559570 0.122070 0.123047
0 0.879395 0.667969 0.084961 0.085938
0 0.876953 0.788574 0.097656 0.098633
0 0.875488 0.898926 0.073242 0.073242
0 0.772461 0.938965 0.097656 0.098633
0 0.575684 0.935059 0.110352 0.110352
0 0.395020 0.936523 0.122070 0.123047
0 0.211426 0.931641 0.110352 0.111328