0 0.448730 0.300781 0.073242 0.074219
0 0.536621 0.241211 0.073242 0.074219
0 0.260254 0.805176 0.073242 0.073242
0 0.839355 0.688965 0.073242 0.073242
0 0.744629 0.646484 0.073242 0.074219
0 0.929688 0.133301 0.097656 0.098633
0 0.923828 0.238770 0.097656 0.098633
0 0.924805 0.357910 0.097656 0.098633
0 0.929199 0.459961 0.073242 0.074219
0 0.832031 0.075684 0.109375 0.110352
0 0.833008 0.188965 0.097656 0.098633
0 0.832031 0.303223 0.097656 0.098633
0 0.832031 0.408203 0.085938 0.085938
0 0.733398 0.132324 0.097656 0.098633
0 0.732422 0.245605 0.097656 0.098633
0 0.738770 0.349609 0.084961 0.085938
0 0.735352 0.457031 0.097656 0.097656
0 0.638672 0.077637 0.097656 0.098633
0 0.635254 0.184570 0.084961 0.085938
0 0.637207 0.293945 0.084961 0.085938
0 0.643555 0.408203 0.097656 0.097656
0 0.542480 0.134766 0.084961 0.085938
0 0.543457 0.347656 0.073242 0.074219
0 0.539062 0.451660 0.060547 0.061523
0 0.448242 0.073242 0.097656 0.097656
0 0.455078 0.184570 0.085938 0.085938
0 0.064453 0.070312 0.085938 0.085938
0 0.066406 0.184570 0.085938 0.085938
0 0.163086 0.142578 0.097656 0.097656
0 0.265137 0.076172 0.084961 0.085938
0 0.256348 0.179688 0.084961 0.085938
0 0.360352 0.125977 0.085938 0.085938
0 0.360352 0.226562 0.097656 0.097656
1 0.449707 0.387695 0.073242 0.074219
0 0.356445 0.341797 0.097656 0.097656
0 0.350098 0.435547 0.073242 0.074219
0 0.262207 0.295898 0.084961 0.085938
0 0.262207 0.395020 0.073242 0.073242
0 0.160156 0.357910 0.097656 0.098633
0 0.166016 0.244141 0.085938 0.085938
0 0.069336 0.293945 0.085938 0.085938
0 0.066406 0.393066 0.085938 0.086914
0 0.057129 0.601074 0.073242 0.073242
0 0.061035 0.677246 0.073242 0.073242
0 0.060547 0.787598 0.060547 0.061523
0 0.068359 0.893555 0.085938 0.085938
0 0.156738 0.615723 0.073242 0.073242
0 0.159668 0.742676 0.073242 0.073242
0 0.165527 0.869629 0.073242 0.073242
0 0.254395 0.685547 0.122070 0.123047
0 0.260254 0.916016 0.084961 0.085938
0 0.356445 0.638184 0.097656 0.098633
0 0.358887 0.745117 0.122070 0.123047
0 0.361328 0.857910 0.109375 0.110352
0 0.452637 0.610352 0.084961 0.085938
0 0.453125 0.693359 0.097656 0.097656
0 0.451660 0.813477 0.122070 0.123047
0 0.458008 0.909668 0.109375 0.110352
0 0.544434 0.635742 0.084961 0.085938
0 0.546387 0.748047 0.122070 0.123047
0 0.638672 0.699219 0.097656 0.097656
0 0.646973 0.805664 0.122070 0.123047
0 0.646973 0.915039 0.110352 0.111328
0 0.734375 0.741699 0.109375 0.110352
0 0.739258 0.854492 0.109375 0.111328
0 0.834473 0.799316 0.110352 0.110352
0 0.837402 0.910156 0.122070 0.123047
0 0.932129 0.638184 0.061523 0.061523
0 0.930664 0.744629 0.097656 0.098633
0 0.929688 0.856934 0.097656 0.098633
0 0.936523 0.950195 0.097656 0.097656