0 0.477051 0.187012 0.073242 0.073242
1 0.758789 0.784668 0.085938 0.086914
0 0.097168 0.169922 0.073242 0.074219
0 0.093750 0.302734 0.097656 0.097656
0 0.093262 0.404297 0.110352 0.111328
0 0.089355 0.514160 0.110352 0.110352
0 0.191895 0.113770 0.073242 0.073242
0 0.192383 0.233398 0.085938 0.085938
0 0.193359 0.350586 0.097656 0.097656
0 0.195312 0.462891 0.097656 0.097656
0 0.277832 0.059082 0.073242 0.073242
0 0.277344 0.169434 0.060547 0.061523
0 0.285156 0.275391 0.085938 0.085938
0 0.284180 0.410156 0.097656 0.097656
0 0.283203 0.496094 0.097656 0.097656
0 0.376465 0.124512 0.073242 0.073242
0 0.382324 0.251465 0.073242 0.073242
0 0.382812 0.351074 0.109375 0.110352
0 0.384766 0.463379 0.109375 0.110352
0 0.471191 0.067383 0.122070 0.123047
0 0.477051 0.297852 0.084961 0.085938
0 0.475098 0.409668 0.110352 0.110352
0 0.473145 0.522461 0.122070 0.123047
0 0.575684 0.126953 0.122070 0.123047
0 0.578125 0.239746 0.109375 0.110352
0 0.565430 0.353027 0.109375 0.110352
0 0.568848 0.462402 0.110352 0.110352
0 0.669922 0.075195 0.097656 0.097656
0 0.668457 0.195312 0.122070 0.123047
0 0.674805 0.291504 0.109375 0.110352
0 0.679688 0.407715 0.109375 0.110352
0 0.672852 0.515137 0.109375 0.110352
0 0.763184 0.129883 0.122070 0.123047
0 0.775391 0.343750 0.085938 0.085938
0 0.758789 0.461426 0.109375 0.110352
0 0.855469 0.081055 0.097656 0.097656
0 0.863770 0.187500 0.122070 0.123047
0 0.863770 0.296875 0.110352 0.111328
0 0.861816 0.398926 0.110352 0.110352
0 0.854980 0.514160 0.110352 0.110352
0 0.954590 0.884277 0.073242 0.073242
0 0.860352 0.622559 0.109375 0.110352
0 0.859375 0.733887 0.109375 0.110352
0 0.762695 0.574707 0.109375 0.110352
0 0.765625 0.687500 0.085938 0.085938
0 0.668457 0.618652 0.110352 0.110352
0 0.664551 0.729004 0.110352 0.110352
0 0.668945 0.840332 0.097656 0.098633
0 0.564941 0.571777 0.110352 0.110352
0 0.576172 0.801270 0.097656 0.098633
0 0.567383 0.897461 0.097656 0.097656
0 0.471680 0.623535 0.109375 0.110352
0 0.471191 0.739258 0.122070 0.123047
0 0.476074 0.838867 0.122070 0.123047
0 0.382812 0.576660 0.109375 0.110352
0 0.377441 0.680664 0.122070 0.123047
0 0.374512 0.787109 0.122070 0.123047
0 0.371582 0.901367 0.122070 0.123047
0 0.277832 0.625000 0.122070 0.123047
0 0.282715 0.732422 0.122070 0.123047
0 0.282715 0.839844 0.122070 0.123047
0 0.191895 0.576172 0.122070 0.123047
0 0.188965 0.681641 0.122070 0.123047
0 0.187012 0.780273 0.122070 0.123047
0 0.187012 0.901367 0.122070 0.123047
0 0.097168 0.618164 0.122070 0.123047
0 0.095215 0.735352 0.122070 0.123047
0 0.094238 0.846680 0.122070 0.123047