0 0.051270 0.325195 0.073242 0.074219
0 0.924316 0.064941 0.110352 0.110352
0 0.921387 0.171875 0.110352 0.111328
0 0.922852 0.279297 0.097656 0.097656
0 0.924805 0.383301 0.060547 0.061523
0 0.819336 0.111328 0.109375 0.111328
0 0.818359 0.211914 0.097656 0.097656
0 0.821289 0.331543 0.109375 0.110352
0 0.726562 0.061523 0.097656 0.097656
0 0.722656 0.172363 0.109375 0.110352
0 0.726562 0.279785 0.109375 0.110352
0 0.631836 0.104492 0.097656 0.097656
0 0.630371 0.213379 0.110352 0.110352
0 0.627441 0.322754 0.110352 0.110352
0 0.538574 0.163574 0.110352 0.110352
0 0.531738 0.272949 0.110352 0.110352
0 0.438477 0.104980 0.109375 0.110352
0 0.436523 0.215332 0.109375 0.110352
0 0.433594 0.325684 0.097656 0.098633
0 0.343750 0.161621 0.097656 0.098633
0 0.348633 0.265137 0.097656 0.098633
0 0.247559 0.101074 0.110352 0.110352
0 0.247559 0.214355 0.110352 0.110352
0 0.245605 0.323730 0.110352 0.110352
0 0.150391 0.157715 0.097656 0.098633
0 0.151367 0.270508 0.097656 0.097656
0 0.151367 0.372070 0.097656 0.097656
0 0.053711 0.105957 0.097656 0.098633
0 0.051758 0.208008 0.097656 0.097656
0 0.057617 0.433594 0.085938 0.085938
0 0.055664 0.544434 0.097656 0.098633
0 0.050781 0.666504 0.097656 0.098633
0 0.154297 0.495605 0.097656 0.098633
0 0.145508 0.605469 0.085938 0.085938
0 0.147461 0.713379 0.097656 0.098633
0 0.147461 0.826172 0.097656 0.097656
0 0.246582 0.434082 0.110352 0.110352
0 0.252441 0.544434 0.110352 0.110352
0 0.252441 0.655762 0.110352 0.110352
0 0.252930 0.774902 0.109375 0.110352
0 0.335938 0.381348 0.109375 0.110352
0 0.338867 0.494629 0.109375 0.110352
0 0.340332 0.598145 0.110352 0.110352
0 0.342285 0.721191 0.110352 0.110352
0 0.345215 0.828613 0.110352 0.110352
0 0.435547 0.439941 0.109375 0.110352
0 0.441406 0.549316 0.109375 0.110352
0 0.435547 0.658691 0.109375 0.110352
0 0.430664 0.769043 0.109375 0.110352
0 0.525879 0.382812 0.110352 0.111328
0 0.530273 0.500000 0.097656 0.097656
0 0.532227 0.603027 0.109375 0.110352
0 0.535156 0.717285 0.097656 0.098633
0 0.529297 0.827637 0.109375 0.110352
0 0.628418 0.439453 0.110352 0.111328
0 0.628418 0.554688 0.110352 0.111328
0 0.624512 0.664551 0.110352 0.110352
0 0.631348 0.779785 0.110352 0.110352
0 0.720703 0.386230 0.109375 0.110352
0 0.726562 0.501953 0.109375 0.111328
0 0.725098 0.609375 0.110352 0.111328
0 0.726074 0.721680 0.110352 0.111328
0 0.722168 0.837402 0.110352 0.110352
0 0.820312 0.443848 0.097656 0.098633
0 0.816406 0.558105 0.109375 0.110352
0 0.816406 0.663086 0.109375 0.111328
0 0.815430 0.777344 0.109375 0.111328
0 0.913574 0.489746 0.110352 0.110352
0 0.910645 0.608887 0.110352 0.110352
0 0.913086 0.719727 0.097656 0.097656
0 0.916016 0.836914 0.109375 0.111328
0 0.810547 0.883301 0.109375 0.110352
0 0.721191 0.943359 0.084961 0.085938
0 0.624023 0.880371 0.109375 0.110352
0 0.530273 0.937988 0.109375 0.110352
0 0.435059 0.880371 0.110352 0.110352
0 0.343750 0.937988 0.097656 0.098633
1 0.247070 0.879883 0.085938 0.085938
0 0.155273 0.924316 0.097656 0.098633