0 0.214355 0.620605 0.073242 0.073242
0 0.307129 0.211914 0.073242 0.074219
0 0.121582 0.693359 0.073242 0.074219
0 0.417480 0.851074 0.073242 0.073242
0 0.299316 0.895020 0.061523 0.061523
0 0.880859 0.896973 0.097656 0.098633
0 0.787109 0.508789 0.085938 0.085938
0 0.789062 0.605469 0.097656 0.097656
0 0.687500 0.463379 0.109375 0.110352
0 0.780273 0.852539 0.097656 0.097656
0 0.687012 0.808594 0.084961 0.085938
0 0.681641 0.916504 0.097656 0.098633
0 0.587891 0.857910 0.109375 0.110352
0 0.598145 0.732910 0.110352 0.110352
0 0.590820 0.528320 0.097656 0.097656
0 0.502930 0.463379 0.109375 0.110352
0 0.494629 0.804199 0.110352 0.110352
0 0.504883 0.916992 0.085938 0.085938
0 0.405762 0.520508 0.110352 0.111328
0 0.315430 0.495605 0.109375 0.110352
0 0.307617 0.591797 0.097656 0.097656
0 0.211914 0.519043 0.097656 0.098633
0 0.219727 0.748047 0.097656 0.097656
0 0.412109 0.729492 0.085938 0.085938
0 0.125000 0.462891 0.097656 0.097656
0 0.116211 0.571289 0.085938 0.085938
0 0.127930 0.799805 0.097656 0.097656
0 0.878418 0.046875 0.084961 0.085938
0 0.881836 0.445312 0.085938 0.085938
0 0.784668 0.401855 0.110352 0.110352
0 0.789062 0.296875 0.097656 0.097656
0 0.792969 0.203125 0.097656 0.097656
0 0.876953 0.252441 0.097656 0.098633
0 0.879395 0.355469 0.084961 0.085938
0 0.792969 0.102539 0.085938 0.085938
0 0.874512 0.139648 0.084961 0.085938
0 0.687988 0.144531 0.110352 0.111328
0 0.691895 0.239746 0.110352 0.110352
0 0.698242 0.364258 0.109375 0.111328
0 0.601562 0.304199 0.109375 0.110352
0 0.601562 0.197754 0.109375 0.110352
0 0.597656 0.088379 0.109375 0.110352
0 0.502930 0.147949 0.097656 0.098633
0 0.501953 0.250977 0.097656 0.097656
0 0.124512 0.145508 0.084961 0.085938
0 0.231934 0.162109 0.084961 0.085938
0 0.228027 0.079102 0.084961 0.085938
0 0.312012 0.123047 0.084961 0.085938
0 0.410156 0.273438 0.085938 0.085938
0 0.407715 0.166016 0.084961 0.085938
0 0.415527 0.071289 0.084961 0.085938
0 0.406250 0.422363 0.097656 0.098633
0 0.314453 0.401855 0.109375 0.110352
0 0.217285 0.418457 0.110352 0.110352
0 0.123047 0.350586 0.097656 0.097656