0 0.913574 0.151855 0.110352 0.110352
0 0.916504 0.264160 0.110352 0.110352
0 0.915527 0.370117 0.084961 0.085938
0 0.813965 0.089355 0.110352 0.110352
0 0.819336 0.200684 0.097656 0.098633
0 0.726562 0.147949 0.109375 0.110352
0 0.725586 0.252441 0.109375 0.110352
0 0.727051 0.374023 0.073242 0.074219
0 0.634277 0.100098 0.110352 0.110352
0 0.628418 0.192871 0.110352 0.110352
0 0.630371 0.314453 0.110352 0.111328
0 0.538574 0.159180 0.110352 0.111328
0 0.540039 0.266602 0.097656 0.097656
0 0.541992 0.370605 0.060547 0.061523
0 0.436523 0.098633 0.109375 0.111328
0 0.435547 0.199219 0.097656 0.097656
0 0.438477 0.318848 0.109375 0.110352
0 0.339844 0.159668 0.109375 0.110352
0 0.343750 0.267090 0.109375 0.110352
0 0.249023 0.091797 0.097656 0.097656
0 0.247559 0.200684 0.110352 0.110352
0 0.244629 0.310059 0.110352 0.110352
0 0.155762 0.150879 0.110352 0.110352
0 0.148926 0.260254 0.110352 0.110352
0 0.055664 0.092285 0.109375 0.110352
0 0.050781 0.312988 0.097656 0.098633
0 0.058594 0.536621 0.109375 0.110352
0 0.143066 0.370117 0.110352 0.111328
0 0.147461 0.487305 0.097656 0.097656
0 0.149414 0.590332 0.109375 0.110352
0 0.152344 0.704590 0.097656 0.098633
0 0.146484 0.814941 0.109375 0.110352
0 0.245605 0.426758 0.110352 0.111328
0 0.245605 0.541992 0.110352 0.111328
0 0.241699 0.651855 0.110352 0.110352
0 0.248535 0.767090 0.110352 0.110352
0 0.337891 0.373535 0.109375 0.110352
0 0.343750 0.489258 0.109375 0.111328
0 0.342285 0.596680 0.110352 0.111328
0 0.343262 0.708984 0.110352 0.111328
0 0.339355 0.824707 0.110352 0.110352
0 0.437500 0.431152 0.097656 0.098633
0 0.433594 0.545410 0.109375 0.110352
0 0.433594 0.650391 0.109375 0.111328
0 0.432617 0.764648 0.109375 0.111328
0 0.530762 0.477051 0.110352 0.110352
0 0.527832 0.596191 0.110352 0.110352
0 0.530273 0.707031 0.097656 0.097656
0 0.533203 0.824219 0.109375 0.111328
0 0.624512 0.435059 0.110352 0.110352
0 0.628418 0.536621 0.110352 0.110352
0 0.628418 0.656738 0.110352 0.110352
0 0.623535 0.766113 0.110352 0.110352
0 0.626953 0.875977 0.097656 0.097656
0 0.427734 0.870605 0.109375 0.110352
0 0.724609 0.478027 0.085938 0.086914
0 0.811035 0.423340 0.073242 0.073242
0 0.916504 0.472168 0.110352 0.110352
0 0.530273 0.933105 0.109375 0.110352
0 0.338379 0.930664 0.084961 0.085938
0 0.241211 0.867676 0.109375 0.110352
0 0.147461 0.925293 0.109375 0.110352