0 0.282715 0.704102 0.073242 0.074219
0 0.284668 0.790039 0.073242 0.074219
0 0.485840 0.771973 0.073242 0.073242
0 0.479004 0.555664 0.073242 0.074219
0 0.204590 0.757324 0.073242 0.073242
0 0.397461 0.885254 0.060547 0.061523
0 0.202637 0.854980 0.073242 0.073242
0 0.956543 0.399414 0.073242 0.074219
0 0.951172 0.277344 0.085938 0.085938
0 0.864258 0.467773 0.085938 0.085938
0 0.866699 0.560059 0.110352 0.110352
0 0.859375 0.672363 0.097656 0.098633
0 0.950684 0.812988 0.073242 0.073242
0 0.773438 0.168457 0.097656 0.098633
1 0.766602 0.283203 0.085938 0.085938
0 0.769043 0.388672 0.084961 0.085938
0 0.770020 0.505371 0.110352 0.110352
0 0.773926 0.613770 0.110352 0.110352
0 0.772461 0.723145 0.109375 0.110352
0 0.769531 0.841309 0.097656 0.098633
0 0.677734 0.134766 0.097656 0.097656
0 0.682617 0.226074 0.097656 0.098633
0 0.667969 0.330078 0.097656 0.097656
0 0.668945 0.457520 0.097656 0.098633
0 0.664062 0.566895 0.097656 0.098633
0 0.660156 0.672363 0.097656 0.098633
0 0.671387 0.781250 0.084961 0.085938
0 0.575684 0.829102 0.084961 0.085938
0 0.584473 0.181641 0.110352 0.111328
0 0.588379 0.306641 0.122070 0.123047
0 0.581543 0.412109 0.084961 0.085938
0 0.564453 0.529297 0.085938 0.085938
0 0.566895 0.614746 0.084961 0.086914
0 0.573242 0.722656 0.097656 0.097656
0 0.488770 0.130371 0.110352 0.110352
0 0.492676 0.239746 0.110352 0.110352
0 0.490234 0.352051 0.097656 0.098633
0 0.492188 0.450684 0.097656 0.098633
0 0.400391 0.537598 0.060547 0.061523
0 0.399902 0.640625 0.073242 0.074219
0 0.402832 0.726562 0.084961 0.085938
0 0.393555 0.805664 0.085938 0.085938
0 0.268066 0.889160 0.061523 0.061523
0 0.394531 0.196777 0.109375 0.110352
0 0.401855 0.293457 0.110352 0.110352
0 0.399414 0.408691 0.109375 0.110352
0 0.303711 0.135742 0.085938 0.085938
0 0.298828 0.246582 0.109375 0.110352
0 0.301270 0.353027 0.110352 0.110352
0 0.300781 0.453125 0.109375 0.111328
0 0.289062 0.595215 0.097656 0.098633
0 0.205078 0.643066 0.097656 0.098633
0 0.219727 0.528320 0.085938 0.085938
0 0.205566 0.185059 0.084961 0.086914
0 0.211914 0.289062 0.097656 0.097656
0 0.205078 0.420410 0.097656 0.098633
0 0.103516 0.128906 0.085938 0.085938
0 0.104980 0.242188 0.084961 0.085938
0 0.112305 0.355469 0.097656 0.097656
0 0.116211 0.458496 0.109375 0.110352
0 0.126465 0.595703 0.084961 0.085938
0 0.117188 0.689941 0.097656 0.098633
0 0.104004 0.810547 0.084961 0.085938
0 0.765625 0.057617 0.085938 0.085938
0 0.401367 0.082031 0.085938 0.085938
0 0.212402 0.070312 0.084961 0.085938
0 0.591309 0.089355 0.110352 0.110352
0 0.483398 0.659668 0.097656 0.098633