0 0.623047 0.436035 0.109375 0.110352
0 0.338867 0.060059 0.097656 0.098633
0 0.523438 0.056152 0.109375 0.110352
0 0.909180 0.165527 0.109375 0.110352
0 0.911133 0.269531 0.109375 0.111328
0 0.913086 0.383789 0.109375 0.111328
0 0.907715 0.483398 0.110352 0.111328
0 0.811523 0.109863 0.109375 0.110352
0 0.812988 0.220703 0.110352 0.111328
0 0.810059 0.328125 0.110352 0.111328
0 0.814941 0.435059 0.110352 0.110352
0 0.715332 0.161133 0.110352 0.111328
0 0.719238 0.278809 0.110352 0.110352
0 0.723633 0.383301 0.109375 0.110352
0 0.625488 0.117188 0.110352 0.111328
0 0.624023 0.222168 0.097656 0.098633
0 0.621094 0.328613 0.109375 0.110352
0 0.528320 0.164551 0.097656 0.098633
0 0.523438 0.275879 0.109375 0.110352
0 0.527344 0.380371 0.109375 0.110352
0 0.530273 0.493652 0.048828 0.049805
0 0.622070 0.548340 0.048828 0.049805
0 0.716797 0.486328 0.048828 0.048828
0 0.428711 0.108887 0.109375 0.110352
0 0.434082 0.224121 0.110352 0.110352
0 0.434082 0.334473 0.110352 0.110352
0 0.437012 0.446777 0.110352 0.110352
0 0.436035 0.552734 0.084961 0.085938
0 0.338867 0.161621 0.097656 0.098633
0 0.334473 0.271973 0.110352 0.110352
0 0.339844 0.383301 0.097656 0.098633
0 0.245117 0.112793 0.109375 0.110352
0 0.242188 0.221191 0.109375 0.110352
0 0.247070 0.330566 0.109375 0.110352
0 0.246094 0.435059 0.109375 0.110352
0 0.247559 0.556641 0.073242 0.074219
0 0.154297 0.059082 0.109375 0.110352
0 0.153320 0.167480 0.097656 0.098633
0 0.154785 0.282715 0.110352 0.110352
0 0.148926 0.375488 0.110352 0.110352
0 0.150879 0.497070 0.110352 0.111328
0 0.058105 0.121582 0.110352 0.110352
0 0.062012 0.234863 0.110352 0.110352
0 0.059082 0.341797 0.110352 0.111328
0 0.060547 0.449219 0.097656 0.097656
0 0.062500 0.553223 0.060547 0.061523
0 0.050781 0.889648 0.097656 0.097656
0 0.145020 0.617676 0.110352 0.110352
0 0.148926 0.719238 0.110352 0.110352
0 0.148926 0.839355 0.110352 0.110352
0 0.245117 0.660645 0.085938 0.086914
0 0.331543 0.605957 0.073242 0.073242
0 0.437012 0.654785 0.110352 0.110352
0 0.527344 0.605957 0.109375 0.110352
0 0.624023 0.655273 0.109375 0.111328
0 0.726562 0.713867 0.085938 0.085938
0 0.720215 0.601562 0.084961 0.085938
0 0.816895 0.552734 0.084961 0.085938
0 0.813965 0.659180 0.084961 0.085938
0 0.821289 0.766602 0.097656 0.097656
0 0.816406 0.871094 0.097656 0.097656
0 0.910645 0.601074 0.073242 0.073242
0 0.913574 0.712891 0.084961 0.085938
0 0.912598 0.929688 0.073242 0.074219