0 0.125488 0.182617 0.073242 0.074219
0 0.406738 0.104980 0.073242 0.073242
0 0.492676 0.187012 0.073242 0.073242
0 0.489746 0.290039 0.073242 0.074219
0 0.596191 0.498047 0.073242 0.074219
0 0.884277 0.942383 0.110352 0.111328
0 0.882812 0.292969 0.097656 0.097656
0 0.885742 0.397949 0.097656 0.098633
0 0.889648 0.491699 0.097656 0.098633
0 0.885742 0.631348 0.109375 0.110352
0 0.889648 0.742676 0.109375 0.110352
0 0.875488 0.849609 0.110352 0.111328
0 0.774414 0.892578 0.109375 0.111328
0 0.775879 0.787109 0.110352 0.111328
0 0.775879 0.670898 0.084961 0.085938
0 0.781250 0.448730 0.097656 0.098633
0 0.784180 0.348633 0.109375 0.111328
0 0.777832 0.241699 0.110352 0.110352
0 0.781738 0.121094 0.110352 0.111328
0 0.600586 0.120605 0.097656 0.098633
0 0.316406 0.163086 0.085938 0.085938
0 0.304688 0.276367 0.085938 0.085938
0 0.416016 0.218262 0.085938 0.086914
0 0.414551 0.330078 0.084961 0.085938
0 0.484375 0.380859 0.085938 0.085938
0 0.407715 0.474609 0.084961 0.085938
0 0.494629 0.530273 0.084961 0.085938
0 0.599121 0.575195 0.084961 0.085938
0 0.498047 0.928711 0.085938 0.085938
0 0.400879 0.885254 0.110352 0.110352
0 0.405273 0.780273 0.097656 0.097656
0 0.409180 0.686523 0.097656 0.097656
0 0.598633 0.676270 0.097656 0.098633
0 0.493164 0.735840 0.097656 0.098633
0 0.495605 0.838867 0.084961 0.085938
0 0.409180 0.585938 0.085938 0.085938
0 0.490723 0.623047 0.084961 0.085938
0 0.311035 0.409668 0.110352 0.110352
0 0.308594 0.500488 0.109375 0.110352
0 0.304199 0.627930 0.110352 0.111328
0 0.308105 0.723145 0.110352 0.110352
0 0.314453 0.847656 0.109375 0.111328
0 0.217773 0.787598 0.109375 0.110352
0 0.217773 0.681152 0.109375 0.110352
0 0.213867 0.571777 0.109375 0.110352
0 0.125000 0.416016 0.085938 0.085938
0 0.125000 0.514648 0.085938 0.085938
0 0.119141 0.631348 0.097656 0.098633
0 0.118164 0.734375 0.097656 0.097656
0 0.214355 0.224609 0.084961 0.085938
0 0.212891 0.350586 0.085938 0.085938
0 0.211426 0.460938 0.084961 0.085938
0 0.127441 0.295898 0.084961 0.085938
0 0.316895 0.068359 0.073242 0.074219
0 0.124023 0.070312 0.085938 0.085938
0 0.885742 0.075195 0.097656 0.097656
0 0.696289 0.840332 0.097656 0.098633
0 0.500000 0.074219 0.085938 0.085938