0 0.156738 0.122559 0.073242 0.073242
0 0.814941 0.180664 0.073242 0.074219
0 0.721680 0.119629 0.060547 0.061523
0 0.823730 0.620605 0.073242 0.073242
0 0.896973 0.771484 0.073242 0.074219
0 0.896484 0.888672 0.085938 0.085938
1 0.815918 0.947266 0.073242 0.074219
0 0.718262 0.884766 0.084961 0.085938
0 0.535156 0.888184 0.097656 0.098633
0 0.258301 0.936523 0.084961 0.085938
0 0.156250 0.894531 0.097656 0.097656
0 0.065430 0.946289 0.097656 0.097656
1 0.820801 0.823242 0.073242 0.074219
1 0.815918 0.715332 0.073242 0.073242
0 0.722656 0.673828 0.085938 0.085938
0 0.722656 0.789062 0.085938 0.085938
1 0.911621 0.677734 0.073242 0.074219
1 0.911621 0.558105 0.073242 0.073242
0 0.911621 0.337891 0.084961 0.085938
0 0.909180 0.235352 0.085938 0.085938
0 0.530273 0.251953 0.085938 0.085938
0 0.346680 0.365234 0.085938 0.085938
0 0.437500 0.394531 0.085938 0.085938
0 0.906250 0.111816 0.097656 0.098633
0 0.822266 0.079102 0.097656 0.097656
0 0.816406 0.290039 0.097656 0.097656
0 0.817383 0.393066 0.097656 0.098633
0 0.823730 0.513672 0.084961 0.085938
0 0.908691 0.446289 0.084961 0.085938
0 0.729492 0.239258 0.109375 0.111328
0 0.723145 0.346191 0.110352 0.110352
0 0.724121 0.453613 0.110352 0.110352
0 0.725098 0.573730 0.110352 0.110352
0 0.634766 0.630859 0.085938 0.085938
0 0.635742 0.720703 0.085938 0.085938
0 0.640137 0.522461 0.084961 0.085938
0 0.636230 0.391113 0.110352 0.110352
0 0.632324 0.289551 0.110352 0.110352
0 0.636719 0.184570 0.085938 0.085938
0 0.639648 0.072754 0.097656 0.098633
0 0.534180 0.128418 0.097656 0.098633
0 0.532715 0.369141 0.110352 0.111328
0 0.528809 0.479980 0.110352 0.110352
0 0.531250 0.587402 0.097656 0.098633
0 0.536133 0.668457 0.097656 0.098633
0 0.437012 0.742188 0.084961 0.085938
0 0.438477 0.837402 0.097656 0.098633
0 0.535156 0.782715 0.097656 0.098633
0 0.639648 0.833496 0.097656 0.098633
0 0.440430 0.634277 0.097656 0.098633
0 0.342773 0.237305 0.097656 0.097656
0 0.339355 0.122070 0.084961 0.085938
0 0.437500 0.072266 0.085938 0.085938
1 0.449219 0.173828 0.097656 0.097656
0 0.442383 0.290039 0.085938 0.085938
0 0.345215 0.471680 0.084961 0.085938
0 0.442383 0.541016 0.085938 0.085938
0 0.262695 0.425781 0.085938 0.085938
0 0.255371 0.299805 0.084961 0.085938
0 0.347656 0.785156 0.097656 0.097656
0 0.346680 0.670410 0.097656 0.098633
0 0.348145 0.570312 0.084961 0.085938
0 0.265625 0.519531 0.097656 0.097656
0 0.254883 0.624023 0.085938 0.085938
0 0.258789 0.725586 0.085938 0.085938
0 0.251953 0.834473 0.085938 0.086914
0 0.057617 0.293945 0.085938 0.085938
0 0.157227 0.245117 0.097656 0.097656
0 0.159668 0.346680 0.084961 0.085938
0 0.157227 0.449219 0.097656 0.097656
0 0.156250 0.563965 0.097656 0.098633
0 0.156738 0.676758 0.084961 0.085938
0 0.163086 0.787109 0.085938 0.085938
0 0.056641 0.840820 0.085938 0.085938
0 0.060547 0.726074 0.097656 0.098633
0 0.067383 0.629883 0.097656 0.097656
0 0.062500 0.512695 0.085938 0.085938
0 0.067871 0.394531 0.084961 0.085938
0 0.065430 0.177246 0.097656 0.098633
0 0.067871 0.070312 0.084961 0.085938
1 0.251465 0.203125 0.084961 0.085938
0 0.347168 0.898438 0.084961 0.085938
0 0.259766 0.092773 0.085938 0.085938