0 0.819824 0.428711 0.073242 0.074219
0 0.540527 0.182129 0.073242 0.073242
0 0.925293 0.732910 0.073242 0.073242
0 0.633301 0.655762 0.073242 0.073242
0 0.822754 0.782227 0.073242 0.074219
0 0.910645 0.928223 0.073242 0.073242
0 0.729004 0.835449 0.073242 0.073242
0 0.529297 0.945801 0.097656 0.098633
0 0.152344 0.941895 0.097656 0.098633
0 0.925293 0.826660 0.073242 0.073242
0 0.820801 0.891602 0.073242 0.074219
0 0.926758 0.530273 0.085938 0.085938
1 0.725586 0.267090 0.085938 0.086914
0 0.725586 0.156250 0.085938 0.085938
0 0.632324 0.210938 0.073242 0.074219
0 0.636230 0.316406 0.073242 0.074219
0 0.439941 0.217773 0.084961 0.085938
0 0.064453 0.891113 0.097656 0.098633
0 0.071289 0.780273 0.097656 0.097656
0 0.063477 0.672363 0.097656 0.098633
0 0.066406 0.561523 0.097656 0.097656
0 0.065430 0.448730 0.097656 0.098633
0 0.073242 0.337891 0.097656 0.097656
0 0.066406 0.229980 0.097656 0.098633
0 0.155273 0.172852 0.097656 0.097656
0 0.161133 0.279785 0.097656 0.098633
0 0.159180 0.387207 0.097656 0.098633
0 0.158203 0.501953 0.097656 0.097656
0 0.154297 0.617676 0.097656 0.098633
0 0.157715 0.722656 0.084961 0.085938
0 0.157227 0.824707 0.097656 0.098633
0 0.253418 0.875488 0.110352 0.110352
0 0.251953 0.767090 0.109375 0.110352
0 0.247070 0.659668 0.109375 0.110352
0 0.253418 0.558105 0.110352 0.110352
0 0.252441 0.444824 0.110352 0.110352
0 0.250000 0.330566 0.109375 0.110352
0 0.248535 0.219727 0.110352 0.111328
0 0.346680 0.176758 0.097656 0.097656
0 0.337891 0.279785 0.109375 0.110352
0 0.350586 0.383789 0.109375 0.111328
0 0.342773 0.495605 0.109375 0.110352
0 0.345215 0.600586 0.084961 0.085938
0 0.347656 0.690430 0.085938 0.085938
0 0.342773 0.823730 0.097656 0.098633
0 0.443359 0.888672 0.109375 0.111328
0 0.343750 0.935547 0.085938 0.085938
0 0.439453 0.763672 0.085938 0.085938
0 0.439453 0.671387 0.097656 0.098633
0 0.438477 0.550293 0.097656 0.098633
0 0.443848 0.446289 0.084961 0.085938
0 0.438477 0.319824 0.109375 0.110352
0 0.536621 0.280273 0.084961 0.085938
0 0.535156 0.379883 0.097656 0.097656
0 0.538086 0.515137 0.097656 0.098633
0 0.536133 0.604004 0.097656 0.098633
0 0.527344 0.721191 0.109375 0.110352
0 0.528320 0.832520 0.109375 0.110352
0 0.627930 0.893555 0.085938 0.085938
0 0.634766 0.778320 0.085938 0.085938
0 0.632324 0.550781 0.084961 0.085938
0 0.626953 0.415527 0.097656 0.098633
0 0.724121 0.472656 0.084961 0.085938
0 0.723633 0.604004 0.097656 0.098633
0 0.724609 0.719727 0.097656 0.097656
0 0.822266 0.662598 0.109375 0.110352
0 0.818359 0.544434 0.097656 0.098633
0 0.913086 0.166992 0.109375 0.111328
0 0.918457 0.274902 0.110352 0.110352
0 0.915527 0.419434 0.110352 0.110352
0 0.818848 0.222656 0.084961 0.085938
0 0.917969 0.063965 0.097656 0.098633
0 0.727051 0.055176 0.084961 0.086914
0 0.638184 0.126953 0.084961 0.085938
0 0.535156 0.056641 0.085938 0.085938
0 0.437500 0.114746 0.109375 0.110352
0 0.258789 0.097656 0.109375 0.111328
0 0.160156 0.054688 0.085938 0.085938
0 0.068359 0.120605 0.097656 0.098633
0 0.819336 0.106934 0.109375 0.110352