0 0.783691 0.877930 0.073242 0.074219
0 0.885742 0.305176 0.097656 0.098633
0 0.883301 0.421387 0.110352 0.110352
0 0.785156 0.468262 0.097656 0.098633
0 0.794434 0.359863 0.110352 0.110352
0 0.696289 0.402832 0.109375 0.110352
0 0.608398 0.350586 0.085938 0.085938
0 0.597656 0.455078 0.085938 0.085938
0 0.601562 0.580078 0.085938 0.085938
0 0.594727 0.679688 0.085938 0.085938
0 0.601074 0.811523 0.084961 0.085938
0 0.708496 0.828125 0.084961 0.085938
0 0.704590 0.745117 0.084961 0.085938
0 0.694336 0.628906 0.085938 0.085938
0 0.695801 0.514648 0.084961 0.085938
0 0.790039 0.584961 0.085938 0.085938
0 0.787598 0.707031 0.084961 0.085938
0 0.788574 0.789062 0.084961 0.085938
0 0.886719 0.939453 0.085938 0.085938
0 0.884277 0.832031 0.084961 0.085938
0 0.892090 0.737305 0.084961 0.085938
0 0.884277 0.642578 0.084961 0.085938
0 0.888672 0.532227 0.085938 0.085938
0 0.508789 0.301270 0.097656 0.098633
0 0.512695 0.416992 0.085938 0.085938
0 0.510742 0.524902 0.097656 0.098633
0 0.508301 0.633789 0.084961 0.085938
0 0.506836 0.751465 0.097656 0.098633
0 0.507812 0.864746 0.097656 0.098633
0 0.417969 0.366211 0.097656 0.097656
0 0.418945 0.468750 0.097656 0.097656
0 0.419434 0.579102 0.084961 0.085938
0 0.418945 0.696777 0.097656 0.098633
0 0.415039 0.809570 0.085938 0.085938
0 0.412109 0.918945 0.097656 0.097656
0 0.331543 0.316895 0.110352 0.110352
0 0.325195 0.431152 0.097656 0.098633
0 0.321289 0.540527 0.097656 0.098633
0 0.321289 0.653809 0.097656 0.098633
0 0.323242 0.766602 0.097656 0.097656
0 0.323242 0.864258 0.109375 0.111328
0 0.227051 0.280273 0.084961 0.085938
0 0.224121 0.386719 0.084961 0.085938
0 0.227051 0.483398 0.084961 0.085938
0 0.224121 0.597656 0.084961 0.085938
0 0.226562 0.711914 0.097656 0.097656
0 0.224121 0.835938 0.084961 0.085938
0 0.229004 0.938477 0.084961 0.085938
0 0.129395 0.876953 0.110352 0.111328
0 0.135742 0.766602 0.097656 0.097656
0 0.141602 0.650879 0.109375 0.110352
0 0.140625 0.545410 0.097656 0.098633
1 0.136230 0.437500 0.084961 0.085938
0 0.135254 0.325195 0.084961 0.085938
0 0.135742 0.212402 0.097656 0.098633
0 0.134277 0.106445 0.084961 0.085938
0 0.231445 0.150879 0.097656 0.098633
0 0.325195 0.102051 0.097656 0.098633
0 0.329102 0.208496 0.097656 0.098633
0 0.420898 0.250488 0.097656 0.098633
0 0.427734 0.139648 0.097656 0.097656
0 0.514160 0.082031 0.084961 0.085938
0 0.513672 0.184082 0.097656 0.098633
0 0.609863 0.234863 0.110352 0.110352
0 0.608398 0.126465 0.109375 0.110352
0 0.704102 0.049805 0.085938 0.085938
0 0.699219 0.183105 0.097656 0.098633
0 0.799805 0.248047 0.109375 0.111328
0 0.700195 0.294922 0.085938 0.085938
0 0.795898 0.123047 0.085938 0.085938
0 0.883789 0.080566 0.109375 0.110352
0 0.884766 0.191895 0.109375 0.110352