0 0.072266 0.228027 0.109375 0.110352
0 0.935059 0.063477 0.084961 0.085938
0 0.933594 0.175293 0.097656 0.098633
0 0.933594 0.289551 0.097656 0.098633
0 0.837891 0.119141 0.085938 0.085938
0 0.839844 0.228027 0.097656 0.098633
0 0.747070 0.064941 0.097656 0.098633
0 0.748047 0.172363 0.097656 0.098633
0 0.745117 0.283691 0.097656 0.098633
0 0.645020 0.118652 0.110352 0.110352
0 0.641113 0.226074 0.110352 0.110352
0 0.543457 0.066895 0.110352 0.110352
0 0.549316 0.181152 0.110352 0.110352
0 0.548828 0.290039 0.109375 0.111328
0 0.452148 0.120117 0.097656 0.097656
0 0.456055 0.236328 0.097656 0.097656
0 0.360352 0.061523 0.109375 0.111328
0 0.362305 0.175781 0.109375 0.111328
0 0.356934 0.275391 0.110352 0.111328
0 0.259277 0.120117 0.110352 0.111328
0 0.264160 0.227051 0.110352 0.110352
0 0.168457 0.070801 0.110352 0.110352
0 0.172852 0.175293 0.109375 0.110352
0 0.070312 0.120605 0.109375 0.110352
0 0.071289 0.340332 0.048828 0.049805
0 0.166016 0.278320 0.048828 0.048828
0 0.073242 0.447266 0.109375 0.111328
0 0.175781 0.505859 0.085938 0.085938
0 0.169434 0.393555 0.084961 0.085938
0 0.266113 0.344727 0.084961 0.085938
0 0.263184 0.451172 0.084961 0.085938
0 0.270508 0.558594 0.097656 0.097656
0 0.265625 0.663086 0.097656 0.097656
0 0.260742 0.779785 0.097656 0.098633
0 0.359863 0.393066 0.073242 0.073242
0 0.362793 0.504883 0.084961 0.085938
0 0.361816 0.721680 0.073242 0.074219
0 0.448242 0.339355 0.097656 0.098633
0 0.454102 0.448730 0.097656 0.098633
0 0.449219 0.563965 0.097656 0.098633
0 0.458984 0.674805 0.097656 0.097656
0 0.460938 0.785156 0.097656 0.097656
0 0.551270 0.394043 0.110352 0.110352
0 0.552246 0.508301 0.110352 0.110352
0 0.546875 0.614746 0.109375 0.110352
0 0.545898 0.732910 0.109375 0.110352
0 0.546875 0.840820 0.109375 0.111328
0 0.645996 0.343262 0.110352 0.110352
0 0.643066 0.454590 0.110352 0.110352
0 0.637207 0.562988 0.110352 0.110352
0 0.645020 0.675293 0.110352 0.110352
0 0.646484 0.783691 0.109375 0.110352
0 0.747070 0.395996 0.109375 0.110352
0 0.747070 0.504395 0.097656 0.098633
0 0.742676 0.616699 0.110352 0.110352
0 0.745605 0.728027 0.110352 0.110352
0 0.744629 0.843262 0.110352 0.110352
0 0.839844 0.336426 0.109375 0.110352
0 0.846680 0.460449 0.109375 0.110352
0 0.839844 0.563965 0.109375 0.110352
0 0.839844 0.680176 0.109375 0.110352
0 0.836914 0.783691 0.109375 0.110352
0 0.934570 0.390625 0.097656 0.097656
0 0.931152 0.506348 0.110352 0.110352
0 0.937500 0.621582 0.109375 0.110352
0 0.932617 0.732910 0.097656 0.098633
0 0.938477 0.840332 0.109375 0.110352
1 0.831543 0.902832 0.110352 0.110352
0 0.635742 0.895996 0.109375 0.110352
0 0.449707 0.911133 0.110352 0.111328
0 0.360840 0.852539 0.084961 0.085938
0 0.367676 0.966309 0.024414 0.024414
0 0.268555 0.888184 0.097656 0.098633