0 0.393066 0.171875 0.073242 0.074219
0 0.480957 0.112305 0.073242 0.074219
0 0.204590 0.676270 0.073242 0.073242
0 0.783691 0.560059 0.073242 0.073242
0 0.688965 0.517578 0.073242 0.074219
0 0.868164 0.109863 0.097656 0.098633
0 0.869141 0.229004 0.097656 0.098633
0 0.873535 0.331055 0.073242 0.074219
0 0.777344 0.060059 0.097656 0.098633
0 0.776367 0.174316 0.097656 0.098633
0 0.776367 0.279297 0.085938 0.085938
0 0.676758 0.116699 0.097656 0.098633
0 0.683105 0.220703 0.084961 0.085938
0 0.679688 0.328125 0.097656 0.097656
0 0.579590 0.055664 0.084961 0.085938
0 0.581543 0.165039 0.084961 0.085938
0 0.587891 0.279297 0.097656 0.097656
0 0.487793 0.218750 0.073242 0.074219
0 0.483398 0.322754 0.060547 0.061523
0 0.399414 0.055664 0.085938 0.085938
0 0.200684 0.050781 0.084961 0.085938
0 0.304688 0.097656 0.097656 0.097656
1 0.394043 0.258789 0.073242 0.074219
0 0.300781 0.212891 0.097656 0.097656
0 0.294434 0.306641 0.073242 0.074219
0 0.206543 0.166992 0.084961 0.085938
0 0.206543 0.266113 0.073242 0.073242
0 0.104492 0.229004 0.097656 0.098633
0 0.110352 0.115234 0.085938 0.085938
0 0.101074 0.486816 0.073242 0.073242
0 0.104004 0.613770 0.073242 0.073242
0 0.109863 0.740723 0.073242 0.073242
0 0.110352 0.840332 0.109375 0.110352
0 0.198730 0.556641 0.122070 0.123047
0 0.204590 0.787109 0.084961 0.085938
0 0.202637 0.898926 0.110352 0.110352
0 0.300781 0.509277 0.097656 0.098633
0 0.303223 0.616211 0.122070 0.123047
0 0.305664 0.729004 0.109375 0.110352
0 0.292969 0.842285 0.109375 0.110352
0 0.396973 0.481445 0.084961 0.085938
0 0.397461 0.564453 0.097656 0.097656
0 0.395996 0.684570 0.122070 0.123047
0 0.402344 0.780762 0.109375 0.110352
0 0.407227 0.896973 0.109375 0.110352
0 0.488770 0.506836 0.084961 0.085938
0 0.490723 0.619141 0.122070 0.123047
0 0.502930 0.833008 0.085938 0.085938
0 0.583008 0.570312 0.097656 0.097656
0 0.591309 0.676758 0.122070 0.123047
0 0.591309 0.786133 0.110352 0.111328
0 0.589355 0.888184 0.110352 0.110352
0 0.678711 0.612793 0.109375 0.110352
0 0.683594 0.725586 0.109375 0.111328
0 0.683105 0.837891 0.122070 0.123047
0 0.778809 0.670410 0.110352 0.110352
0 0.781738 0.781250 0.122070 0.123047
0 0.780762 0.893555 0.122070 0.123047
0 0.876465 0.509277 0.061523 0.061523
0 0.875000 0.615723 0.097656 0.098633
0 0.874023 0.728027 0.097656 0.098633
0 0.880859 0.821289 0.097656 0.097656