0 0.350098 0.146973 0.073242 0.073242
0 0.437988 0.214844 0.073242 0.074219
0 0.541504 0.156250 0.073242 0.074219
0 0.547363 0.041992 0.073242 0.074219
0 0.643555 0.088867 0.048828 0.048828
0 0.066895 0.100098 0.110352 0.110352
0 0.923828 0.370117 0.097656 0.097656
0 0.920898 0.153809 0.097656 0.098633
0 0.919922 0.263184 0.097656 0.098633
0 0.829102 0.321777 0.109375 0.110352
0 0.436523 0.107910 0.097656 0.098633
0 0.348145 0.265625 0.084961 0.085938
0 0.539551 0.266602 0.084961 0.085938
0 0.820312 0.101562 0.085938 0.085938
0 0.829102 0.204590 0.097656 0.098633
0 0.732422 0.270996 0.097656 0.098633
0 0.729492 0.381836 0.085938 0.085938
0 0.632812 0.324219 0.097656 0.097656
0 0.535156 0.381348 0.097656 0.098633
0 0.719238 0.146484 0.084961 0.085938
0 0.637695 0.204102 0.085938 0.085938
0 0.263184 0.101562 0.084961 0.085938
0 0.256836 0.208008 0.097656 0.097656
0 0.253906 0.319824 0.097656 0.098633
0 0.158203 0.373047 0.097656 0.097656
0 0.154297 0.260254 0.097656 0.098633
0 0.064453 0.323730 0.097656 0.098633
0 0.912109 0.926270 0.097656 0.098633
0 0.824219 0.872559 0.097656 0.098633
0 0.722656 0.820801 0.109375 0.110352
0 0.723633 0.933594 0.109375 0.111328
0 0.620117 0.898438 0.097656 0.097656
0 0.539062 0.927246 0.097656 0.098633
0 0.439453 0.873535 0.109375 0.110352
0 0.347656 0.925293 0.109375 0.110352
0 0.245605 0.874512 0.110352 0.110352
0 0.057129 0.875488 0.110352 0.110352
0 0.156250 0.921387 0.109375 0.110352
0 0.918945 0.483887 0.109375 0.110352
0 0.916992 0.589355 0.097656 0.098633
0 0.918945 0.709473 0.097656 0.098633
0 0.921875 0.821289 0.097656 0.097656
0 0.827148 0.434082 0.097656 0.098633
0 0.825195 0.550293 0.097656 0.098633
0 0.827148 0.655273 0.097656 0.097656
0 0.821289 0.758789 0.097656 0.097656
0 0.727539 0.489746 0.097656 0.098633
0 0.724609 0.585938 0.109375 0.111328
0 0.721680 0.701172 0.109375 0.111328
0 0.626953 0.763184 0.097656 0.098633
0 0.639648 0.646484 0.097656 0.097656
0 0.645508 0.538086 0.085938 0.085938
0 0.635742 0.425781 0.097656 0.097656
0 0.533203 0.483398 0.109375 0.111328
0 0.533203 0.598633 0.097656 0.097656
0 0.528809 0.699707 0.110352 0.110352
0 0.528320 0.812012 0.097656 0.098633
0 0.439453 0.762207 0.097656 0.098633
0 0.437988 0.657715 0.110352 0.110352
0 0.438477 0.538574 0.097656 0.098633
0 0.438965 0.428711 0.110352 0.111328
0 0.440430 0.325195 0.097656 0.097656
0 0.349609 0.378906 0.097656 0.097656
0 0.339844 0.470215 0.097656 0.098633
0 0.343750 0.600098 0.097656 0.098633
0 0.345703 0.705566 0.109375 0.110352
0 0.338867 0.822754 0.097656 0.098633
0 0.250000 0.778809 0.097656 0.098633
0 0.251953 0.651855 0.109375 0.110352
0 0.246094 0.544434 0.109375 0.110352
0 0.252930 0.427246 0.109375 0.110352
0 0.159180 0.604004 0.097656 0.098633
0 0.155762 0.700684 0.110352 0.110352
0 0.152344 0.812988 0.097656 0.098633
0 0.066406 0.762207 0.109375 0.110352
0 0.066406 0.650879 0.097656 0.098633
0 0.062988 0.534180 0.084961 0.085938
0 0.069336 0.431152 0.097656 0.098633