0 0.879883 0.115723 0.097656 0.098633
1 0.878418 0.222168 0.110352 0.110352
0 0.783691 0.066895 0.110352 0.110352
0 0.784180 0.172363 0.109375 0.110352
0 0.687500 0.103027 0.109375 0.110352
0 0.685547 0.222168 0.109375 0.110352
0 0.591797 0.056152 0.097656 0.098633
0 0.591797 0.164551 0.097656 0.098633
0 0.500977 0.110840 0.097656 0.098633
0 0.499023 0.224121 0.097656 0.098633
0 0.398438 0.067871 0.097656 0.098633
0 0.404297 0.173340 0.109375 0.110352
0 0.313477 0.113770 0.097656 0.098633
0 0.307617 0.227539 0.109375 0.111328
0 0.216797 0.056152 0.109375 0.110352
0 0.215332 0.167969 0.110352 0.111328
0 0.123535 0.105469 0.110352 0.111328
0 0.123535 0.224121 0.110352 0.110352
0 0.124512 0.334473 0.110352 0.110352
0 0.125977 0.443848 0.109375 0.110352
0 0.124023 0.547363 0.109375 0.110352
0 0.222168 0.275391 0.110352 0.111328
0 0.217285 0.392090 0.110352 0.110352
0 0.219238 0.495605 0.110352 0.110352
0 0.213379 0.607910 0.110352 0.110352
0 0.315430 0.333008 0.109375 0.111328
0 0.312500 0.444824 0.109375 0.110352
0 0.310547 0.553223 0.097656 0.098633
0 0.312500 0.669434 0.097656 0.098633
0 0.406738 0.273926 0.110352 0.110352
0 0.405273 0.395508 0.085938 0.085938
0 0.405273 0.501953 0.097656 0.097656
0 0.410156 0.612793 0.097656 0.098633
0 0.501465 0.332520 0.110352 0.110352
0 0.500488 0.437500 0.110352 0.111328
0 0.500977 0.559570 0.109375 0.111328
0 0.497070 0.665527 0.109375 0.110352
0 0.595703 0.274902 0.109375 0.110352
0 0.593262 0.392090 0.110352 0.110352
0 0.595215 0.498535 0.110352 0.110352
0 0.596191 0.609375 0.110352 0.111328
0 0.683594 0.326660 0.109375 0.110352
0 0.682617 0.439941 0.109375 0.110352
0 0.690430 0.551270 0.109375 0.110352
0 0.783203 0.276855 0.097656 0.098633
0 0.783203 0.388184 0.109375 0.110352
0 0.786133 0.494629 0.097656 0.098633
0 0.787109 0.606934 0.109375 0.110352
0 0.882324 0.323730 0.110352 0.110352
0 0.877441 0.437988 0.110352 0.110352
0 0.881348 0.557129 0.110352 0.110352
0 0.883789 0.662598 0.109375 0.110352
0 0.882812 0.774902 0.109375 0.110352
0 0.884766 0.878906 0.109375 0.111328
0 0.785156 0.719238 0.109375 0.110352
0 0.786621 0.830078 0.110352 0.111328
0 0.783691 0.937500 0.110352 0.111328
0 0.687012 0.663086 0.110352 0.111328
0 0.688965 0.770508 0.110352 0.111328
0 0.692871 0.888184 0.110352 0.110352
0 0.599121 0.726562 0.110352 0.111328
0 0.597656 0.831543 0.097656 0.098633
0 0.594727 0.937988 0.109375 0.110352
0 0.501953 0.773926 0.097656 0.098633
0 0.497070 0.885254 0.109375 0.110352
0 0.402344 0.718262 0.109375 0.110352
0 0.407715 0.833496 0.110352 0.110352
0 0.407715 0.943848 0.110352 0.110352
0 0.312500 0.770996 0.097656 0.098633
0 0.308105 0.881348 0.110352 0.110352
0 0.218750 0.722168 0.109375 0.110352
0 0.215820 0.830566 0.109375 0.110352
0 0.220703 0.939941 0.109375 0.110352
0 0.127930 0.668457 0.109375 0.110352
0 0.126953 0.776855 0.097656 0.098633
0 0.128418 0.892090 0.110352 0.110352