0 0.062012 0.180664 0.073242 0.074219
0 0.431641 0.161621 0.048828 0.049805
0 0.345703 0.174316 0.060547 0.061523
0 0.504395 0.880371 0.061523 0.061523
0 0.596680 0.958984 0.048828 0.048828
0 0.601562 0.840332 0.048828 0.049805
0 0.343750 0.862793 0.060547 0.061523
0 0.064453 0.936523 0.048828 0.048828
0 0.247559 0.920410 0.061523 0.061523
0 0.694336 0.890137 0.048828 0.049805
0 0.067383 0.812012 0.060547 0.061523
0 0.704590 0.655762 0.073242 0.073242
0 0.706543 0.767090 0.073242 0.073242
0 0.704590 0.419434 0.061523 0.061523
0 0.605469 0.722168 0.060547 0.061523
0 0.709961 0.198730 0.048828 0.049805
0 0.705078 0.543457 0.060547 0.061523
0 0.260742 0.624512 0.060547 0.061523
0 0.346680 0.382324 0.060547 0.061523
0 0.431641 0.285645 0.060547 0.061523
0 0.349609 0.269043 0.060547 0.061523
0 0.176758 0.442383 0.048828 0.048828
0 0.065430 0.507812 0.037109 0.037109
0 0.175781 0.348633 0.048828 0.048828
0 0.353516 0.476562 0.048828 0.048828
0 0.265625 0.513672 0.060547 0.060547
0 0.520020 0.228027 0.061523 0.061523
0 0.065918 0.393555 0.073242 0.074219
0 0.269043 0.437012 0.061523 0.061523
0 0.064453 0.724121 0.060547 0.061523
0 0.421875 0.507812 0.048828 0.048828
0 0.336914 0.764648 0.048828 0.048828
0 0.056641 0.621094 0.048828 0.048828
0 0.256348 0.711914 0.073242 0.074219
0 0.065918 0.291992 0.073242 0.074219
0 0.709961 0.086426 0.060547 0.061523
0 0.789062 0.051758 0.048828 0.048828
0 0.778809 0.843262 0.061523 0.061523
0 0.786133 0.501465 0.060547 0.061523
0 0.888672 0.883789 0.048828 0.048828
0 0.893555 0.774902 0.060547 0.061523
0 0.893555 0.446777 0.060547 0.061523
0 0.891602 0.563965 0.060547 0.061523
0 0.895508 0.672363 0.060547 0.061523
0 0.785156 0.267090 0.048828 0.049805
0 0.788086 0.627441 0.060547 0.061523
0 0.783691 0.947754 0.061523 0.061523
0 0.187012 0.069824 0.061523 0.061523
0 0.071289 0.076172 0.048828 0.048828
0 0.526855 0.107910 0.061523 0.061523
0 0.789551 0.729492 0.036133 0.037109
0 0.507324 0.800781 0.036133 0.037109
0 0.521484 0.679199 0.037109 0.036133
0 0.420898 0.810547 0.048828 0.048828
0 0.430664 0.922852 0.037109 0.037109
0 0.345703 0.671875 0.037109 0.037109
0 0.255859 0.819336 0.048828 0.048828
0 0.172852 0.875000 0.048828 0.048828
0 0.180664 0.663086 0.048828 0.048828
0 0.896484 0.101562 0.037109 0.037109
0 0.898438 0.220703 0.037109 0.037109
0 0.897461 0.337891 0.037109 0.037109
0 0.786133 0.406250 0.048828 0.048828
0 0.708496 0.322266 0.036133 0.037109
0 0.790039 0.163086 0.048828 0.048828
0 0.435547 0.058105 0.048828 0.049805
0 0.520996 0.327637 0.036133 0.036133
0 0.620117 0.143555 0.037109 0.037109
0 0.349609 0.056152 0.048828 0.049805
0 0.420898 0.389648 0.037109 0.037109
0 0.269531 0.033691 0.048828 0.049805
0 0.264160 0.137207 0.061523 0.061523
0 0.267578 0.217773 0.048828 0.048828
0 0.269531 0.299805 0.048828 0.048828
0 0.177734 0.237305 0.048828 0.048828
0 0.182617 0.144531 0.048828 0.048828
0 0.613770 0.474121 0.036133 0.036133
0 0.516602 0.568359 0.037109 0.037109
0 0.348633 0.578125 0.048828 0.048828
0 0.424805 0.609375 0.037109 0.037109
0 0.177246 0.528809 0.024414 0.024414
0 0.184082 0.758301 0.024414 0.024414