0 0.336426 0.163574 0.073242 0.073242
0 0.431152 0.226074 0.073242 0.073242
0 0.339844 0.047852 0.060547 0.060547
0 0.516113 0.154785 0.073242 0.073242
0 0.611328 0.250000 0.085938 0.085938
0 0.521973 0.284668 0.073242 0.073242
0 0.612793 0.122070 0.073242 0.074219
0 0.614746 0.344727 0.084961 0.085938
0 0.518066 0.585938 0.073242 0.074219
0 0.515137 0.718262 0.073242 0.073242
0 0.612793 0.757324 0.073242 0.073242
0 0.513184 0.477539 0.073242 0.074219
0 0.621582 0.640137 0.073242 0.073242
0 0.519043 0.391602 0.073242 0.074219
0 0.712402 0.281250 0.073242 0.074219
0 0.710938 0.186035 0.060547 0.061523
0 0.905762 0.190430 0.084961 0.085938
0 0.615723 0.871094 0.073242 0.074219
0 0.705078 0.819824 0.060547 0.061523
0 0.701660 0.927246 0.073242 0.073242
0 0.796387 0.895020 0.061523 0.061523
0 0.511719 0.930664 0.085938 0.085938
0 0.411133 0.875977 0.097656 0.097656
0 0.322266 0.922852 0.097656 0.097656
0 0.223633 0.879395 0.109375 0.110352
0 0.136719 0.927734 0.097656 0.097656
0 0.603516 0.446289 0.097656 0.097656
0 0.605957 0.528320 0.084961 0.085938
0 0.701172 0.697266 0.085938 0.085938
0 0.708984 0.611816 0.097656 0.098633
0 0.707520 0.501953 0.122070 0.123047
0 0.708008 0.397949 0.109375 0.110352
1 0.429199 0.106934 0.061523 0.061523
0 0.426270 0.348633 0.084961 0.085938
0 0.427734 0.438477 0.085938 0.085938
0 0.418457 0.538086 0.084961 0.085938
0 0.424805 0.650391 0.085938 0.085938
0 0.341309 0.269043 0.084961 0.086914
0 0.335938 0.396484 0.085938 0.085938
0 0.333008 0.483398 0.085938 0.085938
0 0.326660 0.591797 0.084961 0.085938
0 0.330078 0.706055 0.085938 0.085938
0 0.511230 0.826172 0.084961 0.085938
0 0.418457 0.768555 0.122070 0.123047
0 0.324707 0.815430 0.122070 0.123047
0 0.234375 0.106445 0.097656 0.097656
0 0.240234 0.227051 0.097656 0.098633
0 0.237793 0.331543 0.110352 0.110352
0 0.231445 0.434082 0.097656 0.098633
0 0.229492 0.545898 0.109375 0.111328
0 0.223145 0.657715 0.110352 0.110352
0 0.227051 0.774902 0.110352 0.110352
0 0.133789 0.816406 0.085938 0.085938
0 0.129883 0.706055 0.097656 0.097656
0 0.137695 0.603516 0.085938 0.085938
0 0.134277 0.482422 0.084961 0.085938
0 0.139160 0.370117 0.084961 0.085938
0 0.147461 0.266602 0.085938 0.085938
0 0.138184 0.142578 0.084961 0.085938
0 0.055664 0.086914 0.085938 0.085938
0 0.523926 0.040039 0.073242 0.074219
0 0.905762 0.389648 0.122070 0.123047
1 0.901855 0.509277 0.110352 0.110352
0 0.899902 0.618164 0.122070 0.123047
0 0.778809 0.775391 0.084961 0.085938
0 0.815430 0.347656 0.109375 0.111328
0 0.797363 0.467285 0.122070 0.122070
0 0.805176 0.566406 0.122070 0.123047
0 0.802246 0.669922 0.122070 0.123047
0 0.904785 0.833008 0.122070 0.123047
0 0.886719 0.943359 0.048828 0.048828