0 0.039551 0.278320 0.061523 0.060547
0 0.411133 0.310059 0.060547 0.061523
0 0.134766 0.297852 0.048828 0.048828
0 0.519531 0.227051 0.060547 0.061523
0 0.234375 0.231445 0.048828 0.048828
0 0.596191 0.278809 0.061523 0.061523
0 0.242188 0.322266 0.048828 0.048828
0 0.708496 0.255371 0.061523 0.061523
0 0.323242 0.286133 0.048828 0.048828
0 0.130859 0.172852 0.048828 0.048828
0 0.800781 0.248047 0.048828 0.048828
0 0.420898 0.127441 0.060547 0.061523
0 0.325684 0.076660 0.061523 0.061523
0 0.329590 0.174316 0.061523 0.061523
0 0.612305 0.083008 0.048828 0.048828
0 0.532227 0.107422 0.048828 0.048828
0 0.050781 0.153320 0.048828 0.048828
0 0.716797 0.078125 0.048828 0.048828
0 0.712891 0.161133 0.048828 0.048828
0 0.796875 0.160156 0.048828 0.048828
0 0.316895 0.493652 0.061523 0.061523
0 0.706543 0.350098 0.061523 0.061523
0 0.130371 0.477051 0.061523 0.061523
0 0.235352 0.493164 0.060547 0.060547
0 0.521484 0.438965 0.060547 0.061523
0 0.240234 0.413574 0.060547 0.061523
0 0.043457 0.386230 0.061523 0.061523
0 0.033691 0.494629 0.061523 0.061523
0 0.410645 0.394043 0.061523 0.061523
0 0.408691 0.498535 0.061523 0.061523
0 0.511719 0.849609 0.060547 0.060547
0 0.133789 0.400391 0.060547 0.060547
0 0.695801 0.747070 0.073242 0.074219
0 0.518555 0.345215 0.060547 0.061523
0 0.326660 0.400879 0.061523 0.061523
0 0.412598 0.693359 0.073242 0.074219
0 0.518066 0.515137 0.061523 0.061523
0 0.687988 0.956543 0.073242 0.073242
0 0.604980 0.691895 0.061523 0.061523
0 0.610352 0.785645 0.060547 0.061523
0 0.605469 0.382324 0.060547 0.061523
0 0.610352 0.478027 0.060547 0.061523
0 0.791504 0.443848 0.061523 0.061523
0 0.791016 0.341309 0.060547 0.061523
0 0.707520 0.429199 0.061523 0.061523
0 0.713867 0.506348 0.048828 0.049805
0 0.797852 0.526855 0.048828 0.049805
0 0.784668 0.923828 0.073242 0.074219
0 0.867188 0.493164 0.048828 0.048828
0 0.876953 0.390625 0.048828 0.048828
1 0.601074 0.908691 0.061523 0.061523
0 0.406250 0.908203 0.097656 0.097656
0 0.310059 0.944336 0.084961 0.085938
0 0.227539 0.888672 0.085938 0.085938
0 0.128418 0.909180 0.122070 0.123047
0 0.791016 0.696289 0.048828 0.048828
0 0.787109 0.800781 0.048828 0.048828
0 0.695801 0.841797 0.073242 0.074219
0 0.516113 0.731445 0.084961 0.085938
0 0.413574 0.787109 0.084961 0.085938
0 0.321777 0.840332 0.084961 0.086914
0 0.330078 0.748047 0.097656 0.097656
0 0.235352 0.677734 0.085938 0.085938
0 0.227539 0.780273 0.097656 0.097656
0 0.117676 0.732422 0.084961 0.085938
0 0.119141 0.830078 0.085938 0.085938
0 0.609375 0.184570 0.048828 0.048828
0 0.134766 0.067383 0.048828 0.048828
0 0.049805 0.063477 0.048828 0.048828