0 0.288574 0.264648 0.073242 0.074219
0 0.658203 0.245605 0.048828 0.049805
0 0.572266 0.258301 0.060547 0.061523
0 0.730957 0.964355 0.061523 0.061523
0 0.828125 0.924316 0.048828 0.049805
0 0.570312 0.946777 0.060547 0.061523
0 0.211914 0.955078 0.048828 0.048828
0 0.920898 0.974121 0.048828 0.049805
0 0.293945 0.895996 0.060547 0.061523
0 0.931152 0.739746 0.073242 0.073242
0 0.933105 0.851074 0.073242 0.073242
0 0.931152 0.503418 0.061523 0.061523
0 0.832031 0.806152 0.060547 0.061523
0 0.936523 0.282715 0.048828 0.049805
0 0.931641 0.627441 0.060547 0.061523
0 0.218750 0.744141 0.048828 0.048828
0 0.221680 0.542969 0.048828 0.048828
0 0.217773 0.650391 0.048828 0.048828
0 0.213867 0.859863 0.060547 0.061523
0 0.487305 0.708496 0.060547 0.061523
0 0.573242 0.466309 0.060547 0.061523
0 0.658203 0.369629 0.060547 0.061523
0 0.576172 0.353027 0.060547 0.061523
0 0.217285 0.427246 0.061523 0.061523
0 0.403320 0.526367 0.048828 0.048828
0 0.291992 0.591797 0.037109 0.037109
0 0.402344 0.432617 0.048828 0.048828
0 0.580078 0.560547 0.048828 0.048828
0 0.492188 0.597656 0.060547 0.060547
0 0.746582 0.312012 0.061523 0.061523
0 0.292480 0.477539 0.073242 0.074219
0 0.495605 0.520996 0.061523 0.061523
0 0.291016 0.808105 0.060547 0.061523
0 0.648438 0.591797 0.048828 0.048828
0 0.563477 0.848633 0.048828 0.048828
0 0.283203 0.705078 0.048828 0.048828
0 0.482910 0.795898 0.073242 0.074219
0 0.292480 0.375977 0.073242 0.074219
0 0.936523 0.170410 0.060547 0.061523
0 0.940430 0.056152 0.060547 0.061523
0 0.103516 0.892090 0.048828 0.049805
0 0.104980 0.472168 0.061523 0.061523
0 0.102539 0.705566 0.060547 0.061523
0 0.100586 0.587402 0.048828 0.049805
0 0.113770 0.370117 0.036133 0.037109
0 0.413574 0.153809 0.061523 0.061523
0 0.297852 0.160156 0.048828 0.048828
0 0.753418 0.191895 0.061523 0.061523
0 0.733887 0.884766 0.036133 0.037109
0 0.748047 0.763184 0.037109 0.036133
0 0.647461 0.894531 0.048828 0.048828
0 0.572266 0.755859 0.037109 0.037109
0 0.482422 0.903320 0.048828 0.048828
0 0.399414 0.958984 0.048828 0.048828
0 0.407227 0.747070 0.048828 0.048828
0 0.103027 0.803711 0.036133 0.037109
0 0.935059 0.406250 0.036133 0.037109
0 0.662109 0.142090 0.048828 0.049805
0 0.747559 0.411621 0.036133 0.036133
0 0.846680 0.227539 0.037109 0.037109
0 0.576172 0.140137 0.048828 0.049805
0 0.647461 0.473633 0.037109 0.037109
0 0.496094 0.117676 0.048828 0.049805
0 0.490723 0.221191 0.061523 0.061523
0 0.494141 0.301758 0.048828 0.048828
0 0.496094 0.383789 0.048828 0.048828
0 0.404297 0.321289 0.048828 0.048828
0 0.409180 0.228516 0.048828 0.048828
0 0.406250 0.061035 0.048828 0.049805
0 0.293945 0.045898 0.048828 0.048828
0 0.220215 0.089355 0.024414 0.024414
0 0.225098 0.214355 0.024414 0.024414
0 0.227051 0.329102 0.024414 0.025391
0 0.110840 0.256348 0.024414 0.024414
0 0.110840 0.018066 0.024414 0.024414
0 0.840332 0.558105 0.036133 0.036133
0 0.743164 0.652344 0.037109 0.037109
0 0.575195 0.662109 0.048828 0.048828
0 0.651367 0.693359 0.037109 0.037109
0 0.403809 0.612793 0.024414 0.024414
0 0.410645 0.842285 0.024414 0.024414
0 0.019043 0.202637 0.024414 0.024414