0 0.895508 0.074219 0.109375 0.111328
0 0.896484 0.189453 0.109375 0.111328
0 0.893555 0.301270 0.109375 0.110352
0 0.896484 0.406738 0.097656 0.098633
0 0.804688 0.136719 0.109375 0.111328
0 0.803711 0.234863 0.097656 0.098633
0 0.810059 0.354492 0.122070 0.123047
0 0.806152 0.453613 0.110352 0.110352
0 0.702637 0.408691 0.110352 0.110352
0 0.705566 0.293457 0.110352 0.110352
0 0.707520 0.076660 0.110352 0.110352
0 0.707031 0.181641 0.048828 0.048828
0 0.622070 0.127441 0.097656 0.098633
0 0.611328 0.235840 0.109375 0.110352
0 0.615234 0.358887 0.097656 0.098633
0 0.621094 0.476074 0.109375 0.110352
0 0.516113 0.426758 0.122070 0.123047
0 0.514160 0.301270 0.122070 0.122070
0 0.516113 0.187012 0.122070 0.122070
0 0.519531 0.078613 0.109375 0.110352
0 0.417969 0.136230 0.097656 0.098633
0 0.425293 0.250000 0.122070 0.123047
0 0.424316 0.369141 0.122070 0.123047
0 0.424316 0.478516 0.122070 0.123047
0 0.314453 0.413574 0.109375 0.110352
0 0.330078 0.310059 0.109375 0.110352
0 0.324219 0.200684 0.097656 0.098633
0 0.322754 0.091309 0.110352 0.110352
0 0.229492 0.148926 0.109375 0.110352
0 0.231445 0.249512 0.097656 0.098633
0 0.224121 0.360352 0.122070 0.123047
0 0.231934 0.468750 0.122070 0.123047
0 0.130371 0.405273 0.122070 0.123047
0 0.135742 0.289062 0.097656 0.097656
0 0.134277 0.180664 0.122070 0.123047
0 0.130371 0.076172 0.122070 0.123047
0 0.132324 0.519531 0.122070 0.123047
0 0.136230 0.616211 0.122070 0.123047
0 0.132324 0.734375 0.122070 0.123047
0 0.122559 0.844727 0.122070 0.123047
0 0.216309 0.898438 0.110352 0.111328
0 0.228027 0.793945 0.110352 0.111328
0 0.222168 0.573242 0.122070 0.123047
0 0.313965 0.653320 0.122070 0.123047
0 0.316895 0.533203 0.122070 0.123047
0 0.230957 0.684082 0.110352 0.110352
0 0.318359 0.752441 0.109375 0.110352
0 0.318848 0.868164 0.122070 0.123047
0 0.421387 0.600098 0.122070 0.122070
0 0.421387 0.692383 0.122070 0.123047
0 0.420410 0.797852 0.122070 0.123047
0 0.408203 0.904785 0.109375 0.110352
0 0.598145 0.584961 0.122070 0.123047
0 0.603027 0.692871 0.122070 0.122070
0 0.508301 0.748535 0.110352 0.110352
0 0.509277 0.637207 0.110352 0.110352
0 0.521973 0.524902 0.110352 0.110352
0 0.592285 0.808105 0.122070 0.122070
0 0.513184 0.888672 0.122070 0.123047
0 0.611816 0.890137 0.110352 0.110352
0 0.700195 0.854004 0.109375 0.110352
0 0.707031 0.731934 0.109375 0.110352
0 0.699219 0.631348 0.109375 0.110352
0 0.704102 0.523926 0.109375 0.110352
0 0.803223 0.570312 0.122070 0.123047
0 0.799316 0.682617 0.122070 0.123047
0 0.801758 0.787598 0.109375 0.110352
0 0.808594 0.883301 0.109375 0.110352
0 0.892090 0.848145 0.110352 0.110352
0 0.889160 0.746582 0.110352 0.110352
0 0.895996 0.628906 0.110352 0.111328
0 0.893066 0.524414 0.110352 0.111328