0 0.059082 0.436035 0.061523 0.061523
0 0.171387 0.412598 0.061523 0.061523
0 0.263672 0.405273 0.048828 0.048828
0 0.075195 0.240234 0.048828 0.048828
0 0.179688 0.235352 0.048828 0.048828
0 0.081055 0.107422 0.048828 0.048828
0 0.175781 0.318359 0.048828 0.048828
0 0.259766 0.317383 0.048828 0.048828
0 0.169434 0.507324 0.061523 0.061523
0 0.158691 0.904297 0.073242 0.074219
0 0.067871 0.849121 0.061523 0.061523
0 0.073242 0.942871 0.060547 0.061523
0 0.068359 0.539551 0.060547 0.061523
0 0.073242 0.635254 0.060547 0.061523
0 0.254395 0.601074 0.061523 0.061523
0 0.253906 0.498535 0.060547 0.061523
0 0.170410 0.586426 0.061523 0.061523
0 0.176758 0.663574 0.048828 0.049805
0 0.260742 0.684082 0.048828 0.049805
0 0.958008 0.429199 0.048828 0.049805
0 0.961914 0.332520 0.048828 0.049805
0 0.862305 0.270996 0.048828 0.049805
0 0.868652 0.369629 0.061523 0.061523
0 0.867188 0.163086 0.048828 0.048828
0 0.758789 0.256348 0.048828 0.049805
0 0.769531 0.337402 0.048828 0.049805
0 0.769531 0.433105 0.048828 0.049805
0 0.663086 0.471680 0.048828 0.048828
0 0.867188 0.471191 0.048828 0.049805
0 0.960938 0.145996 0.060547 0.061523
0 0.870117 0.062988 0.048828 0.049805
0 0.958984 0.027832 0.048828 0.049805
0 0.330078 0.650391 0.048828 0.048828
0 0.339844 0.547852 0.048828 0.048828
0 0.253906 0.853516 0.048828 0.048828
0 0.250000 0.958008 0.048828 0.048828
0 0.961426 0.244141 0.036133 0.037109
0 0.771484 0.531250 0.048828 0.048828
0 0.666016 0.370117 0.048828 0.048828
0 0.577148 0.424805 0.048828 0.048828
0 0.181641 0.138672 0.037109 0.037109
0 0.072266 0.341797 0.048828 0.048828
0 0.368164 0.033203 0.037109 0.037109
0 0.971191 0.533691 0.024414 0.024414