0 0.968262 0.150879 0.061523 0.061523
0 0.807617 0.133301 0.060547 0.061523
0 0.449219 0.141602 0.048828 0.048828
0 0.528320 0.207031 0.048828 0.048828
0 0.711426 0.190918 0.061523 0.061523
0 0.531250 0.082520 0.060547 0.061523
0 0.451172 0.046387 0.060547 0.061523
0 0.800781 0.035156 0.048828 0.048828
0 0.336914 0.175293 0.048828 0.049805
0 0.340820 0.078613 0.048828 0.049805
0 0.247559 0.115723 0.061523 0.061523
0 0.148438 0.083496 0.048828 0.049805
0 0.148438 0.179199 0.048828 0.049805
0 0.041992 0.217773 0.048828 0.048828
0 0.246094 0.217285 0.048828 0.049805
0 0.806152 0.363770 0.061523 0.061523
0 0.707520 0.297363 0.061523 0.061523
0 0.812500 0.267578 0.060547 0.060547
0 0.805176 0.458496 0.061523 0.061523
0 0.877441 0.420898 0.073242 0.074219
0 0.966797 0.251953 0.048828 0.048828
0 0.877930 0.294922 0.060547 0.060547
0 0.882324 0.895508 0.084961 0.085938
0 0.881348 0.798828 0.084961 0.085938
0 0.779297 0.846680 0.097656 0.097656
0 0.690918 0.791992 0.122070 0.123047
0 0.686035 0.910156 0.122070 0.123047
0 0.602051 0.846680 0.122070 0.123047
0 0.499023 0.904785 0.097656 0.098633
0 0.494629 0.785156 0.084961 0.085938
0 0.416992 0.840820 0.085938 0.085938
0 0.312500 0.894531 0.085938 0.085938
0 0.228516 0.928223 0.097656 0.098633
0 0.224609 0.837402 0.097656 0.098633
0 0.116211 0.855469 0.085938 0.085938
0 0.971191 0.071289 0.036133 0.037109
0 0.884766 0.081055 0.048828 0.048828
0 0.894531 0.193359 0.037109 0.037109
0 0.719727 0.089844 0.048828 0.048828
0 0.636719 0.145508 0.048828 0.048828
0 0.631836 0.243652 0.060547 0.061523
0 0.442871 0.246582 0.024414 0.024414
0 0.150391 0.277344 0.048828 0.048828
0 0.044922 0.116211 0.048828 0.048828
0 0.647949 0.028809 0.024414 0.024414
0 0.350098 0.279785 0.024414 0.024414