1 0.136719 0.397949 0.097656 0.098633
0 0.888184 0.942383 0.073242 0.074219
0 0.701172 0.945312 0.097656 0.097656
0 0.515137 0.068359 0.110352 0.111328
0 0.331055 0.067871 0.109375 0.110352
0 0.138184 0.062988 0.110352 0.110352
0 0.893066 0.073730 0.110352 0.110352
0 0.896973 0.191406 0.122070 0.123047
0 0.894531 0.293457 0.109375 0.110352
0 0.891113 0.406738 0.122070 0.122070
0 0.897461 0.514160 0.109375 0.110352
0 0.806641 0.131348 0.109375 0.110352
0 0.803711 0.239746 0.097656 0.098633
0 0.809570 0.331543 0.097656 0.098633
0 0.804199 0.464355 0.110352 0.110352
0 0.797852 0.572754 0.097656 0.098633
0 0.706055 0.073730 0.097656 0.098633
0 0.716797 0.187988 0.097656 0.098633
0 0.709473 0.297363 0.110352 0.110352
0 0.704590 0.416504 0.110352 0.110352
0 0.708008 0.514160 0.097656 0.098633
0 0.613770 0.131348 0.110352 0.110352
0 0.614746 0.241699 0.110352 0.110352
0 0.612305 0.356934 0.109375 0.110352
0 0.609375 0.462402 0.109375 0.110352
0 0.605469 0.566406 0.097656 0.097656
0 0.514160 0.188477 0.122070 0.123047
0 0.515625 0.294434 0.109375 0.110352
0 0.514648 0.402832 0.109375 0.110352
0 0.517090 0.509766 0.110352 0.111328
0 0.425293 0.445312 0.110352 0.111328
0 0.425293 0.347656 0.073242 0.074219
0 0.430176 0.244141 0.122070 0.123047
0 0.425781 0.120605 0.109375 0.110352
0 0.888184 0.615723 0.110352 0.110352
0 0.881348 0.738281 0.122070 0.123047
0 0.891113 0.832031 0.122070 0.123047
0 0.799316 0.689941 0.110352 0.110352
0 0.800781 0.789062 0.097656 0.097656
0 0.788086 0.895508 0.109375 0.111328
0 0.708008 0.636719 0.097656 0.097656
0 0.704102 0.741211 0.097656 0.097656
0 0.695312 0.847656 0.109375 0.111328
0 0.611328 0.674805 0.097656 0.097656
0 0.603516 0.785156 0.109375 0.111328
0 0.598145 0.881348 0.110352 0.110352
0 0.509277 0.622070 0.110352 0.111328
0 0.514160 0.841309 0.110352 0.110352
0 0.516113 0.725098 0.110352 0.110352
0 0.414551 0.674805 0.122070 0.123047
0 0.420410 0.791016 0.122070 0.123047
0 0.414551 0.891113 0.122070 0.122070
0 0.411621 0.566895 0.110352 0.110352
0 0.314941 0.513184 0.110352 0.110352
0 0.326172 0.620605 0.109375 0.110352
0 0.316406 0.727051 0.109375 0.110352
0 0.316406 0.835449 0.109375 0.110352
0 0.139648 0.175781 0.109375 0.111328
0 0.141602 0.284668 0.109375 0.110352
0 0.140137 0.514160 0.110352 0.110352
0 0.224609 0.562012 0.109375 0.110352
0 0.225586 0.442871 0.109375 0.110352
0 0.232422 0.348633 0.109375 0.111328
0 0.229492 0.228516 0.097656 0.097656
0 0.233887 0.116211 0.110352 0.111328
0 0.329590 0.174316 0.110352 0.110352
0 0.326172 0.285156 0.097656 0.097656
0 0.326660 0.399414 0.110352 0.111328
1 0.231934 0.675293 0.110352 0.110352
0 0.236816 0.775879 0.084961 0.086914
0 0.229004 0.902832 0.110352 0.110352
0 0.136230 0.629395 0.110352 0.110352
0 0.132324 0.731934 0.110352 0.110352
0 0.135742 0.843262 0.097656 0.098633