0 0.056152 0.519531 0.036133 0.037109
0 0.431152 0.327637 0.061523 0.061523
0 0.831055 0.742188 0.085938 0.085938
0 0.930664 0.593750 0.048828 0.048828
0 0.936523 0.141602 0.097656 0.097656
0 0.930664 0.269043 0.097656 0.098633
0 0.933105 0.371582 0.110352 0.110352
0 0.840332 0.112793 0.110352 0.110352
0 0.836914 0.216309 0.097656 0.098633
0 0.832031 0.322754 0.097656 0.098633
0 0.836914 0.442871 0.085938 0.086914
0 0.736816 0.160645 0.110352 0.110352
0 0.736816 0.269043 0.122070 0.122070
0 0.736816 0.385254 0.122070 0.122070
0 0.639648 0.089355 0.097656 0.098633
0 0.650391 0.203613 0.097656 0.098633
0 0.647461 0.319824 0.097656 0.098633
0 0.644531 0.444824 0.097656 0.098633
0 0.546875 0.148926 0.097656 0.098633
0 0.551758 0.267090 0.097656 0.098633
0 0.345703 0.042480 0.048828 0.049805
0 0.830566 0.536133 0.084961 0.085938
0 0.830078 0.649902 0.097656 0.098633
0 0.724609 0.692383 0.085938 0.085938
0 0.736328 0.602539 0.085938 0.085938
0 0.743164 0.492188 0.085938 0.085938
0 0.652344 0.544434 0.097656 0.098633
0 0.457031 0.646973 0.060547 0.061523
0 0.454102 0.546387 0.048828 0.049805
0 0.924805 0.817383 0.048828 0.048828
0 0.927734 0.928711 0.048828 0.048828
0 0.827148 0.959961 0.048828 0.048828
0 0.833984 0.848633 0.048828 0.048828
0 0.715820 0.813965 0.023438 0.024414
0 0.709961 0.916992 0.048828 0.048828
0 0.630859 0.760742 0.048828 0.048828
0 0.630371 0.876465 0.024414 0.024414
0 0.537598 0.813965 0.036133 0.036133
0 0.537598 0.943848 0.024414 0.024414
0 0.463867 0.743652 0.037109 0.036133
0 0.466797 0.862793 0.048828 0.049805
0 0.373535 0.786621 0.036133 0.036133
1 0.931641 0.496094 0.048828 0.048828
0 0.933105 0.706543 0.024414 0.024414
0 0.539551 0.494141 0.036133 0.037109
0 0.459473 0.428711 0.036133 0.037109
0 0.356445 0.483398 0.037109 0.037109
0 0.258789 0.536621 0.037109 0.036133
0 0.158691 0.583496 0.036133 0.036133
0 0.137207 0.708008 0.036133 0.037109
0 0.253418 0.659668 0.036133 0.036133
0 0.372070 0.602051 0.048828 0.049805
0 0.373047 0.690918 0.037109 0.036133
0 0.633789 0.654297 0.048828 0.048828
0 0.541016 0.591797 0.048828 0.048828
0 0.541504 0.693359 0.036133 0.037109
0 0.077637 0.334473 0.036133 0.036133
0 0.144531 0.169922 0.037109 0.037109
0 0.292969 0.126953 0.037109 0.037109
0 0.343262 0.252930 0.036133 0.037109
0 0.451172 0.108398 0.037109 0.037109
0 0.261719 0.312500 0.037109 0.037109
0 0.355957 0.354004 0.024414 0.024414
0 0.047363 0.214844 0.036133 0.037109
0 0.043457 0.731445 0.036133 0.037109
0 0.205566 0.430176 0.036133 0.036133
0 0.545898 0.379883 0.037109 0.037109
0 0.037109 0.912109 0.037109 0.037109