0 0.058594 0.959961 0.048828 0.048828
0 0.066406 0.634277 0.060547 0.061523
0 0.055664 0.866699 0.048828 0.049805
0 0.068359 0.432617 0.048828 0.048828
0 0.055664 0.774902 0.048828 0.049805
0 0.177246 0.256836 0.073242 0.074219
0 0.478516 0.099121 0.048828 0.049805
0 0.375977 0.252441 0.048828 0.049805
0 0.270508 0.089355 0.037109 0.036133
0 0.180664 0.176758 0.048828 0.048828
0 0.477051 0.193848 0.036133 0.036133
0 0.176270 0.359375 0.061523 0.060547
0 0.266113 0.522461 0.061523 0.060547
0 0.468750 0.351074 0.048828 0.049805
0 0.364258 0.572266 0.060547 0.060547
0 0.369141 0.388672 0.048828 0.048828
0 0.473633 0.432617 0.048828 0.048828
0 0.459961 0.516602 0.048828 0.048828
0 0.558105 0.450195 0.036133 0.037109
0 0.933105 0.258301 0.061523 0.061523
0 0.958984 0.577637 0.060547 0.061523
0 0.956055 0.477051 0.048828 0.049805
0 0.965820 0.674316 0.037109 0.036133
0 0.968750 0.793457 0.048828 0.049805
0 0.962891 0.924805 0.037109 0.037109
0 0.875488 0.717285 0.036133 0.036133
0 0.961426 0.359375 0.036133 0.037109
0 0.858398 0.414062 0.037109 0.037109
0 0.760742 0.467285 0.037109 0.036133
0 0.660645 0.514160 0.036133 0.036133
0 0.639160 0.638672 0.036133 0.037109
0 0.755371 0.590332 0.036133 0.036133
0 0.874023 0.532715 0.048828 0.049805
0 0.875000 0.621582 0.037109 0.036133
0 0.266602 0.297852 0.037109 0.037109
0 0.082520 0.220703 0.036133 0.037109
0 0.388672 0.127441 0.048828 0.049805
0 0.579590 0.265137 0.036133 0.036133
0 0.646484 0.100586 0.037109 0.037109
0 0.794922 0.057617 0.037109 0.037109
0 0.845215 0.183594 0.036133 0.037109
0 0.953125 0.039062 0.037109 0.037109
0 0.763672 0.243164 0.037109 0.037109
0 0.857910 0.284668 0.024414 0.024414
0 0.549316 0.145508 0.036133 0.037109
0 0.173828 0.656250 0.048828 0.048828
0 0.267090 0.409180 0.036133 0.037109
0 0.375000 0.482422 0.037109 0.037109
0 0.464355 0.662109 0.024414 0.025391
0 0.545410 0.662109 0.036133 0.037109
0 0.707520 0.360840 0.036133 0.036133
0 0.266602 0.848633 0.037109 0.037109
0 0.256836 0.940918 0.037109 0.036133
0 0.375977 0.959961 0.037109 0.037109
0 0.386230 0.842773 0.036133 0.037109
0 0.469238 0.878906 0.036133 0.037109
0 0.474121 0.968750 0.036133 0.037109
0 0.540039 0.916016 0.037109 0.037109
0 0.539062 0.842773 0.037109 0.037109