1 0.390625 0.115723 0.097656 0.098633
0 0.475098 0.934570 0.073242 0.074219
0 0.856934 0.719238 0.110352 0.110352
0 0.863281 0.829590 0.097656 0.098633
0 0.768066 0.670410 0.110352 0.110352
0 0.758301 0.772949 0.110352 0.110352
0 0.755371 0.888184 0.110352 0.110352
0 0.668945 0.723145 0.109375 0.110352
0 0.666992 0.829590 0.109375 0.110352
0 0.573242 0.777832 0.097656 0.098633
0 0.565430 0.884277 0.109375 0.110352
0 0.478027 0.719727 0.084961 0.085938
0 0.468262 0.835449 0.110352 0.110352
0 0.388184 0.667480 0.110352 0.110352
0 0.374512 0.766113 0.110352 0.110352
0 0.375488 0.869141 0.073242 0.074219
0 0.297852 0.949219 0.037109 0.037109
0 0.300781 0.725098 0.109375 0.110352
0 0.290039 0.825195 0.109375 0.111328
0 0.212402 0.680664 0.122070 0.123047
0 0.201660 0.780273 0.110352 0.111328
0 0.199707 0.886230 0.110352 0.110352
0 0.113770 0.726562 0.110352 0.111328
0 0.114746 0.829590 0.110352 0.110352
0 0.105957 0.941895 0.110352 0.110352
0 0.866211 0.074707 0.109375 0.110352
0 0.863281 0.180176 0.109375 0.110352
0 0.859375 0.284180 0.097656 0.097656
0 0.768555 0.120605 0.109375 0.110352
0 0.770996 0.227539 0.110352 0.111328
0 0.679199 0.163086 0.110352 0.111328
0 0.679199 0.065430 0.073242 0.074219
0 0.865234 0.392578 0.097656 0.097656
0 0.857422 0.502930 0.109375 0.111328
0 0.852051 0.599121 0.110352 0.110352
0 0.763184 0.339844 0.110352 0.111328
0 0.768066 0.559082 0.110352 0.110352
0 0.770020 0.442871 0.110352 0.110352
0 0.668457 0.392578 0.122070 0.123047
0 0.674316 0.508789 0.122070 0.123047
0 0.668457 0.608887 0.122070 0.122070
0 0.665527 0.284668 0.110352 0.110352
0 0.568848 0.230957 0.110352 0.110352
0 0.580078 0.338379 0.109375 0.110352
0 0.570312 0.444824 0.109375 0.110352
0 0.570312 0.553223 0.109375 0.110352
0 0.569336 0.662598 0.109375 0.110352
0 0.117188 0.275879 0.097656 0.098633
0 0.113281 0.164551 0.097656 0.098633
0 0.107422 0.056152 0.109375 0.110352
0 0.209961 0.112793 0.109375 0.110352
0 0.206055 0.217285 0.109375 0.110352
0 0.211914 0.328613 0.097656 0.098633
0 0.292480 0.277832 0.110352 0.110352
0 0.300293 0.172363 0.110352 0.110352
0 0.296387 0.058105 0.110352 0.110352
0 0.394043 0.231934 0.110352 0.110352
0 0.478516 0.279785 0.109375 0.110352
0 0.479492 0.160645 0.109375 0.110352
0 0.486328 0.066406 0.109375 0.111328
0 0.580566 0.117188 0.110352 0.111328
1 0.485840 0.393066 0.110352 0.110352
0 0.490723 0.493652 0.084961 0.086914
0 0.482910 0.620605 0.110352 0.110352
0 0.390137 0.347168 0.110352 0.110352
0 0.386230 0.449707 0.110352 0.110352
0 0.389648 0.561035 0.097656 0.098633
0 0.299805 0.391113 0.109375 0.110352
0 0.298828 0.507324 0.097656 0.098633
0 0.295898 0.617676 0.109375 0.110352
0 0.208984 0.457520 0.097656 0.098633
0 0.209961 0.547852 0.097656 0.097656
0 0.105957 0.395996 0.110352 0.110352
0 0.116211 0.502930 0.097656 0.097656
0 0.111816 0.614258 0.110352 0.111328