0 0.121094 0.168945 0.048828 0.048828
0 0.195312 0.231445 0.048828 0.048828
0 0.120605 0.059082 0.061523 0.061523
0 0.188965 0.894043 0.061523 0.061523
1 0.865234 0.290527 0.097656 0.098633
0 0.294922 0.286133 0.048828 0.048828
0 0.294922 0.404785 0.060547 0.061523
0 0.295898 0.179688 0.048828 0.048828
0 0.295410 0.736816 0.061523 0.061523
0 0.388672 0.454590 0.048828 0.049805
0 0.293945 0.499512 0.060547 0.061523
0 0.295898 0.845215 0.060547 0.061523
0 0.305176 0.618652 0.073242 0.073242
0 0.952637 0.894531 0.084961 0.085938
0 0.862793 0.842285 0.110352 0.110352
0 0.849121 0.940918 0.110352 0.110352
0 0.379883 0.895020 0.060547 0.061523
0 0.296875 0.966309 0.048828 0.049805
0 0.098633 0.956055 0.037109 0.037109
0 0.775391 0.899902 0.109375 0.110352
0 0.687012 0.855469 0.122070 0.123047
0 0.588379 0.901367 0.110352 0.111328
0 0.489258 0.938477 0.085938 0.085938
0 0.293457 0.046875 0.084961 0.085938
0 0.487305 0.073730 0.109375 0.110352
0 0.487305 0.183105 0.109375 0.110352
0 0.489746 0.291504 0.110352 0.110352
0 0.490723 0.391113 0.110352 0.110352
0 0.490723 0.503418 0.110352 0.110352
0 0.591797 0.450684 0.097656 0.098633
0 0.587891 0.339355 0.097656 0.098633
0 0.582031 0.230957 0.109375 0.110352
0 0.588867 0.118652 0.109375 0.110352
0 0.672363 0.064453 0.122070 0.123047
0 0.682129 0.166504 0.110352 0.110352
0 0.684570 0.287598 0.109375 0.110352
0 0.680664 0.392090 0.109375 0.110352
0 0.686523 0.503418 0.097656 0.098633
0 0.767090 0.452637 0.110352 0.110352
0 0.774902 0.347168 0.110352 0.110352
0 0.770996 0.232910 0.110352 0.110352
0 0.765137 0.137207 0.110352 0.110352
0 0.868164 0.068359 0.109375 0.111328
0 0.870117 0.177246 0.109375 0.110352
0 0.868652 0.406738 0.110352 0.110352
0 0.864746 0.521973 0.110352 0.110352
0 0.860840 0.624512 0.110352 0.110352
0 0.864258 0.735840 0.097656 0.098633
0 0.774414 0.565918 0.109375 0.110352
0 0.773438 0.682129 0.097656 0.098633
0 0.770508 0.792480 0.109375 0.110352
0 0.683594 0.632324 0.097656 0.098633
0 0.684570 0.722656 0.097656 0.097656
0 0.580566 0.570801 0.110352 0.110352
0 0.590820 0.677734 0.097656 0.097656
0 0.586426 0.789062 0.110352 0.111328
0 0.485352 0.830566 0.097656 0.098633
0 0.485352 0.741211 0.109375 0.111328
0 0.492676 0.625000 0.110352 0.111328
0 0.206055 0.109863 0.060547 0.061523
0 0.206055 0.336914 0.037109 0.037109
0 0.384766 0.345703 0.037109 0.037109
0 0.384766 0.575684 0.048828 0.049805
0 0.388672 0.680664 0.048828 0.048828
0 0.383301 0.785645 0.061523 0.061523
0 0.390625 0.122070 0.048828 0.048828
0 0.391602 0.222656 0.048828 0.048828