0 0.755371 0.644043 0.061523 0.061523
0 0.744629 0.530762 0.061523 0.061523
0 0.549805 0.759277 0.060547 0.061523
0 0.369629 0.754883 0.073242 0.074219
0 0.466309 0.601074 0.061523 0.061523
0 0.061035 0.700684 0.061523 0.061523
0 0.274902 0.675781 0.073242 0.074219
0 0.445312 0.806641 0.048828 0.048828
0 0.068359 0.358887 0.060547 0.061523
0 0.548828 0.661621 0.060547 0.061523
0 0.365723 0.532227 0.073242 0.074219
0 0.170898 0.741211 0.048828 0.048828
0 0.272949 0.804199 0.073242 0.073242
0 0.175781 0.632324 0.060547 0.061523
0 0.455566 0.706055 0.061523 0.060547
0 0.276367 0.575684 0.060547 0.061523
0 0.175781 0.304199 0.060547 0.061523
0 0.292969 0.336426 0.060547 0.061523
0 0.173828 0.421387 0.060547 0.061523
0 0.177734 0.529785 0.060547 0.061523
0 0.373535 0.631836 0.073242 0.074219
0 0.067383 0.124512 0.048828 0.049805
0 0.070312 0.484863 0.060547 0.061523
0 0.065918 0.805176 0.061523 0.061523
0 0.543945 0.965820 0.048828 0.048828
0 0.274902 0.913574 0.061523 0.061523
0 0.442871 0.918457 0.061523 0.061523
0 0.169434 0.862793 0.061523 0.061523
0 0.641602 0.933594 0.048828 0.048828
0 0.850586 0.041504 0.060547 0.061523
0 0.851074 0.373535 0.061523 0.061523
0 0.944336 0.091309 0.048828 0.049805
0 0.849609 0.136230 0.060547 0.061523
0 0.851562 0.481934 0.060547 0.061523
0 0.840332 0.714355 0.061523 0.061523
0 0.860840 0.255371 0.073242 0.073242
0 0.840332 0.816895 0.061523 0.061523
0 0.935547 0.531738 0.060547 0.061523
0 0.935547 0.640137 0.048828 0.049805
0 0.934570 0.734863 0.048828 0.049805
0 0.924805 0.860840 0.048828 0.049805
0 0.928711 0.973633 0.048828 0.048828
0 0.833496 0.928223 0.061523 0.061523
0 0.852539 0.603027 0.048828 0.049805
0 0.654297 0.592773 0.037109 0.037109
0 0.643555 0.698242 0.048828 0.048828
0 0.644531 0.825195 0.037109 0.037109
0 0.541504 0.875000 0.036133 0.037109
0 0.361816 0.854492 0.073242 0.074219
0 0.360352 0.975586 0.037109 0.037109
0 0.283203 0.464844 0.048828 0.048828
0 0.071777 0.586914 0.036133 0.037109
0 0.071289 0.914551 0.048828 0.049805
0 0.940430 0.212402 0.048828 0.049805
0 0.944336 0.317383 0.048828 0.048828
0 0.938965 0.422363 0.061523 0.061523
0 0.477539 0.370117 0.048828 0.048828
0 0.553711 0.534180 0.037109 0.037109
0 0.469238 0.482910 0.024414 0.024414
0 0.366211 0.421387 0.048828 0.049805
0 0.367676 0.297852 0.024414 0.025391
0 0.372070 0.190430 0.037109 0.037109
0 0.297852 0.143555 0.037109 0.037109
0 0.291992 0.239746 0.060547 0.061523
0 0.180664 0.078125 0.037109 0.037109
0 0.179688 0.195312 0.037109 0.037109
0 0.068359 0.263672 0.048828 0.048828
0 0.293945 0.037109 0.037109 0.037109