0 0.110352 0.485840 0.060547 0.061523
0 0.187012 0.537598 0.061523 0.061523
0 0.299316 0.514160 0.061523 0.061523
0 0.391602 0.506836 0.048828 0.048828
0 0.203125 0.341797 0.048828 0.048828
0 0.123047 0.366211 0.048828 0.048828
0 0.307617 0.336914 0.048828 0.048828
0 0.208984 0.208984 0.048828 0.048828
0 0.303711 0.419922 0.048828 0.048828
0 0.387695 0.418945 0.048828 0.048828
0 0.297363 0.608887 0.061523 0.061523
0 0.112305 0.697754 0.060547 0.061523
0 0.109375 0.604004 0.060547 0.061523
0 0.108887 0.773926 0.061523 0.061523
0 0.195801 0.950684 0.061523 0.061523
0 0.196289 0.641113 0.060547 0.061523
0 0.201172 0.736816 0.060547 0.061523
0 0.382324 0.702637 0.061523 0.061523
0 0.381836 0.600098 0.060547 0.061523
0 0.298340 0.687988 0.061523 0.061523
0 0.304688 0.765137 0.048828 0.049805
0 0.388672 0.785645 0.048828 0.049805
0 0.889648 0.108887 0.060547 0.061523
0 0.886719 0.357910 0.048828 0.049805
0 0.897461 0.438965 0.048828 0.049805
0 0.897461 0.534668 0.048828 0.049805
0 0.791016 0.573242 0.048828 0.048828
0 0.458008 0.751953 0.048828 0.048828
0 0.467773 0.649414 0.048828 0.048828
0 0.381836 0.955078 0.048828 0.048828
0 0.899414 0.632812 0.048828 0.048828
0 0.793945 0.471680 0.048828 0.048828
0 0.705078 0.526367 0.048828 0.048828
0 0.309570 0.240234 0.037109 0.037109
0 0.200195 0.443359 0.048828 0.048828
0 0.125977 0.250977 0.037109 0.037109
0 0.495117 0.045898 0.037109 0.037109
0 0.496094 0.134766 0.037109 0.037109
0 0.581055 0.118164 0.037109 0.037109
0 0.647461 0.114258 0.048828 0.048828
0 0.794434 0.056641 0.036133 0.037109
0 0.127441 0.076660 0.036133 0.036133
0 0.121094 0.158691 0.048828 0.049805
0 0.215820 0.095703 0.037109 0.037109
0 0.277832 0.058594 0.036133 0.037109