0 0.463379 0.387695 0.073242 0.074219
0 0.833008 0.368652 0.048828 0.049805
0 0.747070 0.381348 0.060547 0.061523
0 0.393555 0.867188 0.048828 0.048828
0 0.396484 0.666016 0.048828 0.048828
0 0.392578 0.773438 0.048828 0.048828
0 0.662109 0.831543 0.060547 0.061523
0 0.748047 0.589355 0.060547 0.061523
0 0.833008 0.492676 0.060547 0.061523
0 0.750977 0.476074 0.060547 0.061523
0 0.392090 0.550293 0.061523 0.061523
0 0.578125 0.649414 0.048828 0.048828
0 0.466797 0.714844 0.037109 0.037109
0 0.577148 0.555664 0.048828 0.048828
0 0.754883 0.683594 0.048828 0.048828
0 0.666992 0.720703 0.060547 0.060547
0 0.921387 0.435059 0.061523 0.061523
0 0.467285 0.600586 0.073242 0.074219
0 0.670410 0.644043 0.061523 0.061523
0 0.465820 0.931152 0.060547 0.061523
0 0.823242 0.714844 0.048828 0.048828
0 0.738281 0.971680 0.048828 0.048828
0 0.458008 0.828125 0.048828 0.048828
0 0.657715 0.918945 0.073242 0.074219
0 0.467285 0.499023 0.073242 0.074219
0 0.178711 0.953613 0.048828 0.049805
0 0.189453 0.646973 0.048828 0.049805
0 0.279785 0.595215 0.061523 0.061523
0 0.078125 0.689941 0.060547 0.061523
0 0.183594 0.845703 0.048828 0.048828
0 0.075195 0.938965 0.048828 0.049805
0 0.277344 0.828613 0.060547 0.061523
0 0.186523 0.745605 0.048828 0.049805
0 0.082031 0.609863 0.060547 0.061523
0 0.186523 0.548828 0.037109 0.037109
0 0.275391 0.710449 0.048828 0.049805
0 0.082031 0.487793 0.048828 0.049805
0 0.288574 0.493164 0.036133 0.037109
0 0.588379 0.276855 0.061523 0.061523
0 0.742676 0.150879 0.061523 0.061523
0 0.472656 0.283203 0.048828 0.048828
0 0.576172 0.083496 0.048828 0.049805
0 0.759766 0.056152 0.060547 0.061523
0 0.928223 0.314941 0.061523 0.061523
0 0.922852 0.886230 0.037109 0.036133
0 0.747070 0.878906 0.037109 0.037109
0 0.582031 0.870117 0.048828 0.048828
0 0.277832 0.926758 0.036133 0.037109
0 0.932617 0.085938 0.037109 0.037109
0 0.194824 0.104492 0.024414 0.025391
0 0.295898 0.048828 0.048828 0.048828
0 0.473633 0.055176 0.048828 0.049805
0 0.666992 0.055176 0.048828 0.049805
0 0.841309 0.136719 0.036133 0.037109
0 0.836914 0.265137 0.048828 0.049805
0 0.922363 0.534668 0.036133 0.036133
0 0.750977 0.263184 0.048828 0.049805
0 0.822266 0.596680 0.037109 0.037109
0 0.670898 0.240723 0.048828 0.049805
0 0.665527 0.344238 0.061523 0.061523
0 0.668945 0.424805 0.048828 0.048828
0 0.670898 0.506836 0.048828 0.048828
0 0.579102 0.444336 0.048828 0.048828
0 0.583984 0.351562 0.048828 0.048828
0 0.581055 0.184082 0.048828 0.049805
0 0.468750 0.168945 0.048828 0.048828
0 0.395020 0.212402 0.024414 0.024414
0 0.399902 0.337402 0.024414 0.024414
0 0.401855 0.452148 0.024414 0.025391
0 0.285645 0.379395 0.024414 0.024414
0 0.285645 0.141113 0.024414 0.024414
0 0.917969 0.775391 0.037109 0.037109
0 0.750000 0.785156 0.048828 0.048828
0 0.826172 0.816406 0.037109 0.037109
0 0.578613 0.735840 0.024414 0.024414
0 0.585449 0.965332 0.024414 0.024414
0 0.089844 0.054688 0.048828 0.048828
0 0.092773 0.166016 0.048828 0.048828
0 0.193848 0.325684 0.024414 0.024414
0 0.077637 0.413086 0.036133 0.037109