0 0.519531 0.943848 0.060547 0.061523
0 0.127441 0.952637 0.061523 0.061523
0 0.315430 0.935059 0.060547 0.061523
0 0.606445 0.890625 0.048828 0.048828
0 0.884766 0.175293 0.109375 0.110352
0 0.900391 0.071777 0.109375 0.110352
0 0.794434 0.122070 0.122070 0.123047
0 0.802246 0.230469 0.122070 0.123047
0 0.700684 0.166992 0.122070 0.123047
0 0.706055 0.050781 0.097656 0.097656
0 0.608887 0.123047 0.122070 0.123047
0 0.599121 0.235352 0.122070 0.123047
1 0.512695 0.063965 0.109375 0.110352
0 0.511719 0.177246 0.109375 0.110352
0 0.420898 0.229004 0.109375 0.110352
0 0.420898 0.107910 0.109375 0.110352
0 0.318848 0.067871 0.110352 0.110352
0 0.312988 0.171387 0.110352 0.110352
0 0.227051 0.230957 0.110352 0.110352
0 0.217285 0.117676 0.110352 0.110352
0 0.132324 0.068848 0.073242 0.073242
0 0.132812 0.175293 0.097656 0.098633
0 0.519531 0.283691 0.109375 0.110352
0 0.322754 0.279785 0.110352 0.110352
0 0.224609 0.344238 0.109375 0.110352
0 0.120605 0.292969 0.122070 0.123047
0 0.127930 0.394043 0.109375 0.110352
0 0.428223 0.348145 0.110352 0.110352
0 0.127441 0.493164 0.084961 0.085938
0 0.113770 0.605469 0.122070 0.123047
0 0.122070 0.729004 0.097656 0.098633
0 0.220703 0.448730 0.109375 0.110352
0 0.222656 0.561035 0.097656 0.098633
0 0.222656 0.676270 0.109375 0.110352
0 0.216309 0.777832 0.110352 0.110352
0 0.317871 0.392090 0.110352 0.110352
0 0.317871 0.502441 0.110352 0.110352
0 0.320801 0.619629 0.122070 0.122070
0 0.318359 0.729004 0.097656 0.098633
0 0.413574 0.441895 0.110352 0.110352
0 0.406250 0.561035 0.097656 0.098633
0 0.408203 0.675293 0.097656 0.098633
0 0.406250 0.785645 0.097656 0.098633
0 0.504883 0.394531 0.109375 0.111328
0 0.506836 0.504395 0.109375 0.110352
0 0.514160 0.619141 0.122070 0.123047
0 0.524902 0.725098 0.110352 0.110352
0 0.614746 0.340820 0.122070 0.123047
0 0.612793 0.432617 0.122070 0.123047
0 0.607910 0.564453 0.122070 0.123047
0 0.607910 0.676758 0.122070 0.123047
0 0.702637 0.281250 0.122070 0.123047
0 0.706543 0.377930 0.122070 0.123047
0 0.702637 0.496094 0.122070 0.123047
0 0.692871 0.606445 0.122070 0.123047
0 0.699219 0.725098 0.109375 0.110352
0 0.790527 0.775879 0.110352 0.110352
0 0.786621 0.660156 0.110352 0.111328
0 0.798340 0.555664 0.110352 0.111328
0 0.792480 0.334961 0.122070 0.123047
0 0.884277 0.415039 0.122070 0.123047
0 0.887207 0.294922 0.122070 0.123047
0 0.801270 0.445801 0.110352 0.110352
0 0.888672 0.514160 0.109375 0.110352
0 0.889160 0.629883 0.122070 0.123047
0 0.896973 0.720703 0.110352 0.111328
0 0.313477 0.860840 0.097656 0.098633
0 0.222168 0.886719 0.084961 0.085938
0 0.693359 0.829102 0.048828 0.048828
0 0.689453 0.937500 0.048828 0.048828
0 0.513672 0.843750 0.048828 0.048828
0 0.614258 0.776367 0.048828 0.048828
0 0.412109 0.890137 0.037109 0.036133
0 0.126953 0.829590 0.037109 0.036133
0 0.024902 0.810547 0.036133 0.037109
0 0.049316 0.950684 0.024414 0.024414