0 0.634277 0.032715 0.061523 0.061523
0 0.627441 0.442383 0.073242 0.074219
0 0.359375 0.119629 0.048828 0.049805
0 0.146973 0.059082 0.073242 0.073242
0 0.462402 0.050293 0.061523 0.061523
0 0.557129 0.291504 0.061523 0.061523
0 0.260254 0.041504 0.073242 0.073242
0 0.623535 0.882324 0.061523 0.061523
0 0.349609 0.824219 0.085938 0.085938
0 0.721191 0.300781 0.084961 0.085938
0 0.909668 0.831543 0.073242 0.073242
0 0.914551 0.729980 0.110352 0.110352
0 0.917480 0.606445 0.122070 0.123047
0 0.916016 0.502441 0.109375 0.110352
0 0.916992 0.407715 0.097656 0.098633
0 0.915039 0.299316 0.097656 0.098633
0 0.818848 0.352539 0.122070 0.123047
0 0.822754 0.443848 0.122070 0.122070
0 0.817871 0.548340 0.110352 0.110352
0 0.807129 0.661133 0.110352 0.111328
0 0.808594 0.780762 0.109375 0.110352
0 0.811035 0.889160 0.110352 0.110352
0 0.716797 0.943359 0.085938 0.085938
0 0.720215 0.841797 0.073242 0.074219
0 0.723145 0.724609 0.084961 0.085938
0 0.722168 0.601562 0.084961 0.085938
0 0.720703 0.500000 0.085938 0.085938
0 0.733887 0.399902 0.110352 0.110352
0 0.631836 0.346191 0.085938 0.086914
0 0.632812 0.552734 0.085938 0.085938
0 0.627930 0.666016 0.097656 0.097656
0 0.626465 0.778320 0.084961 0.085938
0 0.530273 0.935059 0.109375 0.110352
0 0.531738 0.819824 0.110352 0.110352
0 0.541016 0.703613 0.097656 0.098633
0 0.548828 0.604980 0.109375 0.110352
0 0.543945 0.520020 0.109375 0.110352
0 0.549316 0.395508 0.110352 0.111328
0 0.457520 0.347656 0.122070 0.123047
0 0.454590 0.456543 0.110352 0.110352
0 0.445801 0.555176 0.110352 0.110352
0 0.442871 0.672363 0.110352 0.110352
0 0.436523 0.771484 0.085938 0.085938
0 0.450195 0.885742 0.109375 0.111328
0 0.341797 0.933594 0.085938 0.085938
0 0.343262 0.730957 0.110352 0.110352
0 0.350098 0.603516 0.110352 0.111328
0 0.365234 0.492676 0.097656 0.098633
0 0.360352 0.392578 0.097656 0.097656
0 0.251953 0.340332 0.097656 0.098633
0 0.252930 0.447266 0.085938 0.085938
0 0.264648 0.544922 0.097656 0.097656
0 0.261719 0.657715 0.109375 0.110352
0 0.256836 0.764648 0.109375 0.111328
0 0.253906 0.877930 0.109375 0.111328
0 0.157227 0.929688 0.085938 0.085938
0 0.154297 0.820801 0.097656 0.098633
0 0.158203 0.709961 0.097656 0.097656
0 0.165039 0.600586 0.109375 0.111328
0 0.163086 0.499023 0.097656 0.097656
0 0.174316 0.403320 0.084961 0.085938
0 0.162598 0.322266 0.084961 0.085938
0 0.918945 0.119141 0.085938 0.085938
0 0.729980 0.110352 0.073242 0.074219
0 0.643066 0.114258 0.073242 0.074219
0 0.549805 0.069824 0.097656 0.098633
0 0.254883 0.128418 0.048828 0.049805
0 0.061523 0.051758 0.048828 0.048828