0 0.371094 0.460449 0.060547 0.061523
0 0.077148 0.610352 0.085938 0.085938
0 0.273438 0.537598 0.060547 0.061523
0 0.271973 0.639648 0.073242 0.074219
0 0.176758 0.461914 0.048828 0.048828
0 0.669434 0.907715 0.061523 0.061523
0 0.655273 0.264648 0.048828 0.048828
0 0.557129 0.354004 0.061523 0.061523
0 0.465332 0.309082 0.061523 0.061523
0 0.823730 0.781738 0.061523 0.061523
0 0.749023 0.588379 0.060547 0.061523
0 0.553711 0.914062 0.048828 0.048828
0 0.657227 0.714355 0.048828 0.049805
0 0.840820 0.687012 0.060547 0.061523
0 0.754395 0.254883 0.036133 0.037109
0 0.559082 0.584473 0.061523 0.061523
0 0.835938 0.229492 0.037109 0.037109
0 0.747070 0.360352 0.048828 0.048828
0 0.655273 0.599121 0.048828 0.049805
0 0.479492 0.522949 0.048828 0.049805
0 0.936035 0.120605 0.073242 0.073242
0 0.937500 0.027832 0.048828 0.049805
0 0.839355 0.129395 0.122070 0.122070
0 0.740234 0.141113 0.097656 0.098633
0 0.647461 0.185059 0.109375 0.110352
0 0.558594 0.135254 0.097656 0.098633
0 0.463379 0.203125 0.110352 0.111328
0 0.454102 0.081055 0.097656 0.097656
0 0.366211 0.134766 0.109375 0.111328
0 0.372070 0.230469 0.085938 0.085938
0 0.278320 0.056641 0.109375 0.111328
0 0.274902 0.178711 0.122070 0.123047
0 0.282715 0.287109 0.122070 0.123047
0 0.176758 0.137207 0.097656 0.098633
0 0.179199 0.239746 0.110352 0.110352
0 0.083008 0.084473 0.097656 0.098633
0 0.078125 0.190918 0.097656 0.098633
0 0.083008 0.311035 0.085938 0.086914
0 0.076660 0.404297 0.084961 0.085938
0 0.076172 0.518066 0.097656 0.098633
0 0.938477 0.339844 0.048828 0.048828
0 0.829590 0.350586 0.036133 0.037109
0 0.841309 0.476562 0.036133 0.037109
0 0.840820 0.559570 0.048828 0.048828
0 0.934570 0.452637 0.060547 0.061523
0 0.746094 0.469727 0.037109 0.037109
0 0.648438 0.520508 0.048828 0.048828
0 0.651367 0.416016 0.037109 0.037109
0 0.558594 0.259766 0.048828 0.048828
0 0.553711 0.467285 0.048828 0.049805
0 0.480469 0.614746 0.048828 0.049805
0 0.476074 0.423340 0.061523 0.061523
0 0.362305 0.348145 0.048828 0.049805
0 0.277344 0.410645 0.060547 0.061523
0 0.275879 0.735352 0.024414 0.025391
0 0.376953 0.679688 0.048828 0.048828
0 0.371094 0.562012 0.048828 0.049805
0 0.554688 0.686035 0.048828 0.049805
0 0.748047 0.686035 0.048828 0.049805
0 0.922363 0.767578 0.036133 0.037109
0 0.917969 0.895996 0.048828 0.049805
0 0.832031 0.894043 0.048828 0.049805
0 0.751953 0.871582 0.048828 0.049805
0 0.662109 0.814941 0.048828 0.049805
0 0.549805 0.799805 0.048828 0.048828
0 0.476074 0.843262 0.024414 0.024414
0 0.480957 0.968262 0.024414 0.024414
0 0.366699 0.771973 0.024414 0.024414
0 0.170898 0.685547 0.048828 0.048828
0 0.173828 0.796875 0.048828 0.048828
0 0.073242 0.932617 0.048828 0.048828
0 0.073242 0.828125 0.048828 0.048828
0 0.080078 0.716797 0.048828 0.048828
1 0.177734 0.364258 0.048828 0.048828
0 0.179199 0.574707 0.024414 0.024414
0 0.274902 0.956543 0.024414 0.024414