0 0.074219 0.723633 0.048828 0.048828
0 0.092285 0.077148 0.036133 0.037109
0 0.072754 0.829590 0.061523 0.061523
0 0.073242 0.928223 0.048828 0.049805
0 0.867188 0.299805 0.085938 0.085938
0 0.966797 0.151367 0.048828 0.048828
0 0.738281 0.681152 0.048828 0.049805
0 0.953125 0.930176 0.060547 0.061523
0 0.953125 0.808105 0.048828 0.049805
0 0.866699 0.093750 0.084961 0.085938
0 0.866211 0.207520 0.097656 0.098633
0 0.760742 0.250000 0.085938 0.085938
0 0.772461 0.160156 0.085938 0.085938
0 0.779297 0.049805 0.085938 0.085938
0 0.688477 0.102051 0.097656 0.098633
0 0.493164 0.204590 0.060547 0.061523
0 0.490234 0.104004 0.048828 0.049805
0 0.563477 0.744141 0.048828 0.048828
0 0.561523 0.850586 0.048828 0.048828
0 0.554688 0.947266 0.037109 0.037109
0 0.648438 0.785156 0.048828 0.048828
0 0.650391 0.898926 0.060547 0.061523
0 0.715332 0.916504 0.061523 0.061523
0 0.854004 0.851074 0.024414 0.024414
0 0.854004 0.958008 0.036133 0.037109
0 0.184570 0.786133 0.048828 0.048828
0 0.182617 0.874023 0.048828 0.048828
0 0.187012 0.978027 0.036133 0.036133
0 0.337402 0.959961 0.036133 0.037109
0 0.285156 0.886719 0.037109 0.037109
0 0.291016 0.764648 0.037109 0.037109
0 0.960938 0.375000 0.048828 0.048828
0 0.963867 0.486328 0.048828 0.048828
0 0.858398 0.738770 0.037109 0.036133
0 0.863281 0.622070 0.048828 0.048828
0 0.863281 0.517578 0.048828 0.048828
0 0.870117 0.406250 0.048828 0.048828
0 0.751953 0.371582 0.023438 0.024414
0 0.746094 0.474609 0.048828 0.048828
0 0.735352 0.587402 0.037109 0.036133
0 0.666992 0.318359 0.048828 0.048828
0 0.666504 0.434082 0.024414 0.024414
0 0.659668 0.561035 0.024414 0.024414
0 0.653320 0.675293 0.048828 0.049805
0 0.573730 0.371582 0.036133 0.036133
0 0.573730 0.501465 0.024414 0.024414
0 0.567871 0.610840 0.024414 0.024414
0 0.500000 0.301270 0.037109 0.036133
0 0.502930 0.420410 0.048828 0.049805
0 0.497070 0.551758 0.037109 0.037109
0 0.499023 0.654297 0.048828 0.048828
0 0.496582 0.784180 0.036133 0.037109
0 0.409668 0.344238 0.036133 0.036133
1 0.967773 0.053711 0.048828 0.048828
0 0.969238 0.264160 0.024414 0.024414
0 0.575684 0.051758 0.036133 0.037109
0 0.392578 0.041016 0.037109 0.037109
0 0.294922 0.094238 0.037109 0.036133
0 0.194824 0.141113 0.036133 0.036133
0 0.173340 0.265625 0.036133 0.037109
0 0.289551 0.217285 0.036133 0.036133
0 0.408203 0.159668 0.048828 0.049805
0 0.409180 0.248535 0.037109 0.036133
0 0.669922 0.211914 0.048828 0.048828
0 0.577148 0.149414 0.048828 0.048828
0 0.577637 0.250977 0.036133 0.037109
0 0.079590 0.289062 0.036133 0.037109
0 0.074219 0.627930 0.037109 0.037109
0 0.074219 0.542969 0.037109 0.037109
0 0.073242 0.469727 0.037109 0.037109
0 0.500977 0.899414 0.048828 0.048828
0 0.948730 0.733398 0.036133 0.037109