0 0.456055 0.382324 0.060547 0.061523
0 0.537598 0.451172 0.084961 0.085938
0 0.462891 0.599609 0.048828 0.048828
0 0.537109 0.662109 0.048828 0.048828
0 0.462402 0.489746 0.061523 0.061523
0 0.455078 0.153320 0.048828 0.048828
0 0.279297 0.169922 0.048828 0.048828
0 0.169922 0.116211 0.048828 0.048828
0 0.277344 0.284668 0.048828 0.049805
0 0.079102 0.158203 0.048828 0.048828
0 0.085449 0.277832 0.061523 0.061523
0 0.165039 0.329102 0.048828 0.048828
0 0.359863 0.449707 0.061523 0.061523
0 0.359375 0.337402 0.048828 0.049805
0 0.636719 0.716797 0.048828 0.048828
0 0.636719 0.835449 0.060547 0.061523
0 0.637695 0.610352 0.048828 0.048828
0 0.730469 0.885254 0.048828 0.049805
0 0.635742 0.930176 0.060547 0.061523
0 0.912109 0.110352 0.097656 0.097656
0 0.552246 0.106445 0.084961 0.085938
0 0.646484 0.052246 0.097656 0.098633
0 0.732910 0.104004 0.110352 0.110352
0 0.923828 0.341309 0.097656 0.098633
0 0.926758 0.222168 0.109375 0.110352
0 0.734863 0.210938 0.122070 0.123047
0 0.837891 0.282715 0.097656 0.098633
0 0.839355 0.160156 0.122070 0.123047
0 0.841309 0.385742 0.110352 0.111328
0 0.735352 0.331055 0.109375 0.111328
0 0.645508 0.385742 0.109375 0.111328
0 0.641602 0.272461 0.109375 0.111328
0 0.644531 0.158203 0.109375 0.111328
0 0.553711 0.213867 0.097656 0.097656
0 0.541992 0.336914 0.097656 0.097656
0 0.635254 0.477539 0.084961 0.085938
0 0.729980 0.439941 0.110352 0.110352
0 0.829102 0.504395 0.109375 0.110352
0 0.829102 0.613770 0.109375 0.110352
0 0.831543 0.722168 0.110352 0.110352
0 0.832520 0.821777 0.110352 0.110352
0 0.832520 0.934082 0.110352 0.110352
0 0.933594 0.881348 0.097656 0.098633
0 0.929688 0.770020 0.097656 0.098633
0 0.923828 0.661621 0.109375 0.110352
0 0.930664 0.549316 0.109375 0.110352
0 0.917480 0.439941 0.110352 0.110352
0 0.449707 0.043457 0.024414 0.024414
0 0.444336 0.269531 0.048828 0.048828
0 0.360352 0.239258 0.037109 0.037109
0 0.362305 0.113281 0.048828 0.048828
0 0.276855 0.057129 0.024414 0.024414
0 0.099609 0.395020 0.048828 0.049805
0 0.080566 0.050293 0.024414 0.024414
0 0.547852 0.540527 0.060547 0.061523
0 0.547852 0.767578 0.037109 0.037109
0 0.160156 0.429199 0.048828 0.049805
0 0.165527 0.760254 0.024414 0.024414
0 0.162598 0.556152 0.024414 0.024414
0 0.088379 0.727539 0.036133 0.037109
0 0.726562 0.776367 0.037109 0.037109
0 0.732422 0.552734 0.048828 0.048828
0 0.733398 0.653320 0.048828 0.048828
0 0.083984 0.937500 0.037109 0.037109
0 0.080078 0.831055 0.037109 0.037109