0 0.094238 0.094727 0.122070 0.123047
0 0.649902 0.075195 0.122070 0.123047
0 0.937500 0.134766 0.109375 0.111328
0 0.935547 0.256836 0.109375 0.111328
0 0.934570 0.354980 0.097656 0.098633
0 0.937012 0.573730 0.110352 0.110352
0 0.833496 0.528809 0.110352 0.110352
0 0.836426 0.413574 0.110352 0.110352
0 0.838379 0.196777 0.110352 0.110352
0 0.836426 0.093750 0.122070 0.123047
0 0.837891 0.301758 0.048828 0.048828
0 0.746094 0.132324 0.097656 0.098633
0 0.752930 0.247559 0.097656 0.098633
0 0.742188 0.355957 0.109375 0.110352
0 0.746094 0.479004 0.097656 0.098633
0 0.751953 0.596191 0.109375 0.110352
0 0.646973 0.546875 0.122070 0.123047
0 0.645020 0.421387 0.122070 0.122070
0 0.646973 0.307129 0.122070 0.122070
0 0.650391 0.198730 0.109375 0.110352
0 0.554688 0.154785 0.109375 0.110352
0 0.548828 0.256348 0.097656 0.098633
0 0.556152 0.370117 0.122070 0.123047
0 0.555176 0.489258 0.122070 0.123047
0 0.555176 0.598633 0.122070 0.123047
0 0.445312 0.533691 0.109375 0.110352
0 0.460938 0.430176 0.109375 0.110352
0 0.455078 0.320801 0.097656 0.098633
0 0.453613 0.211426 0.110352 0.110352
0 0.458496 0.092285 0.122070 0.122070
0 0.366699 0.151367 0.122070 0.123047
0 0.360352 0.269043 0.109375 0.110352
0 0.362305 0.369629 0.097656 0.098633
0 0.354980 0.480469 0.122070 0.123047
0 0.362793 0.588867 0.122070 0.123047
0 0.261230 0.525391 0.122070 0.123047
0 0.266602 0.409180 0.097656 0.097656
0 0.265137 0.300781 0.122070 0.123047
0 0.261230 0.196289 0.122070 0.123047
0 0.268066 0.090820 0.122070 0.123047
0 0.175293 0.147461 0.122070 0.123047
0 0.171387 0.248047 0.122070 0.123047
0 0.171387 0.364258 0.122070 0.123047
0 0.169434 0.481445 0.122070 0.123047
0 0.159668 0.593750 0.122070 0.123047
0 0.079590 0.198242 0.110352 0.111328
0 0.079590 0.303711 0.110352 0.111328
1 0.073242 0.422363 0.109375 0.110352
0 0.072266 0.535645 0.109375 0.110352
0 0.080078 0.642090 0.109375 0.110352
0 0.065430 0.752930 0.109375 0.111328
0 0.067383 0.862793 0.109375 0.110352
0 0.175293 0.699219 0.122070 0.123047
0 0.173340 0.791016 0.122070 0.123047
0 0.168457 0.922852 0.122070 0.123047
0 0.263184 0.639648 0.122070 0.123047
0 0.267090 0.736328 0.122070 0.123047
0 0.263184 0.854492 0.122070 0.123047
0 0.358887 0.914062 0.110352 0.111328
0 0.353027 0.693359 0.122070 0.123047
0 0.444824 0.773438 0.122070 0.123047
0 0.447754 0.653320 0.122070 0.123047
0 0.361816 0.804199 0.110352 0.110352
0 0.449219 0.872559 0.109375 0.110352
0 0.552246 0.720215 0.122070 0.122070
0 0.552246 0.812500 0.122070 0.123047
0 0.551270 0.917969 0.122070 0.123047
0 0.729004 0.705078 0.122070 0.123047
0 0.733887 0.812988 0.122070 0.122070
0 0.639160 0.868652 0.110352 0.110352
0 0.640137 0.757324 0.110352 0.110352
0 0.652832 0.645020 0.110352 0.110352
0 0.723145 0.928223 0.122070 0.122070
0 0.837891 0.852051 0.109375 0.110352
0 0.830078 0.751465 0.109375 0.110352
0 0.834961 0.644043 0.109375 0.110352
0 0.934082 0.690430 0.122070 0.123047
0 0.930176 0.802734 0.122070 0.123047
0 0.932617 0.907715 0.109375 0.110352