0 0.549316 0.696777 0.061523 0.061523
0 0.641602 0.775391 0.048828 0.048828
0 0.646484 0.656738 0.048828 0.049805
0 0.388672 0.679199 0.060547 0.061523
0 0.030273 0.687500 0.048828 0.048828
0 0.109375 0.752930 0.048828 0.048828
0 0.292480 0.736816 0.061523 0.061523
0 0.739258 0.706543 0.048828 0.049805
0 0.112305 0.628418 0.060547 0.061523
0 0.749512 0.472168 0.073242 0.073242
0 0.751465 0.583496 0.073242 0.073242
0 0.749512 0.235840 0.061523 0.061523
0 0.650391 0.538574 0.060547 0.061523
0 0.750000 0.359863 0.060547 0.061523
0 0.037109 0.476562 0.048828 0.048828
0 0.040039 0.275391 0.048828 0.048828
0 0.036133 0.382812 0.048828 0.048828
0 0.032227 0.592285 0.060547 0.061523
0 0.305664 0.440918 0.060547 0.061523
0 0.391602 0.198730 0.060547 0.061523
0 0.476562 0.102051 0.060547 0.061523
0 0.394531 0.085449 0.060547 0.061523
0 0.035645 0.159668 0.061523 0.061523
0 0.221680 0.258789 0.048828 0.048828
0 0.110352 0.324219 0.037109 0.037109
0 0.220703 0.165039 0.048828 0.048828
0 0.398438 0.292969 0.048828 0.048828
0 0.310547 0.330078 0.060547 0.060547
0 0.564941 0.044434 0.061523 0.061523
0 0.110840 0.209961 0.073242 0.074219
0 0.313965 0.253418 0.061523 0.061523
0 0.109375 0.540527 0.060547 0.061523
0 0.466797 0.324219 0.048828 0.048828
0 0.381836 0.581055 0.048828 0.048828
0 0.101562 0.437500 0.048828 0.048828
0 0.301270 0.528320 0.073242 0.074219
0 0.110840 0.108398 0.073242 0.074219
0 0.823730 0.659668 0.061523 0.061523
0 0.831055 0.317871 0.060547 0.061523
0 0.933594 0.700195 0.048828 0.048828
0 0.938477 0.591309 0.060547 0.061523
0 0.938477 0.263184 0.060547 0.061523
0 0.936523 0.380371 0.060547 0.061523
0 0.940430 0.488770 0.060547 0.061523
0 0.830078 0.083496 0.048828 0.049805
0 0.833008 0.443848 0.060547 0.061523
0 0.828613 0.764160 0.061523 0.061523
0 0.387207 0.909668 0.061523 0.061523
0 0.288574 0.843262 0.061523 0.061523
0 0.550293 0.910645 0.061523 0.061523
0 0.393555 0.813477 0.060547 0.060547
0 0.738281 0.924805 0.048828 0.048828
0 0.743164 0.816895 0.048828 0.049805
0 0.547852 0.797852 0.048828 0.048828
0 0.458984 0.840820 0.060547 0.060547
0 0.646484 0.870605 0.060547 0.061523
0 0.932129 0.821777 0.061523 0.061523
0 0.834473 0.545898 0.036133 0.037109
0 0.833984 0.873535 0.048828 0.049805
0 0.552246 0.617188 0.036133 0.037109
0 0.566406 0.495605 0.037109 0.036133
0 0.465820 0.626953 0.048828 0.048828
0 0.475586 0.739258 0.037109 0.037109
0 0.390625 0.488281 0.037109 0.037109
0 0.300781 0.635742 0.048828 0.048828
0 0.217773 0.691406 0.048828 0.048828
0 0.212891 0.789551 0.060547 0.061523
0 0.225586 0.479492 0.048828 0.048828
0 0.023926 0.792480 0.024414 0.024414
0 0.943359 0.037109 0.037109 0.037109
0 0.942383 0.154297 0.037109 0.037109
0 0.831055 0.222656 0.048828 0.048828
0 0.753418 0.138672 0.036133 0.037109
0 0.565918 0.144043 0.036133 0.036133
0 0.465820 0.206055 0.037109 0.037109
0 0.312500 0.034180 0.048828 0.048828
0 0.314453 0.116211 0.048828 0.048828
0 0.222656 0.053711 0.048828 0.048828
0 0.045410 0.061523 0.024414 0.025391
0 0.658691 0.290527 0.036133 0.036133
0 0.561523 0.384766 0.037109 0.037109
0 0.393555 0.394531 0.048828 0.048828
0 0.469727 0.425781 0.037109 0.037109
0 0.222168 0.345215 0.024414 0.024414
0 0.229004 0.574707 0.024414 0.024414