0 0.481445 0.041992 0.048828 0.048828
0 0.199219 0.052246 0.048828 0.049805
0 0.184082 0.885742 0.084961 0.085938
0 0.759277 0.198730 0.061523 0.061523
0 0.660645 0.132324 0.061523 0.061523
0 0.922363 0.199707 0.061523 0.061523
0 0.765625 0.102539 0.060547 0.060547
0 0.758301 0.293457 0.061523 0.061523
0 0.830566 0.255859 0.073242 0.074219
0 0.919922 0.086914 0.048828 0.048828
0 0.831055 0.129883 0.060547 0.060547
0 0.914551 0.575195 0.110352 0.111328
0 0.915527 0.692383 0.122070 0.123047
0 0.926270 0.800293 0.122070 0.122070
0 0.914551 0.916016 0.122070 0.123047
0 0.829102 0.850586 0.085938 0.085938
0 0.835449 0.730469 0.084961 0.085938
0 0.834473 0.633789 0.084961 0.085938
0 0.732422 0.681641 0.097656 0.097656
0 0.730957 0.801758 0.084961 0.085938
0 0.730469 0.905762 0.097656 0.098633
0 0.644043 0.626953 0.122070 0.123047
0 0.639160 0.745117 0.122070 0.123047
0 0.640137 0.854492 0.122070 0.123047
0 0.555176 0.681641 0.122070 0.123047
0 0.550293 0.803711 0.122070 0.123047
0 0.543457 0.904297 0.122070 0.123047
0 0.454590 0.851562 0.122070 0.123047
0 0.452148 0.739746 0.097656 0.098633
0 0.447754 0.620117 0.084961 0.085938
0 0.370117 0.675781 0.085938 0.085938
0 0.363770 0.791992 0.084961 0.085938
0 0.355469 0.897461 0.097656 0.097656
0 0.265625 0.729492 0.085938 0.085938
0 0.262695 0.839844 0.085938 0.085938
0 0.181641 0.763184 0.097656 0.098633
0 0.177734 0.672363 0.097656 0.098633
0 0.069336 0.690430 0.085938 0.085938
0 0.056152 0.949219 0.084961 0.085938
0 0.847656 0.028320 0.037109 0.037109
0 0.584961 0.078613 0.060547 0.061523
0 0.395996 0.081543 0.024414 0.024414
0 0.103516 0.112305 0.048828 0.048828
0 0.303223 0.114746 0.024414 0.024414