0 0.474609 0.177246 0.060547 0.061523
0 0.556152 0.246094 0.084961 0.085938
0 0.481445 0.394531 0.048828 0.048828
0 0.555664 0.457031 0.048828 0.048828
0 0.480957 0.284668 0.061523 0.061523
0 0.295898 0.079590 0.048828 0.049805
0 0.104004 0.072754 0.061523 0.061523
0 0.183594 0.124023 0.048828 0.048828
0 0.378418 0.244629 0.061523 0.061523
0 0.377930 0.132324 0.048828 0.049805
0 0.097656 0.925293 0.060547 0.061523
0 0.655273 0.511719 0.048828 0.048828
0 0.655273 0.630371 0.060547 0.061523
0 0.656250 0.405273 0.048828 0.048828
0 0.655762 0.962402 0.061523 0.061523
0 0.749023 0.680176 0.048828 0.049805
0 0.654297 0.725098 0.060547 0.061523
0 0.665527 0.844238 0.073242 0.073242
0 0.942383 0.136230 0.097656 0.098633
0 0.856445 0.077637 0.097656 0.098633
0 0.859863 0.180664 0.110352 0.111328
0 0.753906 0.125977 0.109375 0.111328
0 0.664062 0.180664 0.109375 0.111328
0 0.660156 0.067383 0.109375 0.111328
0 0.560547 0.131836 0.097656 0.097656
0 0.653809 0.272461 0.084961 0.085938
0 0.748535 0.234863 0.110352 0.110352
0 0.847656 0.299316 0.109375 0.110352
0 0.847656 0.408691 0.109375 0.110352
0 0.850098 0.517090 0.110352 0.110352
0 0.851074 0.616699 0.110352 0.110352
0 0.851074 0.729004 0.110352 0.110352
0 0.948242 0.564941 0.097656 0.098633
0 0.942383 0.456543 0.109375 0.110352
0 0.936035 0.234863 0.110352 0.110352
0 0.940918 0.796387 0.110352 0.110352
0 0.853027 0.850586 0.110352 0.111328
0 0.462891 0.064453 0.048828 0.048828
0 0.378906 0.034180 0.037109 0.037109
0 0.118164 0.189941 0.048828 0.049805
0 0.566406 0.335449 0.060547 0.061523
0 0.566406 0.562500 0.037109 0.037109
0 0.178711 0.224121 0.048828 0.049805
0 0.184082 0.555176 0.024414 0.024414
0 0.181152 0.351074 0.024414 0.024414
0 0.106934 0.522461 0.036133 0.037109
0 0.745117 0.571289 0.037109 0.037109
0 0.745117 0.801270 0.048828 0.049805
0 0.749023 0.906250 0.048828 0.048828
0 0.750977 0.347656 0.048828 0.048828
0 0.751953 0.448242 0.048828 0.048828
0 0.282227 0.958984 0.048828 0.048828
0 0.172363 0.886719 0.024414 0.025391
0 0.176758 0.779297 0.037109 0.037109
0 0.102539 0.732422 0.037109 0.037109
0 0.096680 0.828613 0.060547 0.061523
0 0.098633 0.625977 0.037109 0.037109