0 0.863281 0.626953 0.048828 0.048828
0 0.942383 0.692383 0.048828 0.048828
0 0.945312 0.567871 0.060547 0.061523
0 0.870117 0.416016 0.048828 0.048828
0 0.873047 0.214844 0.048828 0.048828
0 0.869141 0.322266 0.048828 0.048828
0 0.865234 0.531738 0.060547 0.061523
0 0.868652 0.099121 0.061523 0.061523
0 0.943359 0.263672 0.037109 0.037109
0 0.943848 0.149414 0.073242 0.074219
0 0.942383 0.479980 0.060547 0.061523
0 0.934570 0.376953 0.048828 0.048828
0 0.943848 0.047852 0.073242 0.074219
0 0.056641 0.636719 0.048828 0.048828
0 0.052734 0.548828 0.048828 0.048828
0 0.047363 0.832520 0.061523 0.061523
0 0.046875 0.729980 0.060547 0.061523
0 0.053711 0.915527 0.048828 0.049805
0 0.750977 0.660645 0.048828 0.049805
0 0.754883 0.563965 0.048828 0.049805
0 0.655273 0.502441 0.048828 0.049805
0 0.666016 0.195801 0.048828 0.049805
0 0.661621 0.601074 0.061523 0.061523
0 0.756348 0.144043 0.061523 0.061523
0 0.554688 0.238770 0.060547 0.061523
0 0.660156 0.394531 0.048828 0.048828
0 0.551758 0.487793 0.048828 0.049805
0 0.562500 0.568848 0.048828 0.049805
0 0.562500 0.664551 0.048828 0.049805
0 0.456055 0.703125 0.048828 0.048828
0 0.660156 0.702637 0.048828 0.049805
0 0.753906 0.377441 0.060547 0.061523
0 0.663086 0.294434 0.048828 0.049805
0 0.558594 0.158691 0.060547 0.061523
0 0.663086 0.097656 0.037109 0.037109
0 0.751953 0.259277 0.048828 0.049805
0 0.558594 0.036621 0.048828 0.049805
0 0.765137 0.041992 0.036133 0.037109
0 0.123047 0.881836 0.048828 0.048828
0 0.132812 0.779297 0.048828 0.048828
0 0.856934 0.731934 0.024414 0.024414
0 0.754395 0.475586 0.036133 0.037109
0 0.564453 0.762695 0.048828 0.048828
0 0.458984 0.601562 0.048828 0.048828
0 0.370117 0.656250 0.048828 0.048828
0 0.166992 0.079102 0.048828 0.048828
0 0.160156 0.175781 0.037109 0.037109
0 0.161133 0.264648 0.037109 0.037109
0 0.255859 0.127441 0.060547 0.061523
0 0.246094 0.248047 0.037109 0.037109
0 0.320801 0.145020 0.061523 0.061523
0 0.312500 0.244141 0.048828 0.048828
0 0.459473 0.079590 0.024414 0.024414
0 0.459473 0.186523 0.036133 0.037109
0 0.106445 0.127930 0.048828 0.048828
0 0.764160 0.765137 0.024414 0.024414