0 0.327148 0.520508 0.048828 0.048828
0 0.230957 0.688965 0.061523 0.061523
0 0.325684 0.626465 0.061523 0.061523
0 0.326172 0.725098 0.048828 0.049805
0 0.325195 0.825684 0.048828 0.049805
0 0.521484 0.907227 0.048828 0.048828
0 0.622070 0.938477 0.037109 0.037109
0 0.438477 0.949219 0.037109 0.037109
0 0.038086 0.925293 0.048828 0.049805
0 0.816406 0.541016 0.048828 0.048828
0 0.814453 0.647461 0.048828 0.048828
0 0.807617 0.744141 0.037109 0.037109
0 0.808594 0.833008 0.037109 0.037109
0 0.901367 0.582031 0.048828 0.048828
0 0.903320 0.695801 0.060547 0.061523
0 0.893555 0.816406 0.037109 0.037109
0 0.968262 0.713379 0.061523 0.061523
0 0.959961 0.812500 0.048828 0.048828
0 0.437500 0.583008 0.048828 0.048828
0 0.435547 0.670898 0.048828 0.048828
0 0.439941 0.774902 0.036133 0.036133
0 0.433594 0.856934 0.048828 0.049805
0 0.528320 0.793945 0.037109 0.037109
0 0.590332 0.756836 0.036133 0.037109
0 0.538086 0.683594 0.037109 0.037109
0 0.543945 0.561523 0.037109 0.037109
0 0.919922 0.115234 0.048828 0.048828
0 0.919434 0.230957 0.024414 0.024414
0 0.912598 0.357910 0.024414 0.024414
0 0.906250 0.472168 0.048828 0.049805
0 0.826660 0.168457 0.036133 0.036133
0 0.826660 0.298340 0.024414 0.024414
0 0.820801 0.407715 0.024414 0.024414
0 0.752930 0.098145 0.037109 0.036133
0 0.755859 0.217285 0.048828 0.049805
0 0.750000 0.348633 0.037109 0.037109
0 0.751953 0.451172 0.048828 0.048828
0 0.749512 0.581055 0.036133 0.037109
0 0.662598 0.141113 0.036133 0.036133
0 0.426270 0.062500 0.036133 0.037109
0 0.662109 0.045410 0.037109 0.036133
0 0.830566 0.047852 0.036133 0.037109
0 0.251465 0.085938 0.024414 0.025391
0 0.332520 0.085938 0.036133 0.037109
0 0.053711 0.272461 0.037109 0.037109
0 0.043945 0.364746 0.037109 0.036133
0 0.052734 0.478027 0.037109 0.036133
0 0.049805 0.560059 0.037109 0.036133
0 0.047852 0.649414 0.037109 0.037109
0 0.041992 0.727539 0.037109 0.037109
0 0.142578 0.680176 0.048828 0.049805
0 0.154297 0.563965 0.048828 0.049805
0 0.159180 0.465332 0.037109 0.036133
0 0.163086 0.383789 0.037109 0.037109
0 0.173340 0.266602 0.036133 0.037109
0 0.256348 0.302734 0.036133 0.037109
0 0.261230 0.392578 0.036133 0.037109
0 0.251465 0.486328 0.036133 0.037109
0 0.242676 0.587402 0.036133 0.036133
0 0.327148 0.424805 0.037109 0.037109
0 0.327148 0.339844 0.037109 0.037109
0 0.326172 0.266602 0.037109 0.037109
0 0.232910 0.795898 0.036133 0.037109
0 0.139648 0.790039 0.037109 0.037109
0 0.038574 0.821289 0.036133 0.037109
0 0.753906 0.696289 0.048828 0.048828