0 0.074707 0.474609 0.073242 0.074219
0 0.361328 0.954590 0.048828 0.049805
0 0.078613 0.127441 0.122070 0.122070
0 0.076660 0.229980 0.110352 0.110352
0 0.177734 0.076660 0.109375 0.110352
0 0.177734 0.192871 0.097656 0.098633
0 0.265625 0.143066 0.097656 0.098633
0 0.356934 0.087402 0.110352 0.110352
0 0.359863 0.197754 0.110352 0.110352
0 0.458984 0.141602 0.109375 0.111328
0 0.462402 0.248047 0.122070 0.123047
1 0.553711 0.093750 0.109375 0.111328
0 0.561523 0.189453 0.097656 0.097656
0 0.649414 0.144531 0.097656 0.097656
0 0.651367 0.256836 0.109375 0.111328
0 0.744629 0.076172 0.122070 0.123047
0 0.740723 0.190430 0.122070 0.123047
0 0.854980 0.132812 0.122070 0.123047
0 0.854980 0.241211 0.122070 0.123047
0 0.744141 0.312500 0.097656 0.097656
0 0.751953 0.417969 0.097656 0.097656
0 0.740234 0.541016 0.097656 0.097656
0 0.744141 0.629395 0.097656 0.098633
0 0.641602 0.696777 0.097656 0.098633
0 0.655273 0.578125 0.085938 0.085938
0 0.648438 0.472656 0.085938 0.085938
0 0.653320 0.361328 0.097656 0.097656
0 0.552734 0.307617 0.097656 0.097656
0 0.554688 0.427246 0.097656 0.098633
0 0.554688 0.519043 0.097656 0.098633
0 0.547852 0.635254 0.097656 0.098633
0 0.555176 0.741699 0.084961 0.086914
0 0.459473 0.584473 0.110352 0.110352
0 0.458008 0.466309 0.097656 0.098633
0 0.457520 0.359863 0.110352 0.110352
0 0.364258 0.306152 0.097656 0.098633
0 0.357422 0.400879 0.097656 0.098633
0 0.360352 0.529785 0.109375 0.110352
0 0.356445 0.635254 0.109375 0.110352
0 0.260742 0.579590 0.097656 0.098633
0 0.267578 0.470215 0.097656 0.098633
0 0.276367 0.338379 0.097656 0.098633
0 0.263672 0.252441 0.097656 0.098633
0 0.169922 0.292480 0.097656 0.098633
0 0.169922 0.421387 0.097656 0.098633
0 0.173828 0.515137 0.097656 0.098633
0 0.166016 0.631836 0.097656 0.097656
0 0.060059 0.681641 0.084961 0.085938
0 0.065918 0.583008 0.084961 0.085938
0 0.074219 0.348145 0.097656 0.098633
0 0.259766 0.690430 0.048828 0.048828
0 0.158203 0.753906 0.048828 0.048828
0 0.938965 0.087402 0.110352 0.110352
0 0.852051 0.347656 0.122070 0.123047
0 0.847168 0.461426 0.122070 0.122070
0 0.850098 0.563965 0.110352 0.110352
0 0.842773 0.694824 0.097656 0.098633
0 0.740234 0.744141 0.085938 0.085938
0 0.841309 0.807129 0.110352 0.110352
0 0.934082 0.745117 0.084961 0.085938
0 0.937500 0.644043 0.097656 0.098633
0 0.935547 0.525879 0.097656 0.098633
0 0.940430 0.416504 0.097656 0.098633
0 0.935059 0.850098 0.084961 0.086914
0 0.825195 0.906738 0.048828 0.049805
0 0.744141 0.864746 0.097656 0.098633
0 0.930664 0.972656 0.037109 0.037109
0 0.649414 0.805664 0.097656 0.097656