0 0.264648 0.906738 0.048828 0.049805
0 0.178711 0.919434 0.060547 0.061523
0 0.542969 0.943848 0.048828 0.049805
0 0.551758 0.397461 0.048828 0.048828
0 0.546387 0.502441 0.061523 0.061523
0 0.551270 0.300293 0.061523 0.061523
0 0.549805 0.187012 0.060547 0.061523
0 0.549316 0.616699 0.061523 0.061523
0 0.542969 0.831543 0.060547 0.061523
0 0.546875 0.717285 0.060547 0.061523
0 0.622070 0.796875 0.048828 0.048828
0 0.934570 0.209961 0.048828 0.048828
0 0.641602 0.133789 0.048828 0.048828
0 0.630371 0.457520 0.047852 0.049805
0 0.729980 0.510742 0.073242 0.074219
0 0.843750 0.251953 0.048828 0.048828
0 0.850098 0.371582 0.061523 0.061523
0 0.929688 0.422852 0.048828 0.048828
0 0.637695 0.245605 0.060547 0.061523
0 0.735352 0.398926 0.060547 0.061523
0 0.627441 0.686035 0.073242 0.073242
0 0.735840 0.730957 0.061523 0.061523
0 0.737793 0.310547 0.061523 0.060547
0 0.743164 0.191895 0.060547 0.061523
0 0.174316 0.688965 0.061523 0.061523
0 0.099609 0.495605 0.060547 0.061523
0 0.191406 0.594238 0.060547 0.061523
0 0.466309 0.342285 0.061523 0.061523
0 0.375000 0.207031 0.037109 0.037109
0 0.104980 0.162109 0.036133 0.037109
0 0.359863 0.853027 0.061523 0.061523
0 0.464844 0.242676 0.048828 0.049805
0 0.186523 0.136719 0.037109 0.037109
0 0.097656 0.267578 0.048828 0.048828
0 0.462402 0.469238 0.061523 0.061523
0 0.458984 0.561523 0.048828 0.048828
0 0.467285 0.146973 0.061523 0.061523
0 0.548340 0.090820 0.073242 0.074219
0 0.642090 0.033691 0.061523 0.061523
0 0.936523 0.092773 0.048828 0.048828
0 0.864258 0.488770 0.048828 0.049805
0 0.845215 0.144043 0.024414 0.024414
0 0.845215 0.030762 0.024414 0.024414
0 0.742676 0.083496 0.024414 0.024414
0 0.634277 0.362305 0.036133 0.037109
0 0.630371 0.564453 0.084961 0.085938
0 0.924805 0.522949 0.048828 0.049805
0 0.930176 0.854004 0.024414 0.024414
0 0.927246 0.649902 0.024414 0.024414
0 0.729492 0.846680 0.037109 0.037109
0 0.853027 0.821289 0.036133 0.037109
0 0.732910 0.598145 0.024414 0.024414
0 0.731445 0.965820 0.037109 0.037109
0 0.623047 0.908203 0.048828 0.048828
0 0.844727 0.924805 0.037109 0.037109
0 0.471680 0.041504 0.048828 0.049805
0 0.369629 0.081543 0.036133 0.036133
0 0.368164 0.305664 0.037109 0.037109
0 0.366211 0.421875 0.037109 0.037109
0 0.368164 0.526367 0.037109 0.037109
0 0.364258 0.624023 0.037109 0.037109
0 0.289062 0.247070 0.048828 0.048828
0 0.180176 0.257812 0.036133 0.037109
0 0.191895 0.383789 0.036133 0.037109
0 0.191406 0.466797 0.048828 0.048828
0 0.285156 0.359863 0.060547 0.061523
0 0.096680 0.376953 0.037109 0.037109
0 0.098633 0.593262 0.048828 0.049805
0 0.272949 0.674805 0.036133 0.037109
0 0.268555 0.803223 0.048828 0.049805
0 0.453125 0.888672 0.037109 0.037109
0 0.182617 0.801270 0.048828 0.049805
0 0.102539 0.778809 0.048828 0.049805
0 0.097168 0.882324 0.061523 0.061523
0 0.100586 0.962891 0.048828 0.048828