0 0.081055 0.390625 0.085938 0.085938
0 0.082520 0.262695 0.073242 0.074219
0 0.084473 0.485352 0.084961 0.085938
0 0.082520 0.897949 0.073242 0.073242
0 0.091309 0.780762 0.073242 0.073242
0 0.182129 0.421875 0.073242 0.074219
0 0.180664 0.326660 0.060547 0.061523
0 0.375488 0.331055 0.084961 0.085938
0 0.174805 0.960449 0.060547 0.061523
0 0.687012 0.486328 0.084961 0.085938
0 0.073242 0.586914 0.097656 0.097656
0 0.075684 0.668945 0.084961 0.085938
0 0.170898 0.837891 0.085938 0.085938
0 0.178711 0.752441 0.097656 0.098633
0 0.177246 0.642578 0.122070 0.123047
0 0.177734 0.538574 0.109375 0.110352
0 0.088867 0.035156 0.048828 0.048828
0 0.084961 0.139648 0.048828 0.048828
0 0.940918 0.895996 0.073242 0.073242
0 0.950684 0.220703 0.084961 0.085938
0 0.873047 0.276367 0.085938 0.085938
0 0.866699 0.392578 0.084961 0.085938
0 0.858398 0.498047 0.097656 0.097656
0 0.853516 0.614746 0.097656 0.098633
0 0.852539 0.719238 0.097656 0.098633
0 0.756348 0.767090 0.084961 0.086914
0 0.768555 0.330078 0.085938 0.085938
0 0.765625 0.440430 0.085938 0.085938
0 0.757812 0.560547 0.085938 0.085938
0 0.684570 0.363770 0.097656 0.098633
0 0.680664 0.272949 0.097656 0.098633
0 0.572266 0.291016 0.085938 0.085938
0 0.375488 0.530273 0.122070 0.123047
1 0.371582 0.649902 0.110352 0.110352
0 0.369629 0.758789 0.122070 0.123047
0 0.248535 0.916016 0.084961 0.085938
0 0.285156 0.488281 0.109375 0.111328
0 0.267090 0.607910 0.122070 0.122070
0 0.274902 0.707031 0.122070 0.123047
0 0.271973 0.810547 0.122070 0.123047
0 0.469727 0.601562 0.109375 0.111328
0 0.469238 0.702148 0.122070 0.123047
0 0.468262 0.814941 0.122070 0.122070
0 0.465332 0.927734 0.122070 0.123047
0 0.551270 0.872070 0.122070 0.123047
0 0.562500 0.756348 0.097656 0.098633
0 0.563965 0.652344 0.084961 0.085938
0 0.559082 0.549805 0.084961 0.085938
0 0.653809 0.934570 0.122070 0.123047
0 0.663086 0.829590 0.097656 0.098633
0 0.752441 0.896973 0.110352 0.110352
1 0.681152 0.698242 0.073242 0.074219