0 0.172852 0.411621 0.060547 0.061523
0 0.281250 0.328613 0.060547 0.061523
0 0.357910 0.380371 0.061523 0.061523
0 0.470215 0.356934 0.061523 0.061523
0 0.084961 0.387695 0.048828 0.048828
0 0.562500 0.349609 0.048828 0.048828
0 0.182617 0.229004 0.060547 0.061523
0 0.087402 0.178223 0.061523 0.061523
0 0.091309 0.275879 0.061523 0.061523
0 0.374023 0.184570 0.048828 0.048828
0 0.293945 0.208984 0.048828 0.048828
0 0.478516 0.179688 0.048828 0.048828
0 0.379883 0.051758 0.048828 0.048828
0 0.474609 0.262695 0.048828 0.048828
0 0.558594 0.261719 0.048828 0.048828
0 0.078613 0.595215 0.061523 0.061523
0 0.468262 0.451660 0.061523 0.061523
0 0.283203 0.540527 0.060547 0.061523
0 0.172363 0.495605 0.061523 0.061523
0 0.170410 0.600098 0.061523 0.061523
0 0.273438 0.951172 0.060547 0.060547
0 0.457520 0.848633 0.073242 0.074219
0 0.280273 0.446777 0.060547 0.061523
0 0.088379 0.502441 0.061523 0.061523
0 0.174316 0.794922 0.073242 0.074219
0 0.279785 0.616699 0.061523 0.061523
0 0.366699 0.793457 0.061523 0.061523
0 0.372070 0.887207 0.060547 0.061523
0 0.367188 0.483887 0.060547 0.061523
0 0.372070 0.579590 0.060547 0.061523
0 0.553223 0.545410 0.061523 0.061523
0 0.552734 0.442871 0.060547 0.061523
0 0.469238 0.530762 0.061523 0.061523
0 0.475586 0.607910 0.048828 0.049805
0 0.559570 0.628418 0.048828 0.049805
0 0.961914 0.416016 0.048828 0.048828
0 0.628906 0.594727 0.048828 0.048828
0 0.638672 0.492188 0.048828 0.048828
0 0.552734 0.797852 0.048828 0.048828
0 0.548828 0.902344 0.048828 0.048828
0 0.457520 0.943359 0.073242 0.074219
0 0.277832 0.833008 0.084961 0.085938
0 0.175293 0.888672 0.084961 0.085938
0 0.083496 0.941895 0.084961 0.086914
0 0.091797 0.849609 0.097656 0.097656
0 0.964844 0.314453 0.048828 0.048828
0 0.875977 0.369141 0.048828 0.048828
0 0.480469 0.083008 0.037109 0.037109
0 0.371094 0.286133 0.048828 0.048828
0 0.296875 0.093750 0.037109 0.037109