0 0.039551 0.054199 0.036133 0.036133
0 0.102539 0.957031 0.048828 0.048828
0 0.031250 0.211426 0.048828 0.049805
0 0.036133 0.292969 0.048828 0.048828
0 0.120605 0.310547 0.036133 0.037109
0 0.495605 0.118652 0.061523 0.061523
0 0.895508 0.533203 0.085938 0.085938
0 0.766602 0.914551 0.048828 0.049805
0 0.896484 0.113770 0.097656 0.098633
0 0.901367 0.233887 0.085938 0.086914
0 0.801270 0.176270 0.122070 0.122070
0 0.711914 0.110840 0.097656 0.098633
0 0.708984 0.235840 0.097656 0.098633
0 0.616211 0.058105 0.097656 0.098633
0 0.895020 0.327148 0.084961 0.085938
0 0.894531 0.440918 0.097656 0.098633
0 0.789062 0.483398 0.085938 0.085938
0 0.800781 0.393555 0.085938 0.085938
0 0.807617 0.283203 0.085938 0.085938
0 0.716797 0.335449 0.097656 0.098633
0 0.521484 0.437988 0.060547 0.061523
0 0.518555 0.337402 0.048828 0.049805
0 0.886719 0.972168 0.037109 0.036133
0 0.891602 0.855469 0.048828 0.048828
0 0.891602 0.750977 0.048828 0.048828
0 0.898438 0.639648 0.048828 0.048828
0 0.780273 0.604980 0.023438 0.024414
0 0.774414 0.708008 0.048828 0.048828
0 0.763672 0.820801 0.037109 0.036133
0 0.695312 0.551758 0.048828 0.048828
0 0.694824 0.667480 0.024414 0.024414
0 0.687988 0.794434 0.024414 0.024414
0 0.681641 0.908691 0.048828 0.049805
0 0.602051 0.604980 0.036133 0.036133
0 0.602051 0.734863 0.024414 0.024414
0 0.596191 0.844238 0.024414 0.024414
0 0.528320 0.534668 0.037109 0.036133
0 0.531250 0.653809 0.048828 0.049805
0 0.525391 0.785156 0.037109 0.037109
0 0.527344 0.887695 0.048828 0.048828
0 0.437988 0.577637 0.036133 0.036133
0 0.604004 0.285156 0.036133 0.037109
0 0.523926 0.219727 0.036133 0.037109
0 0.420898 0.274414 0.037109 0.037109
0 0.323242 0.327637 0.037109 0.036133
0 0.223145 0.374512 0.036133 0.036133
0 0.201660 0.499023 0.036133 0.037109
0 0.317871 0.450684 0.036133 0.036133
0 0.436523 0.393066 0.048828 0.049805
0 0.437500 0.481934 0.037109 0.036133
0 0.698242 0.445312 0.048828 0.048828
0 0.605469 0.382812 0.048828 0.048828
0 0.605957 0.484375 0.036133 0.037109
0 0.142090 0.125488 0.036133 0.036133
0 0.407715 0.043945 0.036133 0.037109
0 0.326172 0.103516 0.037109 0.037109
0 0.420410 0.145020 0.024414 0.024414
0 0.026855 0.522461 0.024414 0.025391
0 0.107910 0.522461 0.036133 0.037109
0 0.270020 0.221191 0.036133 0.036133
0 0.610352 0.170898 0.037109 0.037109
0 0.031738 0.739258 0.036133 0.037109
0 0.036621 0.829102 0.036133 0.037109
0 0.026855 0.922852 0.036133 0.037109
0 0.102539 0.861328 0.037109 0.037109
0 0.102539 0.776367 0.037109 0.037109
0 0.101562 0.703125 0.037109 0.037109
0 0.977051 0.966797 0.036133 0.037109