0 0.218262 0.149414 0.122070 0.123047
0 0.223145 0.257324 0.122070 0.122070
0 0.128418 0.312988 0.110352 0.110352
0 0.129395 0.201660 0.110352 0.110352
0 0.142090 0.089355 0.110352 0.110352
0 0.212402 0.372559 0.122070 0.122070
0 0.133301 0.453125 0.122070 0.123047
0 0.137207 0.554688 0.122070 0.123047
0 0.231934 0.454590 0.110352 0.110352
0 0.320312 0.418457 0.109375 0.110352
0 0.327148 0.296387 0.109375 0.110352
0 0.319336 0.195801 0.109375 0.110352
0 0.324219 0.088379 0.109375 0.110352
0 0.423340 0.134766 0.122070 0.123047
0 0.419434 0.247070 0.122070 0.123047
0 0.421875 0.352051 0.109375 0.110352
0 0.428711 0.447754 0.109375 0.110352
1 0.410645 0.582520 0.122070 0.122070
0 0.508789 0.532715 0.109375 0.110352
0 0.512207 0.412598 0.110352 0.110352
0 0.509277 0.311035 0.110352 0.110352
0 0.516113 0.193359 0.110352 0.111328
0 0.513184 0.088867 0.110352 0.111328
0 0.605469 0.135742 0.109375 0.111328
0 0.607422 0.247070 0.109375 0.111328
0 0.600586 0.355469 0.097656 0.097656
0 0.607422 0.470215 0.097656 0.098633
0 0.605957 0.588379 0.110352 0.110352
0 0.699219 0.637207 0.097656 0.098633
0 0.705078 0.536133 0.097656 0.097656
0 0.693359 0.421875 0.109375 0.111328
0 0.708496 0.301758 0.122070 0.123047
0 0.707520 0.186523 0.073242 0.074219
0 0.699219 0.092285 0.097656 0.098633
0 0.792480 0.152344 0.122070 0.123047
0 0.792480 0.248535 0.110352 0.110352
0 0.789062 0.351562 0.097656 0.097656
0 0.786133 0.471680 0.109375 0.111328
0 0.790039 0.588379 0.109375 0.110352
0 0.897461 0.529297 0.109375 0.111328
0 0.884277 0.421387 0.110352 0.110352
0 0.887207 0.304199 0.110352 0.110352
0 0.892090 0.202637 0.110352 0.110352
0 0.892578 0.081543 0.109375 0.110352
0 0.880371 0.640625 0.110352 0.111328
0 0.879883 0.746094 0.109375 0.111328
0 0.875000 0.856445 0.109375 0.111328
0 0.791016 0.686523 0.109375 0.111328
0 0.784180 0.802246 0.109375 0.110352
0 0.786621 0.902832 0.110352 0.110352
0 0.692383 0.745605 0.097656 0.098633
0 0.696289 0.850098 0.097656 0.098633
0 0.602539 0.688965 0.097656 0.098633
0 0.596191 0.794434 0.110352 0.110352
0 0.591797 0.912598 0.109375 0.110352
0 0.507812 0.633301 0.097656 0.098633
0 0.506836 0.743652 0.109375 0.110352
0 0.507812 0.851074 0.109375 0.110352
1 0.416016 0.682129 0.097656 0.098633
0 0.418457 0.790527 0.110352 0.110352
0 0.415527 0.914551 0.110352 0.110352
0 0.328125 0.645020 0.097656 0.098633
0 0.316406 0.740723 0.097656 0.098633
0 0.312500 0.858887 0.097656 0.098633
0 0.222168 0.705078 0.122070 0.123047
0 0.220703 0.792480 0.097656 0.098633
0 0.218750 0.904297 0.097656 0.097656
0 0.118652 0.756836 0.122070 0.123047