0 0.060547 0.430176 0.048828 0.049805
0 0.155273 0.508301 0.048828 0.049805
0 0.052734 0.661621 0.048828 0.049805
0 0.153809 0.603027 0.036133 0.036133
0 0.145508 0.760254 0.048828 0.049805
0 0.045898 0.797852 0.048828 0.048828
0 0.150391 0.841797 0.048828 0.048828
0 0.136719 0.925781 0.048828 0.048828
0 0.234863 0.859375 0.036133 0.037109
0 0.609863 0.667480 0.061523 0.061523
0 0.443359 0.104980 0.097656 0.098633
0 0.340820 0.172363 0.097656 0.098633
0 0.354492 0.053711 0.085938 0.085938
0 0.247070 0.110840 0.097656 0.098633
0 0.254395 0.217285 0.084961 0.086914
0 0.158691 0.060059 0.110352 0.110352
0 0.055664 0.110840 0.109375 0.110352
0 0.541992 0.170410 0.097656 0.098633
0 0.439453 0.219727 0.085938 0.085938
0 0.540527 0.282715 0.110352 0.110352
0 0.633301 0.220703 0.084961 0.085938
0 0.636719 0.119629 0.097656 0.098633
0 0.735352 0.057617 0.085938 0.085938
0 0.738281 0.156738 0.097656 0.098633
0 0.734375 0.278809 0.097656 0.098633
0 0.828613 0.217773 0.122070 0.123047
0 0.825684 0.113281 0.122070 0.123047
0 0.924316 0.065430 0.122070 0.123047
0 0.916504 0.169434 0.110352 0.110352
0 0.917480 0.280273 0.122070 0.123047
0 0.918457 0.385254 0.110352 0.110352
0 0.915527 0.500488 0.110352 0.110352
0 0.915527 0.608887 0.122070 0.122070
0 0.915527 0.725098 0.122070 0.122070
0 0.822266 0.331543 0.109375 0.110352
0 0.818359 0.429199 0.097656 0.098633
0 0.829102 0.543457 0.097656 0.098633
0 0.826172 0.659668 0.097656 0.098633
0 0.823242 0.784668 0.097656 0.098633
0 0.723633 0.385254 0.097656 0.098633
0 0.725586 0.488770 0.097656 0.098633
0 0.730469 0.606934 0.097656 0.098633
0 0.634277 0.325684 0.084961 0.086914
0 0.524414 0.382324 0.048828 0.049805
0 0.443359 0.340332 0.097656 0.098633
0 0.915039 0.942383 0.085938 0.085938
0 0.921875 0.832031 0.085938 0.085938
0 0.831055 0.884277 0.097656 0.098633
0 0.632812 0.886230 0.048828 0.049805
0 0.718262 0.833984 0.036133 0.037109
0 0.638184 0.768555 0.036133 0.037109
0 0.535156 0.823242 0.037109 0.037109
0 0.437500 0.876465 0.037109 0.036133
0 0.337402 0.923340 0.036133 0.036133
0 0.550781 0.941895 0.048828 0.049805
0 0.719727 0.931641 0.048828 0.048828
0 0.065430 0.536621 0.048828 0.049805
0 0.256348 0.674316 0.036133 0.036133
0 0.323242 0.509766 0.037109 0.037109
0 0.471680 0.466797 0.037109 0.037109
0 0.521973 0.592773 0.036133 0.037109
0 0.629883 0.448242 0.037109 0.037109
0 0.440430 0.652344 0.037109 0.037109
0 0.534668 0.693848 0.024414 0.024414
0 0.226074 0.554688 0.036133 0.037109
0 0.051758 0.891602 0.037109 0.037109
0 0.384277 0.770020 0.036133 0.036133
0 0.724609 0.719727 0.037109 0.037109
0 0.348633 0.281250 0.097656 0.097656