0 0.226562 0.775391 0.085938 0.085938
0 0.070801 0.303711 0.084961 0.085938
0 0.891113 0.717773 0.084961 0.085938
0 0.894043 0.603516 0.122070 0.123047
0 0.890137 0.501953 0.122070 0.123047
0 0.894043 0.374512 0.122070 0.122070
0 0.896973 0.274414 0.122070 0.123047
0 0.901855 0.168945 0.122070 0.123047
0 0.895996 0.090820 0.122070 0.123047
0 0.802246 0.110352 0.122070 0.123047
0 0.812988 0.218262 0.122070 0.122070
0 0.801270 0.333984 0.122070 0.123047
0 0.797363 0.436523 0.122070 0.123047
0 0.794434 0.551270 0.110352 0.110352
0 0.799316 0.651855 0.110352 0.110352
0 0.795410 0.761719 0.122070 0.123047
0 0.703613 0.811523 0.110352 0.111328
0 0.704590 0.716797 0.122070 0.123047
0 0.707520 0.583984 0.084961 0.085938
0 0.705078 0.482422 0.085938 0.085938
0 0.715332 0.383789 0.084961 0.085938
0 0.715820 0.268555 0.085938 0.085938
0 0.722168 0.148438 0.084961 0.085938
0 0.721191 0.051758 0.084961 0.085938
0 0.619141 0.099609 0.097656 0.097656
0 0.617676 0.219727 0.084961 0.085938
0 0.617188 0.323730 0.097656 0.098633
0 0.612305 0.431152 0.097656 0.098633
0 0.609375 0.528809 0.097656 0.098633
0 0.615723 0.655273 0.122070 0.123047
0 0.601074 0.768555 0.122070 0.123047
0 0.512207 0.704590 0.122070 0.122070
0 0.520020 0.595215 0.122070 0.122070
0 0.518066 0.484375 0.122070 0.123047
0 0.525879 0.163086 0.122070 0.123047
0 0.526855 0.272461 0.122070 0.123047
0 0.530762 0.384766 0.122070 0.123047
0 0.441895 0.099609 0.122070 0.123047
0 0.437012 0.221680 0.122070 0.123047
0 0.430176 0.322266 0.122070 0.123047
0 0.431152 0.432617 0.122070 0.123047
0 0.427246 0.538086 0.122070 0.123047
0 0.415527 0.650879 0.110352 0.110352
0 0.416504 0.770508 0.122070 0.123047
0 0.324707 0.713379 0.073242 0.073242
0 0.333008 0.579590 0.109375 0.110352
0 0.336914 0.475098 0.109375 0.110352
0 0.336914 0.376465 0.109375 0.110352
0 0.341309 0.269531 0.122070 0.123047
0 0.338867 0.157715 0.097656 0.098633
0 0.256836 0.093750 0.085938 0.085938
0 0.250488 0.209961 0.084961 0.085938
0 0.242188 0.315430 0.097656 0.097656
0 0.237305 0.432129 0.097656 0.098633
0 0.236328 0.536621 0.097656 0.098633
0 0.140137 0.584473 0.084961 0.086914
0 0.152344 0.147461 0.085938 0.085938
0 0.149414 0.257812 0.085938 0.085938
0 0.141602 0.377930 0.085938 0.085938
0 0.068359 0.181152 0.097656 0.098633
0 0.064453 0.090332 0.097656 0.098633
0 0.136230 0.714355 0.110352 0.110352
0 0.791504 0.876953 0.084961 0.085938
0 0.894531 0.927246 0.097656 0.098633
0 0.136230 0.808594 0.122070 0.123047
0 0.137207 0.922852 0.122070 0.123047
0 0.229980 0.864258 0.122070 0.123047
0 0.317383 0.918945 0.097656 0.097656
0 0.515137 0.929688 0.122070 0.123047
0 0.512207 0.833008 0.122070 0.123047
0 0.599609 0.859375 0.097656 0.097656
0 0.694336 0.944336 0.085938 0.085938
1 0.064941 0.515625 0.073242 0.074219