0 0.218262 0.059082 0.061523 0.061523
0 0.211426 0.468750 0.073242 0.074219
0 0.046387 0.076660 0.061523 0.061523
0 0.141113 0.317871 0.061523 0.061523
0 0.207520 0.908691 0.061523 0.061523
0 0.583496 0.173340 0.061523 0.061523
0 0.305176 0.327148 0.084961 0.085938
0 0.877441 0.342773 0.073242 0.074219
0 0.876465 0.448242 0.073242 0.074219
0 0.871582 0.558594 0.122070 0.123047
0 0.867676 0.664062 0.122070 0.123047
0 0.874023 0.783691 0.109375 0.110352
0 0.875488 0.893555 0.122070 0.123047
0 0.779785 0.379883 0.122070 0.123047
0 0.777832 0.492676 0.110352 0.110352
0 0.772461 0.593262 0.097656 0.098633
0 0.780273 0.708496 0.109375 0.110352
0 0.767090 0.827148 0.122070 0.123047
0 0.761719 0.928711 0.097656 0.097656
0 0.675781 0.864746 0.097656 0.098633
0 0.679199 0.763184 0.110352 0.110352
0 0.682129 0.649902 0.110352 0.110352
0 0.675781 0.546387 0.109375 0.110352
0 0.688965 0.436523 0.122070 0.123047
0 0.688965 0.330078 0.073242 0.074219
0 0.592285 0.376953 0.073242 0.074219
0 0.590332 0.491211 0.073242 0.074219
0 0.591797 0.587402 0.097656 0.098633
0 0.582520 0.695801 0.110352 0.110352
0 0.581055 0.809082 0.109375 0.110352
0 0.584961 0.920898 0.085938 0.085938
0 0.493652 0.857910 0.073242 0.073242
0 0.498535 0.756348 0.110352 0.110352
0 0.501465 0.632812 0.122070 0.123047
0 0.500000 0.528809 0.109375 0.110352
0 0.500977 0.434082 0.097656 0.098633
0 0.499023 0.325684 0.097656 0.098633
0 0.402832 0.378906 0.122070 0.123047
0 0.406738 0.470215 0.122070 0.122070
0 0.401855 0.574707 0.110352 0.110352
0 0.391113 0.687500 0.110352 0.111328
0 0.392578 0.807129 0.109375 0.110352
0 0.395020 0.915527 0.110352 0.110352
0 0.304199 0.868164 0.073242 0.074219
0 0.307129 0.750977 0.084961 0.085938
0 0.306152 0.627930 0.084961 0.085938
0 0.304688 0.526367 0.085938 0.085938
0 0.317871 0.426270 0.110352 0.110352
0 0.215820 0.372559 0.085938 0.086914
0 0.216797 0.579102 0.085938 0.085938
0 0.211914 0.692383 0.097656 0.097656
0 0.210449 0.804688 0.084961 0.085938
0 0.115723 0.846191 0.110352 0.110352
0 0.125000 0.729980 0.097656 0.098633
0 0.132812 0.631348 0.109375 0.110352
0 0.127930 0.546387 0.109375 0.110352
0 0.133301 0.421875 0.110352 0.111328
0 0.892578 0.134277 0.097656 0.098633
0 0.795898 0.086426 0.109375 0.110352
0 0.696777 0.117676 0.110352 0.110352
0 0.602539 0.083496 0.097656 0.098633
0 0.502930 0.145508 0.085938 0.085938
0 0.417480 0.071777 0.110352 0.110352
0 0.313965 0.136719 0.073242 0.074219
0 0.227051 0.140625 0.073242 0.074219
0 0.133789 0.096191 0.097656 0.098633