0 0.292480 0.832031 0.073242 0.074219
0 0.113281 0.939453 0.048828 0.048828
0 0.959473 0.557617 0.073242 0.074219
0 0.867188 0.618164 0.097656 0.097656
0 0.863770 0.747070 0.122070 0.123047
0 0.864258 0.843262 0.109375 0.110352
0 0.772949 0.889160 0.110352 0.110352
0 0.773438 0.775879 0.109375 0.110352
0 0.769531 0.665527 0.109375 0.110352
0 0.772461 0.560547 0.097656 0.097656
0 0.674316 0.616699 0.110352 0.110352
0 0.680664 0.727051 0.097656 0.098633
0 0.671875 0.848145 0.097656 0.098633
0 0.585449 0.567871 0.110352 0.110352
0 0.575684 0.670410 0.110352 0.110352
0 0.572754 0.785645 0.110352 0.110352
0 0.581055 0.887207 0.109375 0.110352
0 0.486328 0.620605 0.109375 0.110352
0 0.484375 0.727051 0.109375 0.110352
0 0.482422 0.843262 0.109375 0.110352
0 0.390625 0.675293 0.097656 0.098633
0 0.382812 0.781738 0.109375 0.110352
0 0.380371 0.889160 0.110352 0.110352
0 0.295410 0.617188 0.084961 0.085938
0 0.285645 0.732910 0.110352 0.110352
0 0.294434 0.944336 0.073242 0.074219
0 0.205566 0.564941 0.110352 0.110352
0 0.191895 0.663574 0.110352 0.110352
0 0.192871 0.766602 0.073242 0.074219
0 0.193359 0.867188 0.085938 0.085938
0 0.115234 0.846680 0.037109 0.037109
0 0.021973 0.907227 0.036133 0.037109
0 0.118164 0.622559 0.109375 0.110352
0 0.107422 0.722656 0.109375 0.111328
0 0.875488 0.079590 0.110352 0.110352
0 0.869141 0.187988 0.097656 0.098633
0 0.779297 0.129395 0.097656 0.098633
0 0.680664 0.077637 0.109375 0.110352
0 0.676758 0.181641 0.097656 0.097656
0 0.588379 0.125000 0.110352 0.111328
0 0.496582 0.060547 0.110352 0.111328
0 0.870605 0.305176 0.110352 0.110352
0 0.872070 0.404297 0.097656 0.097656
0 0.859375 0.510742 0.109375 0.111328
0 0.779297 0.251953 0.097656 0.097656
0 0.775391 0.356445 0.097656 0.097656
0 0.766602 0.462891 0.109375 0.111328
0 0.682617 0.290039 0.097656 0.097656
0 0.674805 0.400391 0.109375 0.111328
0 0.669434 0.496582 0.110352 0.110352
0 0.580566 0.237305 0.110352 0.111328
0 0.585449 0.456543 0.110352 0.110352
0 0.587402 0.340332 0.110352 0.110352
0 0.485840 0.290039 0.122070 0.123047
0 0.491699 0.406250 0.122070 0.123047
0 0.485840 0.506348 0.122070 0.122070
0 0.482910 0.182129 0.110352 0.110352
0 0.386230 0.128418 0.110352 0.110352
0 0.397461 0.235840 0.109375 0.110352
0 0.387695 0.342285 0.109375 0.110352
0 0.387695 0.450684 0.109375 0.110352
0 0.386719 0.560059 0.109375 0.110352
0 0.109863 0.175293 0.110352 0.110352
0 0.117676 0.069824 0.110352 0.110352
0 0.211426 0.129395 0.110352 0.110352
0 0.295898 0.177246 0.109375 0.110352
0 0.296875 0.058105 0.109375 0.110352
1 0.303223 0.290527 0.110352 0.110352
0 0.308105 0.391113 0.084961 0.086914
0 0.300293 0.518066 0.110352 0.110352
0 0.207520 0.244629 0.110352 0.110352
0 0.203613 0.347168 0.110352 0.110352
0 0.207031 0.458496 0.097656 0.098633
0 0.117188 0.288574 0.109375 0.110352
0 0.116211 0.404785 0.097656 0.098633
0 0.113281 0.515137 0.109375 0.110352