0 0.666016 0.499023 0.048828 0.048828
0 0.745117 0.564453 0.048828 0.048828
0 0.928223 0.548340 0.061523 0.061523
0 0.748047 0.439941 0.060547 0.061523
0 0.672852 0.288086 0.048828 0.048828
0 0.675781 0.086914 0.048828 0.048828
0 0.671875 0.194336 0.048828 0.048828
0 0.667969 0.403809 0.060547 0.061523
0 0.941406 0.252441 0.060547 0.061523
0 0.857422 0.070312 0.048828 0.048828
0 0.746094 0.135742 0.037109 0.037109
0 0.946289 0.141602 0.060547 0.060547
0 0.949707 0.064941 0.061523 0.061523
0 0.745117 0.352051 0.060547 0.061523
0 0.737305 0.249023 0.048828 0.048828
0 0.937012 0.339844 0.073242 0.074219
0 0.553711 0.532715 0.048828 0.049805
0 0.557617 0.436035 0.048828 0.049805
0 0.458008 0.374512 0.048828 0.049805
0 0.468750 0.067871 0.048828 0.049805
0 0.464355 0.473145 0.061523 0.061523
0 0.357422 0.110840 0.060547 0.061523
0 0.462891 0.266602 0.048828 0.048828
0 0.354492 0.359863 0.048828 0.049805
0 0.365234 0.440918 0.048828 0.049805
0 0.365234 0.536621 0.048828 0.049805
0 0.258789 0.575195 0.048828 0.048828
0 0.462891 0.574707 0.048828 0.049805
0 0.556641 0.249512 0.060547 0.061523
0 0.465820 0.166504 0.048828 0.049805
0 0.554688 0.131348 0.048828 0.049805
0 0.924316 0.654785 0.061523 0.061523
0 0.936523 0.447266 0.048828 0.048828
0 0.853516 0.502930 0.048828 0.048828
0 0.848633 0.601074 0.060547 0.061523
0 0.861328 0.291016 0.048828 0.048828
0 0.659668 0.604004 0.024414 0.024414
0 0.557129 0.347656 0.036133 0.037109
0 0.367188 0.634766 0.048828 0.048828
0 0.261719 0.473633 0.048828 0.048828
0 0.172852 0.528320 0.048828 0.048828
0 0.857910 0.156738 0.024414 0.024414
0 0.864746 0.386230 0.024414 0.024414
0 0.048828 0.120117 0.037109 0.037109
0 0.115234 0.116211 0.048828 0.048828
0 0.262207 0.058594 0.036133 0.037109
0 0.566895 0.637207 0.024414 0.024414