0 0.349121 0.134766 0.073242 0.074219
0 0.345215 0.574707 0.061523 0.061523
0 0.071289 0.516602 0.085938 0.085938
0 0.066895 0.946289 0.073242 0.074219
0 0.915527 0.158691 0.110352 0.110352
0 0.910156 0.259277 0.097656 0.098633
0 0.917969 0.374512 0.109375 0.110352
0 0.904785 0.493164 0.122070 0.123047
0 0.899414 0.594727 0.097656 0.097656
0 0.907227 0.693359 0.097656 0.097656
0 0.812500 0.759766 0.097656 0.097656
0 0.813477 0.634766 0.097656 0.097656
0 0.813477 0.530762 0.097656 0.098633
0 0.816895 0.429199 0.110352 0.110352
0 0.819824 0.315918 0.110352 0.110352
0 0.813477 0.212402 0.109375 0.110352
0 0.826660 0.102539 0.122070 0.123047
0 0.729980 0.042969 0.073242 0.074219
0 0.728027 0.157227 0.073242 0.074219
0 0.729492 0.253418 0.097656 0.098633
0 0.720215 0.361816 0.110352 0.110352
0 0.718750 0.475098 0.109375 0.110352
0 0.722656 0.586914 0.085938 0.085938
0 0.714844 0.706543 0.097656 0.098633
0 0.624023 0.751465 0.109375 0.110352
0 0.617676 0.651367 0.122070 0.123047
0 0.631348 0.523926 0.073242 0.073242
0 0.636230 0.422363 0.110352 0.110352
0 0.639160 0.298828 0.122070 0.123047
0 0.637695 0.194824 0.109375 0.110352
0 0.638672 0.100098 0.097656 0.098633
0 0.544434 0.136230 0.122070 0.122070
0 0.539551 0.240723 0.110352 0.110352
0 0.528809 0.353516 0.110352 0.111328
0 0.530273 0.473145 0.109375 0.110352
0 0.532715 0.581543 0.110352 0.110352
0 0.532715 0.690430 0.110352 0.111328
0 0.437988 0.737305 0.110352 0.111328
0 0.438477 0.635742 0.085938 0.085938
0 0.441895 0.534180 0.073242 0.074219
0 0.444824 0.416992 0.084961 0.085938
0 0.443848 0.293945 0.084961 0.085938
0 0.442383 0.192383 0.085938 0.085938
0 0.455566 0.092285 0.110352 0.110352
0 0.354492 0.245117 0.085938 0.085938
0 0.349609 0.358398 0.097656 0.097656
0 0.348145 0.470703 0.084961 0.085938
0 0.345215 0.692871 0.110352 0.110352
0 0.249512 0.740723 0.110352 0.110352
0 0.251953 0.627441 0.109375 0.110352
0 0.253418 0.512207 0.110352 0.110352
0 0.262695 0.395996 0.097656 0.098633
0 0.270508 0.297363 0.109375 0.110352
0 0.265625 0.212402 0.109375 0.110352
0 0.270996 0.087891 0.110352 0.111328
0 0.176270 0.148926 0.110352 0.110352
0 0.167480 0.247559 0.110352 0.110352
0 0.164551 0.364746 0.110352 0.110352
0 0.158203 0.463867 0.085938 0.085938
0 0.171875 0.578125 0.109375 0.111328
0 0.168945 0.671875 0.097656 0.097656
0 0.064453 0.725098 0.085938 0.086914
0 0.063477 0.625977 0.085938 0.085938
0 0.064941 0.423340 0.110352 0.110352
0 0.071777 0.295898 0.110352 0.111328
0 0.086914 0.185059 0.097656 0.098633
0 0.082031 0.084961 0.097656 0.097656
1 0.064941 0.844727 0.073242 0.074219
0 0.158691 0.804688 0.084961 0.085938
0 0.162598 0.907227 0.122070 0.123047
0 0.244141 0.853027 0.109375 0.110352
0 0.343262 0.906250 0.073242 0.074219
0 0.444336 0.856934 0.109375 0.110352
0 0.437988 0.942871 0.073242 0.073242
0 0.528320 0.803711 0.109375 0.111328
0 0.534668 0.913086 0.122070 0.123047
0 0.620605 0.853516 0.122070 0.123047
0 0.709473 0.794434 0.110352 0.110352
0 0.707031 0.922363 0.097656 0.098633
0 0.810547 0.861328 0.097656 0.097656
0 0.900391 0.802734 0.097656 0.097656
0 0.901855 0.919922 0.110352 0.111328
0 0.341797 0.796875 0.109375 0.111328