0 0.596680 0.968750 0.048828 0.048828
0 0.695801 0.958984 0.036133 0.037109
0 0.777344 0.933594 0.037109 0.037109
0 0.877441 0.824707 0.073242 0.073242
0 0.956543 0.649902 0.061523 0.061523
0 0.878906 0.731934 0.048828 0.049805
0 0.966309 0.554199 0.061523 0.061523
0 0.694824 0.065430 0.122070 0.123047
0 0.877441 0.067383 0.122070 0.123047
0 0.217285 0.115723 0.110352 0.110352
0 0.121582 0.071777 0.110352 0.110352
0 0.128418 0.167480 0.110352 0.110352
0 0.121582 0.289062 0.122070 0.123047
0 0.117676 0.397461 0.122070 0.123047
0 0.116211 0.515137 0.109375 0.110352
0 0.223145 0.441406 0.122070 0.123047
0 0.216309 0.345703 0.122070 0.123047
0 0.218750 0.213379 0.097656 0.098633
0 0.307129 0.074707 0.122070 0.122070
0 0.306152 0.186523 0.122070 0.123047
0 0.308105 0.288086 0.122070 0.123047
0 0.304199 0.392578 0.122070 0.123047
0 0.300293 0.510742 0.122070 0.123047
0 0.399902 0.461914 0.122070 0.123047
0 0.399902 0.347656 0.122070 0.123047
0 0.405762 0.232910 0.122070 0.122070
0 0.405762 0.123535 0.122070 0.122070
0 0.507324 0.172852 0.122070 0.123047
0 0.503418 0.282715 0.122070 0.122070
0 0.503418 0.393555 0.122070 0.123047
0 0.502441 0.506836 0.122070 0.123047
0 0.596191 0.474121 0.122070 0.122070
0 0.608398 0.355957 0.097656 0.098633
0 0.598145 0.252930 0.122070 0.123047
0 0.604980 0.124023 0.122070 0.123047
0 0.691895 0.185547 0.122070 0.123047
0 0.686035 0.286133 0.122070 0.123047
0 0.693848 0.405273 0.122070 0.123047
0 0.778809 0.455078 0.122070 0.123047
0 0.786621 0.343750 0.122070 0.123047
0 0.781738 0.225586 0.122070 0.123047
0 0.785156 0.123047 0.097656 0.097656
0 0.881348 0.165039 0.122070 0.123047
0 0.877441 0.306641 0.122070 0.123047
0 0.875977 0.406738 0.097656 0.098633
0 0.888184 0.521484 0.122070 0.123047
0 0.685059 0.494629 0.084961 0.086914
0 0.880859 0.619629 0.109375 0.110352
0 0.787109 0.556152 0.109375 0.110352
0 0.786621 0.658691 0.110352 0.110352
0 0.780762 0.833496 0.122070 0.122070
0 0.681641 0.845215 0.097656 0.098633
0 0.678223 0.742676 0.110352 0.110352
0 0.687500 0.615723 0.097656 0.098633
0 0.588867 0.614746 0.097656 0.098633
0 0.589355 0.754883 0.122070 0.123047
0 0.588867 0.889160 0.109375 0.110352
0 0.500977 0.617676 0.097656 0.098633
0 0.499512 0.721680 0.122070 0.123047
0 0.500000 0.839355 0.097656 0.098633
0 0.404785 0.907227 0.110352 0.111328
0 0.391602 0.565918 0.097656 0.098633
0 0.403320 0.679199 0.097656 0.098633
0 0.395508 0.785156 0.097656 0.097656
0 0.307617 0.613770 0.097656 0.098633
0 0.310547 0.725586 0.097656 0.097656
0 0.307617 0.838867 0.109375 0.111328
0 0.313477 0.934570 0.085938 0.085938
0 0.230957 0.619141 0.122070 0.123047
0 0.219727 0.760742 0.109375 0.111328
0 0.216309 0.882812 0.122070 0.123047
0 0.115234 0.608398 0.097656 0.097656
0 0.124023 0.713867 0.097656 0.097656
0 0.118164 0.841309 0.097656 0.098633
0 0.120605 0.943848 0.110352 0.110352
0 0.956543 0.770996 0.036133 0.036133
0 0.960449 0.878418 0.036133 0.036133
0 0.500000 0.963867 0.048828 0.048828