0 0.562012 0.207031 0.073242 0.074219
0 0.931641 0.187988 0.048828 0.049805
0 0.845703 0.200684 0.060547 0.061523
0 0.843750 0.889160 0.060547 0.061523
0 0.485352 0.897461 0.048828 0.048828
0 0.564453 0.962891 0.048828 0.048828
0 0.747559 0.946777 0.061523 0.061523
0 0.567383 0.838379 0.060547 0.061523
0 0.492188 0.686523 0.048828 0.048828
0 0.495117 0.485352 0.048828 0.048828
0 0.491211 0.592773 0.048828 0.048828
0 0.487305 0.802246 0.060547 0.061523
0 0.760742 0.650879 0.060547 0.061523
0 0.846680 0.408691 0.060547 0.061523
0 0.931641 0.312012 0.060547 0.061523
0 0.849609 0.295410 0.060547 0.061523
0 0.490723 0.369629 0.061523 0.061523
0 0.676758 0.468750 0.048828 0.048828
0 0.565430 0.534180 0.037109 0.037109
0 0.675781 0.375000 0.048828 0.048828
0 0.853516 0.502930 0.048828 0.048828
0 0.765625 0.540039 0.060547 0.060547
0 0.565918 0.419922 0.073242 0.074219
0 0.769043 0.463379 0.061523 0.061523
0 0.564453 0.750488 0.060547 0.061523
0 0.921875 0.534180 0.048828 0.048828
0 0.836914 0.791016 0.048828 0.048828
0 0.556641 0.647461 0.048828 0.048828
0 0.756348 0.738281 0.073242 0.074219
0 0.565918 0.318359 0.073242 0.074219
0 0.373047 0.931152 0.048828 0.049805
0 0.376953 0.834473 0.048828 0.049805
0 0.277344 0.772949 0.048828 0.049805
0 0.288086 0.466309 0.048828 0.049805
0 0.283691 0.871582 0.061523 0.061523
0 0.378418 0.414551 0.061523 0.061523
0 0.176758 0.509277 0.060547 0.061523
0 0.282227 0.665039 0.048828 0.048828
0 0.173828 0.758301 0.048828 0.049805
0 0.184570 0.839355 0.048828 0.049805
0 0.184570 0.935059 0.048828 0.049805
0 0.078125 0.973633 0.048828 0.048828
0 0.282227 0.973145 0.048828 0.049805
0 0.375977 0.647949 0.060547 0.061523
0 0.285156 0.564941 0.048828 0.049805
0 0.180664 0.429199 0.060547 0.061523
0 0.285156 0.368164 0.037109 0.037109
0 0.374023 0.529785 0.048828 0.049805
0 0.180664 0.307129 0.048828 0.049805
0 0.387207 0.312500 0.036133 0.037109
0 0.687012 0.096191 0.061523 0.061523
0 0.571289 0.102539 0.048828 0.048828
0 0.920898 0.836914 0.048828 0.048828
0 0.930664 0.949219 0.037109 0.037109
0 0.845703 0.698242 0.037109 0.037109
0 0.755859 0.845703 0.048828 0.048828
0 0.672852 0.901367 0.048828 0.048828
0 0.680664 0.689453 0.048828 0.048828
0 0.376465 0.746094 0.036133 0.037109
0 0.081055 0.872070 0.048828 0.048828
0 0.935547 0.084473 0.048828 0.049805
0 0.849609 0.082520 0.048828 0.049805
0 0.920898 0.416016 0.037109 0.037109
0 0.769531 0.060059 0.048828 0.049805
0 0.764160 0.163574 0.061523 0.061523
0 0.767578 0.244141 0.048828 0.048828
0 0.769531 0.326172 0.048828 0.048828
0 0.677734 0.263672 0.048828 0.048828
0 0.682617 0.170898 0.048828 0.048828
0 0.493652 0.031738 0.024414 0.024414
0 0.498535 0.156738 0.024414 0.024414
0 0.500488 0.271484 0.024414 0.025391
0 0.384277 0.198730 0.024414 0.024414
0 0.848633 0.604492 0.048828 0.048828
0 0.924805 0.635742 0.037109 0.037109
0 0.677246 0.555176 0.024414 0.024414
0 0.684082 0.784668 0.024414 0.024414
0 0.081543 0.350098 0.024414 0.024414
0 0.081543 0.457031 0.036133 0.037109
0 0.085938 0.237793 0.037109 0.036133
0 0.090820 0.121094 0.048828 0.048828
0 0.292480 0.145020 0.024414 0.024414
0 0.176270 0.232422 0.036133 0.037109