1 0.179688 0.412598 0.097656 0.098633
0 0.931152 0.957031 0.073242 0.074219
0 0.558105 0.083008 0.110352 0.111328
0 0.374023 0.082520 0.109375 0.110352
0 0.181152 0.077637 0.110352 0.110352
0 0.936035 0.088379 0.110352 0.110352
0 0.937500 0.308105 0.109375 0.110352
0 0.934082 0.421387 0.122070 0.122070
0 0.940430 0.528809 0.109375 0.110352
0 0.849609 0.145996 0.109375 0.110352
0 0.846680 0.254395 0.097656 0.098633
0 0.852539 0.346191 0.097656 0.098633
0 0.847168 0.479004 0.110352 0.110352
0 0.840820 0.587402 0.097656 0.098633
0 0.749023 0.088379 0.097656 0.098633
0 0.759766 0.202637 0.097656 0.098633
0 0.752441 0.312012 0.110352 0.110352
0 0.747559 0.431152 0.110352 0.110352
0 0.750977 0.528809 0.097656 0.098633
0 0.656738 0.145996 0.110352 0.110352
0 0.657715 0.256348 0.110352 0.110352
0 0.655273 0.371582 0.109375 0.110352
0 0.652344 0.477051 0.109375 0.110352
0 0.648438 0.581055 0.097656 0.097656
0 0.557129 0.203125 0.122070 0.123047
0 0.558594 0.309082 0.109375 0.110352
0 0.557617 0.417480 0.109375 0.110352
0 0.560059 0.524414 0.110352 0.111328
0 0.468262 0.459961 0.110352 0.111328
0 0.468262 0.362305 0.073242 0.074219
0 0.473145 0.258789 0.122070 0.123047
0 0.468750 0.135254 0.109375 0.110352
0 0.931152 0.630371 0.110352 0.110352
0 0.924316 0.752930 0.122070 0.123047
0 0.934082 0.846680 0.122070 0.123047
0 0.842285 0.704590 0.110352 0.110352
0 0.843750 0.803711 0.097656 0.097656
0 0.831055 0.910156 0.109375 0.111328
0 0.750977 0.651367 0.097656 0.097656
0 0.747070 0.755859 0.097656 0.097656
0 0.738281 0.862305 0.109375 0.111328
0 0.654297 0.689453 0.097656 0.097656
0 0.646484 0.799805 0.109375 0.111328
0 0.641113 0.895996 0.110352 0.110352
0 0.552246 0.636719 0.110352 0.111328
0 0.557129 0.855957 0.110352 0.110352
0 0.559082 0.739746 0.110352 0.110352
0 0.457520 0.689453 0.122070 0.123047
0 0.463379 0.805664 0.122070 0.123047
0 0.457520 0.905762 0.122070 0.122070
0 0.454590 0.581543 0.110352 0.110352
0 0.357910 0.527832 0.110352 0.110352
0 0.369141 0.635254 0.109375 0.110352
0 0.359375 0.741699 0.109375 0.110352
0 0.359375 0.850098 0.109375 0.110352
0 0.081543 0.574707 0.110352 0.110352
0 0.089355 0.469238 0.110352 0.110352
0 0.085449 0.354980 0.110352 0.110352
0 0.079590 0.259277 0.110352 0.110352
0 0.084961 0.131836 0.109375 0.111328
0 0.182617 0.190430 0.109375 0.111328
0 0.184570 0.299316 0.109375 0.110352
0 0.183105 0.528809 0.110352 0.110352
0 0.267578 0.576660 0.109375 0.110352
0 0.268555 0.457520 0.109375 0.110352
0 0.275391 0.363281 0.109375 0.111328
0 0.272461 0.243164 0.097656 0.097656
0 0.276855 0.130859 0.110352 0.111328
0 0.372559 0.188965 0.110352 0.110352
0 0.369141 0.299805 0.097656 0.097656
0 0.369629 0.414062 0.110352 0.111328
1 0.274902 0.689941 0.110352 0.110352
0 0.279785 0.790527 0.084961 0.086914
0 0.271973 0.917480 0.110352 0.110352
0 0.179199 0.644043 0.110352 0.110352
0 0.175293 0.746582 0.110352 0.110352
0 0.178711 0.857910 0.097656 0.098633
0 0.088867 0.687988 0.109375 0.110352
0 0.087891 0.804199 0.097656 0.098633
0 0.084961 0.914551 0.109375 0.110352