0 0.081543 0.564941 0.061523 0.061523
0 0.083984 0.459961 0.048828 0.048828
0 0.087891 0.295898 0.048828 0.048828
0 0.089844 0.375977 0.048828 0.048828
0 0.086914 0.195312 0.048828 0.048828
0 0.077148 0.683594 0.048828 0.048828
0 0.195801 0.547852 0.061523 0.060547
0 0.567383 0.579590 0.060547 0.061523
0 0.291016 0.567383 0.048828 0.048828
0 0.675781 0.496582 0.060547 0.061523
0 0.390625 0.500977 0.048828 0.048828
0 0.752441 0.548340 0.061523 0.061523
0 0.398438 0.591797 0.048828 0.048828
0 0.864746 0.524902 0.061523 0.061523
0 0.479492 0.555664 0.048828 0.048828
0 0.287109 0.442383 0.048828 0.048828
0 0.957031 0.517578 0.048828 0.048828
0 0.577148 0.396973 0.060547 0.061523
0 0.481934 0.346191 0.061523 0.061523
0 0.485840 0.443848 0.061523 0.061523
0 0.768555 0.352539 0.048828 0.048828
0 0.688477 0.376953 0.048828 0.048828
0 0.579102 0.037598 0.048828 0.049805
0 0.578125 0.138184 0.048828 0.049805
0 0.207031 0.422852 0.048828 0.048828
0 0.873047 0.347656 0.048828 0.048828
0 0.774414 0.219727 0.048828 0.048828
0 0.869141 0.430664 0.048828 0.048828
0 0.953125 0.429688 0.048828 0.048828
0 0.473145 0.763184 0.061523 0.061523
0 0.862793 0.619629 0.061523 0.061523
0 0.286621 0.746582 0.061523 0.061523
0 0.391602 0.762695 0.060547 0.060547
0 0.677734 0.708496 0.060547 0.061523
0 0.396484 0.683105 0.060547 0.061523
0 0.199707 0.655762 0.061523 0.061523
0 0.184082 0.961426 0.073242 0.073242
0 0.189941 0.764160 0.061523 0.061523
0 0.566895 0.663574 0.061523 0.061523
0 0.564941 0.768066 0.061523 0.061523
0 0.290039 0.669922 0.060547 0.060547
0 0.674805 0.614746 0.060547 0.061523
0 0.482910 0.670410 0.061523 0.061523
0 0.674316 0.784668 0.061523 0.061523
0 0.761230 0.961426 0.061523 0.061523
0 0.761719 0.651855 0.060547 0.061523
0 0.766602 0.747559 0.060547 0.061523
0 0.947754 0.713379 0.061523 0.061523
0 0.947266 0.610840 0.060547 0.061523
0 0.863770 0.698730 0.061523 0.061523
0 0.870117 0.775879 0.048828 0.049805
0 0.954102 0.796387 0.048828 0.049805
0 0.947266 0.965820 0.048828 0.048828
0 0.391602 0.947266 0.085938 0.085938
0 0.875000 0.250977 0.037109 0.037109
0 0.765625 0.454102 0.048828 0.048828
0 0.691406 0.261719 0.037109 0.037109
0 0.291016 0.237793 0.048828 0.049805
0 0.291016 0.336914 0.048828 0.048828
0 0.198242 0.228516 0.037109 0.037109
0 0.206055 0.333008 0.048828 0.048828
0 0.692871 0.087402 0.036133 0.036133
0 0.686523 0.169434 0.048828 0.049805
0 0.781250 0.106445 0.037109 0.037109
0 0.843262 0.069336 0.036133 0.037109
0 0.294922 0.040039 0.037109 0.037109
0 0.485840 0.108398 0.036133 0.037109
0 0.392578 0.102539 0.037109 0.037109
0 0.291504 0.133789 0.036133 0.037109
0 0.201660 0.131836 0.036133 0.037109
0 0.089844 0.120117 0.048828 0.048828