0 0.195312 0.613281 0.048828 0.048828
0 0.115234 0.033203 0.048828 0.048828
0 0.099121 0.781738 0.061523 0.061523
0 0.193848 0.719238 0.061523 0.061523
0 0.194336 0.817871 0.048828 0.049805
0 0.193359 0.918457 0.048828 0.049805
0 0.859375 0.570801 0.048828 0.049805
0 0.881836 0.139648 0.085938 0.085938
0 0.893555 0.049805 0.085938 0.085938
0 0.614258 0.094238 0.060547 0.061523
0 0.684570 0.633789 0.048828 0.048828
0 0.682617 0.740234 0.048828 0.048828
0 0.675781 0.836914 0.037109 0.037109
0 0.676758 0.925781 0.037109 0.037109
0 0.769531 0.674805 0.048828 0.048828
0 0.771484 0.788574 0.060547 0.061523
0 0.761719 0.909180 0.037109 0.037109
0 0.836426 0.806152 0.061523 0.061523
0 0.828125 0.905273 0.048828 0.048828
0 0.975098 0.740723 0.024414 0.024414
0 0.975098 0.847656 0.036133 0.037109
0 0.305664 0.675781 0.048828 0.048828
0 0.303711 0.763672 0.048828 0.048828
0 0.308105 0.867676 0.036133 0.036133
0 0.301758 0.949707 0.048828 0.049805
0 0.396484 0.886719 0.037109 0.037109
0 0.458496 0.849609 0.036133 0.037109
0 0.406250 0.776367 0.037109 0.037109
0 0.412109 0.654297 0.037109 0.037109
0 0.979492 0.628418 0.037109 0.036133
0 0.873047 0.261230 0.023438 0.024414
0 0.867188 0.364258 0.048828 0.048828
0 0.856445 0.477051 0.037109 0.036133
0 0.788086 0.208008 0.048828 0.048828
0 0.787598 0.323730 0.024414 0.024414
0 0.780762 0.450684 0.024414 0.024414
0 0.774414 0.564941 0.048828 0.049805
0 0.694824 0.261230 0.036133 0.036133
0 0.694824 0.391113 0.024414 0.024414
0 0.688965 0.500488 0.024414 0.024414
0 0.621094 0.190918 0.037109 0.036133
0 0.624023 0.310059 0.048828 0.049805
0 0.618164 0.441406 0.037109 0.037109
0 0.620117 0.543945 0.048828 0.048828
0 0.617676 0.673828 0.036133 0.037109
0 0.530762 0.233887 0.036133 0.036133
0 0.315918 0.030762 0.036133 0.036133
0 0.294434 0.155273 0.036133 0.037109
0 0.410645 0.106934 0.036133 0.036133
0 0.529297 0.049316 0.048828 0.049805
0 0.530273 0.138184 0.037109 0.036133
0 0.791016 0.101562 0.048828 0.048828
0 0.698242 0.039062 0.048828 0.048828
0 0.698730 0.140625 0.036133 0.037109
0 0.119629 0.178711 0.024414 0.025391
0 0.200684 0.178711 0.036133 0.037109
0 0.027344 0.558105 0.037109 0.036133
0 0.031250 0.476562 0.037109 0.037109
0 0.041504 0.359375 0.036133 0.037109
0 0.124512 0.395508 0.036133 0.037109
0 0.129395 0.485352 0.036133 0.037109
0 0.119629 0.579102 0.036133 0.037109
0 0.110840 0.680176 0.036133 0.036133
0 0.195312 0.517578 0.037109 0.037109
0 0.195312 0.432617 0.037109 0.037109
0 0.194336 0.359375 0.037109 0.037109
0 0.101074 0.888672 0.036133 0.037109
0 0.622070 0.789062 0.048828 0.048828