0 0.108398 0.152344 0.048828 0.048828
0 0.182617 0.214844 0.048828 0.048828
0 0.107910 0.042480 0.061523 0.061523
0 0.176270 0.877441 0.061523 0.061523
1 0.852539 0.273926 0.097656 0.098633
0 0.282227 0.269531 0.048828 0.048828
0 0.282227 0.388184 0.060547 0.061523
0 0.283203 0.163086 0.048828 0.048828
0 0.282715 0.720215 0.061523 0.061523
0 0.375977 0.437988 0.048828 0.049805
0 0.281250 0.482910 0.060547 0.061523
0 0.283203 0.828613 0.060547 0.061523
0 0.292480 0.602051 0.073242 0.073242
0 0.939941 0.877930 0.084961 0.085938
0 0.850098 0.825684 0.110352 0.110352
0 0.836426 0.924316 0.110352 0.110352
0 0.367188 0.878418 0.060547 0.061523
0 0.284180 0.949707 0.048828 0.049805
0 0.085938 0.939453 0.037109 0.037109
0 0.762695 0.883301 0.109375 0.110352
0 0.674316 0.838867 0.122070 0.123047
0 0.663574 0.938477 0.110352 0.111328
0 0.575684 0.884766 0.110352 0.111328
0 0.476562 0.921875 0.085938 0.085938
0 0.474609 0.057129 0.109375 0.110352
0 0.474609 0.166504 0.109375 0.110352
0 0.477051 0.274902 0.110352 0.110352
0 0.478027 0.374512 0.110352 0.110352
0 0.478027 0.486816 0.110352 0.110352
0 0.579102 0.434082 0.097656 0.098633
0 0.575195 0.322754 0.097656 0.098633
0 0.569336 0.214355 0.109375 0.110352
0 0.576172 0.102051 0.109375 0.110352
0 0.669434 0.149902 0.110352 0.110352
0 0.671875 0.270996 0.109375 0.110352
0 0.667969 0.375488 0.109375 0.110352
0 0.673828 0.486816 0.097656 0.098633
0 0.754395 0.436035 0.110352 0.110352
0 0.762207 0.330566 0.110352 0.110352
0 0.758301 0.216309 0.110352 0.110352
0 0.752441 0.120605 0.110352 0.110352
0 0.857422 0.160645 0.109375 0.110352
0 0.855957 0.390137 0.110352 0.110352
0 0.940430 0.437988 0.109375 0.110352
0 0.941406 0.318848 0.109375 0.110352
0 0.945312 0.104492 0.097656 0.097656
0 0.952637 0.651855 0.084961 0.086914
0 0.852051 0.505371 0.110352 0.110352
0 0.848145 0.607910 0.110352 0.110352
0 0.851562 0.719238 0.097656 0.098633
0 0.761719 0.549316 0.109375 0.110352
0 0.760742 0.665527 0.097656 0.098633
0 0.757812 0.775879 0.109375 0.110352
0 0.670898 0.615723 0.097656 0.098633
0 0.671875 0.706055 0.097656 0.097656
0 0.567871 0.554199 0.110352 0.110352
0 0.578125 0.661133 0.097656 0.097656
0 0.573730 0.772461 0.110352 0.111328
0 0.472656 0.813965 0.097656 0.098633
0 0.472656 0.724609 0.109375 0.111328
0 0.479980 0.608398 0.110352 0.111328
0 0.193359 0.093262 0.060547 0.061523
0 0.193359 0.320312 0.037109 0.037109
0 0.372070 0.329102 0.037109 0.037109
0 0.372070 0.559082 0.048828 0.049805
0 0.375977 0.664062 0.048828 0.048828
0 0.370605 0.769043 0.061523 0.061523
0 0.377930 0.105469 0.048828 0.048828
0 0.378906 0.206055 0.048828 0.048828