0 0.090332 0.494629 0.061523 0.061523
0 0.079590 0.381348 0.061523 0.061523
0 0.066895 0.841797 0.073242 0.074219
0 0.840332 0.596680 0.073242 0.074219
0 0.186035 0.224121 0.061523 0.061523
0 0.186523 0.332520 0.060547 0.061523
0 0.175293 0.564941 0.061523 0.061523
0 0.195801 0.105957 0.073242 0.073242
0 0.175293 0.667480 0.061523 0.061523
0 0.370117 0.654785 0.060547 0.061523
0 0.836426 0.805176 0.061523 0.061523
0 0.168457 0.894043 0.061523 0.061523
0 0.561523 0.892090 0.048828 0.049805
0 0.661133 0.704102 0.048828 0.048828
0 0.349121 0.831543 0.073242 0.073242
0 0.370117 0.725098 0.048828 0.049805
0 0.664551 0.822754 0.061523 0.061523
0 0.471680 0.722168 0.060547 0.061523
0 0.562012 0.778809 0.061523 0.061523
0 0.462402 0.813965 0.073242 0.073242
0 0.938477 0.439941 0.097656 0.098633
0 0.930664 0.546387 0.109375 0.110352
0 0.928223 0.653809 0.110352 0.110352
0 0.930176 0.775391 0.084961 0.085938
0 0.932129 0.882812 0.073242 0.074219
0 0.843262 0.381836 0.084961 0.085938
0 0.833496 0.497559 0.110352 0.110352
0 0.842285 0.708984 0.073242 0.074219
0 0.845215 0.886719 0.073242 0.074219
0 0.753418 0.329590 0.110352 0.110352
0 0.739746 0.428223 0.110352 0.110352
0 0.740723 0.531250 0.073242 0.074219
0 0.741211 0.631836 0.085938 0.085938
0 0.749023 0.723633 0.085938 0.085938
0 0.751953 0.842285 0.097656 0.098633
0 0.663086 0.611328 0.037109 0.037109
0 0.569824 0.671875 0.036133 0.037109
0 0.457031 0.900879 0.048828 0.049805
0 0.270508 0.382324 0.060547 0.061523
0 0.270508 0.490723 0.048828 0.049805
0 0.269531 0.585449 0.048828 0.049805
0 0.259766 0.711426 0.048828 0.049805
0 0.263672 0.824219 0.048828 0.048828
0 0.168457 0.778809 0.061523 0.061523
0 0.187500 0.453613 0.048828 0.049805
0 0.666016 0.387207 0.109375 0.110352
0 0.655273 0.487305 0.109375 0.111328
0 0.577637 0.342773 0.122070 0.123047
0 0.566895 0.442383 0.110352 0.111328
0 0.564941 0.548340 0.110352 0.110352
0 0.479004 0.388672 0.110352 0.111328
0 0.479980 0.491699 0.110352 0.110352
0 0.471191 0.604004 0.110352 0.110352
0 0.379883 0.425781 0.085938 0.085938
0 0.380371 0.532227 0.122070 0.123047
0 0.935547 0.106934 0.109375 0.110352
0 0.935547 0.215332 0.109375 0.110352
0 0.934570 0.324707 0.109375 0.110352
0 0.855957 0.155762 0.084961 0.086914
0 0.848145 0.282715 0.110352 0.110352
0 0.751465 0.111816 0.110352 0.110352
0 0.754883 0.223145 0.097656 0.098633
0 0.664062 0.169434 0.097656 0.098633
0 0.661133 0.279785 0.109375 0.110352
0 0.574219 0.119629 0.097656 0.098633
0 0.575195 0.209961 0.097656 0.097656
0 0.471191 0.058105 0.110352 0.110352
0 0.481445 0.165039 0.097656 0.097656
0 0.477051 0.276367 0.110352 0.111328
0 0.375977 0.317871 0.097656 0.098633
0 0.375977 0.228516 0.109375 0.111328
0 0.383301 0.112305 0.110352 0.111328
0 0.275391 0.062988 0.048828 0.049805
0 0.279297 0.167969 0.048828 0.048828
0 0.273926 0.272949 0.061523 0.061523