0 0.943848 0.072754 0.110352 0.110352
0 0.846680 0.106934 0.097656 0.098633
1 0.757324 0.062012 0.122070 0.122070
0 0.661133 0.106934 0.097656 0.098633
0 0.558594 0.067871 0.097656 0.098633
0 0.370605 0.062500 0.122070 0.123047
0 0.852051 0.233398 0.122070 0.123047
0 0.193848 0.079102 0.110352 0.111328
0 0.090820 0.125488 0.109375 0.110352
0 0.099121 0.219727 0.122070 0.123047
0 0.089355 0.339844 0.122070 0.123047
0 0.090332 0.465820 0.122070 0.123047
0 0.082520 0.569824 0.110352 0.110352
0 0.083496 0.680664 0.122070 0.123047
0 0.186523 0.618652 0.109375 0.110352
0 0.192383 0.509766 0.097656 0.097656
0 0.183105 0.405273 0.122070 0.123047
0 0.184082 0.297852 0.122070 0.123047
0 0.182617 0.185059 0.097656 0.098633
0 0.283691 0.123535 0.110352 0.110352
0 0.374023 0.165527 0.109375 0.110352
0 0.374512 0.283691 0.110352 0.110352
0 0.278809 0.239746 0.110352 0.110352
0 0.285645 0.335449 0.110352 0.110352
0 0.278809 0.457031 0.122070 0.123047
0 0.274902 0.565430 0.122070 0.123047
0 0.273438 0.683105 0.109375 0.110352
0 0.380371 0.609375 0.122070 0.123047
0 0.373535 0.513672 0.122070 0.123047
0 0.375977 0.381348 0.097656 0.098633
0 0.467773 0.128418 0.109375 0.110352
0 0.464355 0.242676 0.122070 0.122070
0 0.463379 0.354492 0.122070 0.123047
0 0.465332 0.456055 0.122070 0.123047
0 0.461426 0.560547 0.122070 0.123047
0 0.457520 0.678711 0.122070 0.123047
0 0.557129 0.629883 0.122070 0.123047
0 0.557129 0.515625 0.122070 0.123047
0 0.562988 0.400879 0.122070 0.122070
0 0.562988 0.291504 0.122070 0.122070
0 0.553711 0.187988 0.097656 0.098633
0 0.661621 0.225586 0.122070 0.123047
0 0.664551 0.340820 0.122070 0.123047
0 0.660645 0.450684 0.122070 0.122070
0 0.660645 0.561523 0.122070 0.123047
0 0.659668 0.674805 0.122070 0.123047
0 0.753418 0.642090 0.122070 0.122070
0 0.765625 0.523926 0.097656 0.098633
0 0.755371 0.420898 0.122070 0.123047
0 0.762207 0.291992 0.122070 0.123047
0 0.767090 0.166992 0.122070 0.123047
0 0.849121 0.353516 0.122070 0.123047
0 0.843262 0.454102 0.122070 0.123047
0 0.851074 0.573242 0.122070 0.123047
0 0.936035 0.623047 0.122070 0.123047
0 0.942383 0.291016 0.097656 0.097656
0 0.842285 0.662598 0.084961 0.086914
0 0.944336 0.724121 0.109375 0.110352
0 0.943848 0.826660 0.110352 0.110352
0 0.835449 0.910645 0.110352 0.110352
0 0.844727 0.783691 0.097656 0.098633
0 0.746094 0.782715 0.097656 0.098633
0 0.746582 0.922852 0.122070 0.123047
0 0.658203 0.785645 0.097656 0.098633
0 0.656738 0.889648 0.122070 0.123047
0 0.548828 0.733887 0.097656 0.098633
0 0.560547 0.847168 0.097656 0.098633
0 0.464844 0.781738 0.097656 0.098633
0 0.467773 0.893555 0.097656 0.097656
0 0.388184 0.787109 0.122070 0.123047
0 0.376953 0.928711 0.109375 0.111328
0 0.272461 0.776367 0.097656 0.097656
0 0.281250 0.881836 0.097656 0.097656
0 0.186523 0.721680 0.097656 0.097656
0 0.185059 0.853027 0.110352 0.110352
0 0.084473 0.785645 0.110352 0.110352
0 0.081543 0.900879 0.110352 0.110352