0 0.576660 0.458496 0.061523 0.061523
0 0.565918 0.345215 0.061523 0.061523
0 0.371094 0.573730 0.060547 0.061523
0 0.190918 0.569336 0.073242 0.074219
0 0.287598 0.415527 0.061523 0.061523
0 0.096191 0.490234 0.073242 0.074219
0 0.266602 0.621094 0.048828 0.048828
0 0.370117 0.476074 0.060547 0.061523
0 0.187012 0.346680 0.073242 0.074219
0 0.094238 0.618652 0.073242 0.073242
0 0.276855 0.520508 0.061523 0.060547
0 0.097656 0.390137 0.060547 0.061523
0 0.114258 0.150879 0.060547 0.061523
0 0.194824 0.446289 0.073242 0.074219
0 0.553223 0.805664 0.073242 0.074219
0 0.265137 0.835449 0.061523 0.061523
0 0.365234 0.780273 0.048828 0.048828
0 0.096191 0.728027 0.061523 0.061523
0 0.264160 0.732910 0.061523 0.061523
0 0.462891 0.748047 0.048828 0.048828
0 0.672363 0.187988 0.061523 0.061523
0 0.672852 0.296387 0.060547 0.061523
0 0.661621 0.528809 0.061523 0.061523
0 0.682129 0.069824 0.073242 0.073242
0 0.661621 0.631348 0.061523 0.061523
0 0.856445 0.618652 0.060547 0.061523
0 0.654785 0.857910 0.061523 0.061523
0 0.835449 0.795410 0.073242 0.073242
0 0.856445 0.688965 0.048828 0.049805
0 0.958008 0.686035 0.060547 0.061523
0 0.948730 0.777832 0.073242 0.073242
0 0.943359 0.864746 0.048828 0.049805
0 0.756836 0.346191 0.060547 0.061523
0 0.756836 0.454590 0.048828 0.049805
0 0.755859 0.549316 0.048828 0.049805
0 0.746094 0.675293 0.048828 0.049805
0 0.750000 0.788086 0.048828 0.048828
0 0.654785 0.742676 0.061523 0.061523
0 0.673828 0.417480 0.048828 0.049805
0 0.475586 0.407227 0.037109 0.037109
0 0.464844 0.512695 0.048828 0.048828
0 0.465820 0.639648 0.037109 0.037109
0 0.362793 0.689453 0.036133 0.037109
0 0.866211 0.389648 0.085938 0.085938
0 0.866699 0.496094 0.122070 0.123047
0 0.183105 0.668945 0.073242 0.074219
0 0.181641 0.790039 0.037109 0.037109
0 0.094727 0.817871 0.048828 0.049805
0 0.104492 0.279297 0.048828 0.048828
0 0.862305 0.281738 0.097656 0.098633
0 0.862305 0.192383 0.109375 0.111328
0 0.869629 0.076172 0.110352 0.111328
0 0.761719 0.026855 0.048828 0.049805
0 0.765625 0.131836 0.048828 0.048828
0 0.760254 0.236816 0.061523 0.061523
0 0.298828 0.184570 0.048828 0.048828
0 0.375000 0.348633 0.037109 0.037109
0 0.290527 0.297363 0.024414 0.024414
0 0.187500 0.235840 0.048828 0.049805
0 0.188965 0.112305 0.024414 0.025391
0 0.113281 0.054199 0.060547 0.061523