0 0.368164 0.790527 0.060547 0.061523
0 0.074219 0.940430 0.085938 0.085938
0 0.270508 0.867676 0.060547 0.061523
0 0.173828 0.791992 0.048828 0.048828
0 0.652344 0.594727 0.048828 0.048828
0 0.554199 0.684082 0.061523 0.061523
0 0.462402 0.639160 0.061523 0.061523
0 0.746094 0.918457 0.060547 0.061523
0 0.751465 0.584961 0.036133 0.037109
0 0.556152 0.914551 0.061523 0.061523
0 0.833008 0.559570 0.037109 0.037109
0 0.744141 0.690430 0.048828 0.048828
0 0.652344 0.929199 0.048828 0.049805
0 0.476562 0.853027 0.048828 0.049805
0 0.933105 0.450684 0.073242 0.073242
0 0.934570 0.357910 0.048828 0.049805
0 0.084961 0.076660 0.109375 0.110352
0 0.171875 0.141113 0.109375 0.110352
0 0.278809 0.067383 0.122070 0.123047
0 0.355957 0.136719 0.122070 0.123047
0 0.455566 0.087891 0.122070 0.123047
0 0.558105 0.132812 0.122070 0.123047
0 0.651855 0.100098 0.122070 0.122070
0 0.834473 0.081055 0.122070 0.123047
0 0.740723 0.120605 0.084961 0.086914
0 0.936523 0.245605 0.109375 0.110352
0 0.842773 0.182129 0.109375 0.110352
0 0.842285 0.284668 0.110352 0.110352
0 0.836426 0.459473 0.122070 0.122070
0 0.737305 0.471191 0.097656 0.098633
0 0.733887 0.368652 0.110352 0.110352
0 0.743164 0.241699 0.097656 0.098633
0 0.644531 0.240723 0.097656 0.098633
0 0.645020 0.380859 0.122070 0.123047
0 0.644531 0.515137 0.109375 0.110352
0 0.556641 0.243652 0.097656 0.098633
0 0.555176 0.347656 0.122070 0.123047
0 0.555664 0.465332 0.097656 0.098633
0 0.460449 0.533203 0.110352 0.111328
0 0.447266 0.191895 0.097656 0.098633
0 0.458984 0.305176 0.097656 0.098633
0 0.451172 0.411133 0.097656 0.097656
0 0.363281 0.239746 0.097656 0.098633
0 0.366211 0.351562 0.097656 0.097656
0 0.363281 0.464844 0.109375 0.111328
0 0.369141 0.560547 0.085938 0.085938
0 0.286621 0.245117 0.122070 0.123047
0 0.275391 0.386719 0.109375 0.111328
0 0.271973 0.508789 0.122070 0.123047
0 0.279785 0.617188 0.122070 0.123047
0 0.170898 0.234375 0.097656 0.097656
0 0.179688 0.339844 0.097656 0.097656
0 0.173828 0.467285 0.097656 0.098633
0 0.176270 0.569824 0.110352 0.110352
0 0.084961 0.179688 0.097656 0.097656
0 0.083496 0.311035 0.110352 0.110352
0 0.080078 0.414551 0.097656 0.098633
0 0.075195 0.520996 0.097656 0.098633
0 0.080078 0.641113 0.085938 0.086914
0 0.073730 0.734375 0.084961 0.085938
0 0.073242 0.848145 0.097656 0.098633
0 0.935547 0.669922 0.048828 0.048828
0 0.826660 0.680664 0.036133 0.037109
0 0.838379 0.806641 0.036133 0.037109
0 0.837891 0.889648 0.048828 0.048828
0 0.931641 0.782715 0.060547 0.061523
0 0.743164 0.799805 0.037109 0.037109
0 0.645508 0.850586 0.048828 0.048828
0 0.648438 0.746094 0.037109 0.037109
0 0.555664 0.589844 0.048828 0.048828
0 0.550781 0.797363 0.048828 0.049805
0 0.477539 0.944824 0.048828 0.049805
0 0.473145 0.753418 0.061523 0.061523
0 0.359375 0.678223 0.048828 0.049805
0 0.274414 0.740723 0.060547 0.061523
0 0.368164 0.892090 0.048828 0.049805
1 0.174805 0.694336 0.048828 0.048828
0 0.176270 0.904785 0.024414 0.024414