0 0.198242 0.470215 0.060547 0.061523
0 0.279785 0.539062 0.084961 0.085938
0 0.205078 0.687500 0.048828 0.048828
0 0.279297 0.750000 0.048828 0.048828
0 0.204590 0.577637 0.061523 0.061523
0 0.197266 0.241211 0.048828 0.048828
0 0.102051 0.537598 0.061523 0.061523
0 0.101562 0.425293 0.048828 0.049805
0 0.192383 0.028809 0.048828 0.049805
1 0.949219 0.809082 0.097656 0.098633
0 0.378906 0.804688 0.048828 0.048828
0 0.378906 0.923340 0.060547 0.061523
0 0.379883 0.698242 0.048828 0.048828
0 0.472656 0.973145 0.048828 0.049805
0 0.861816 0.092285 0.110352 0.110352
0 0.668945 0.078125 0.097656 0.097656
0 0.654297 0.198242 0.097656 0.097656
0 0.763672 0.147461 0.109375 0.111328
0 0.860840 0.197754 0.110352 0.110352
0 0.297852 0.075684 0.109375 0.110352
0 0.294434 0.194336 0.084961 0.085938
0 0.388672 0.140137 0.097656 0.098633
0 0.476074 0.077637 0.110352 0.110352
0 0.475098 0.191895 0.110352 0.110352
0 0.577637 0.134766 0.122070 0.123047
0 0.854980 0.298340 0.110352 0.110352
0 0.863281 0.404785 0.109375 0.110352
0 0.761230 0.370117 0.122070 0.123047
0 0.771484 0.257324 0.109375 0.110352
0 0.770996 0.477539 0.122070 0.123047
0 0.666016 0.429199 0.097656 0.098633
0 0.668945 0.310059 0.109375 0.110352
0 0.477051 0.298828 0.122070 0.123047
0 0.580078 0.370605 0.097656 0.098633
0 0.581543 0.248047 0.122070 0.123047
0 0.583496 0.473633 0.110352 0.111328
0 0.477539 0.418945 0.109375 0.111328
0 0.387695 0.473633 0.109375 0.111328
0 0.383789 0.360352 0.109375 0.111328
0 0.386719 0.246094 0.109375 0.111328
0 0.295898 0.301758 0.097656 0.097656
0 0.284180 0.424805 0.097656 0.097656
0 0.377441 0.565430 0.084961 0.085938
0 0.472168 0.527832 0.110352 0.110352
0 0.571289 0.592285 0.109375 0.110352
0 0.571289 0.701660 0.109375 0.110352
0 0.573730 0.810059 0.110352 0.110352
0 0.574707 0.909668 0.110352 0.110352
0 0.671875 0.857910 0.097656 0.098633
0 0.666016 0.749512 0.109375 0.110352
0 0.672852 0.637207 0.109375 0.110352
0 0.659668 0.527832 0.110352 0.110352
0 0.756348 0.583008 0.122070 0.123047
0 0.766113 0.685059 0.110352 0.110352
0 0.768555 0.806152 0.109375 0.110352
0 0.764648 0.910645 0.109375 0.110352
0 0.858887 0.865723 0.110352 0.110352
0 0.854980 0.751465 0.110352 0.110352
0 0.849121 0.655762 0.110352 0.110352
0 0.854492 0.528320 0.109375 0.111328
0 0.105469 0.089844 0.048828 0.048828
0 0.191895 0.131348 0.024414 0.024414
0 0.186523 0.357422 0.048828 0.048828
0 0.102539 0.327148 0.037109 0.037109
0 0.104492 0.201172 0.048828 0.048828
0 0.019043 0.145020 0.024414 0.024414
0 0.290039 0.628418 0.060547 0.061523
0 0.290039 0.855469 0.037109 0.037109
0 0.468750 0.864258 0.037109 0.037109
0 0.474609 0.640625 0.048828 0.048828
0 0.475586 0.741211 0.048828 0.048828