0 0.029297 0.655273 0.048828 0.048828
0 0.034180 0.536621 0.048828 0.049805
0 0.126953 0.586426 0.048828 0.049805
0 0.137207 0.352051 0.073242 0.073242
0 0.139160 0.463379 0.073242 0.073242
0 0.137207 0.115723 0.061523 0.061523
0 0.038086 0.418457 0.060547 0.061523
0 0.137695 0.239746 0.060547 0.061523
0 0.905762 0.482910 0.061523 0.061523
0 0.895020 0.369629 0.061523 0.061523
0 0.700195 0.598145 0.060547 0.061523
0 0.520020 0.593750 0.073242 0.074219
0 0.616699 0.439941 0.061523 0.061523
0 0.211426 0.539551 0.061523 0.061523
0 0.425293 0.514648 0.073242 0.074219
0 0.595703 0.645508 0.048828 0.048828
0 0.218750 0.197754 0.060547 0.061523
0 0.699219 0.500488 0.060547 0.061523
0 0.516113 0.371094 0.073242 0.074219
0 0.321289 0.580078 0.048828 0.048828
0 0.423340 0.643066 0.073242 0.073242
0 0.326172 0.471191 0.060547 0.061523
0 0.605957 0.544922 0.061523 0.060547
0 0.426758 0.414551 0.060547 0.061523
0 0.326172 0.143066 0.060547 0.061523
0 0.443359 0.175293 0.060547 0.061523
0 0.324219 0.260254 0.060547 0.061523
0 0.328125 0.368652 0.060547 0.061523
0 0.523926 0.470703 0.073242 0.074219
0 0.220703 0.323730 0.060547 0.061523
0 0.216309 0.644043 0.061523 0.061523
0 0.125977 0.804688 0.048828 0.048828
0 0.130859 0.696777 0.048828 0.049805
0 0.034180 0.750488 0.060547 0.061523
0 0.882324 0.830078 0.073242 0.074219
0 0.594238 0.859863 0.061523 0.061523
0 0.694336 0.804688 0.048828 0.048828
0 0.425293 0.752441 0.061523 0.061523
0 0.593262 0.757324 0.061523 0.061523
0 0.319824 0.701660 0.061523 0.061523
0 0.791992 0.772461 0.048828 0.048828
0 0.804688 0.431641 0.037109 0.037109
0 0.793945 0.537109 0.048828 0.048828
0 0.794922 0.664062 0.037109 0.037109
0 0.691895 0.713867 0.036133 0.037109
0 0.512207 0.693359 0.073242 0.074219
0 0.510742 0.814453 0.037109 0.037109
0 0.423828 0.842285 0.048828 0.049805
0 0.320312 0.883301 0.048828 0.049805
0 0.433594 0.303711 0.048828 0.048828
0 0.222168 0.425781 0.036133 0.037109
0 0.221680 0.753418 0.048828 0.049805
0 0.131836 0.883789 0.048828 0.048828
0 0.627930 0.208984 0.048828 0.048828
0 0.704102 0.373047 0.037109 0.037109
0 0.619629 0.321777 0.024414 0.024414
0 0.516602 0.260254 0.048828 0.049805
0 0.518066 0.136719 0.024414 0.025391
0 0.522461 0.029297 0.037109 0.037109
0 0.442383 0.078613 0.060547 0.061523
0 0.330078 0.034180 0.037109 0.037109
0 0.218750 0.102539 0.048828 0.048828
0 0.046387 0.170410 0.036133 0.036133