0 0.278320 0.794434 0.048828 0.049805
0 0.373047 0.872559 0.048828 0.049805
0 0.165039 0.862793 0.037109 0.036133
0 0.075195 0.950195 0.048828 0.048828
0 0.371582 0.967285 0.036133 0.036133
0 0.379395 0.087891 0.122070 0.123047
0 0.568359 0.096680 0.109375 0.111328
0 0.771973 0.081055 0.122070 0.123047
0 0.661133 0.152344 0.097656 0.097656
0 0.668945 0.257812 0.097656 0.097656
0 0.657227 0.380859 0.097656 0.097656
0 0.661133 0.469238 0.097656 0.098633
0 0.558594 0.536621 0.097656 0.098633
0 0.572266 0.417969 0.085938 0.085938
0 0.565430 0.312500 0.085938 0.085938
0 0.570312 0.201172 0.097656 0.097656
0 0.469727 0.147461 0.097656 0.097656
0 0.471680 0.267090 0.097656 0.098633
0 0.471680 0.358887 0.097656 0.098633
0 0.464844 0.475098 0.097656 0.098633
0 0.472168 0.581543 0.084961 0.086914
0 0.376465 0.424316 0.110352 0.110352
0 0.375000 0.306152 0.097656 0.098633
0 0.374512 0.199707 0.110352 0.110352
0 0.281250 0.145996 0.097656 0.098633
0 0.274414 0.240723 0.097656 0.098633
0 0.277344 0.369629 0.109375 0.110352
0 0.273438 0.475098 0.109375 0.110352
0 0.177734 0.419434 0.097656 0.098633
0 0.184570 0.310059 0.097656 0.098633
0 0.193359 0.178223 0.097656 0.098633
0 0.180664 0.092285 0.097656 0.098633
0 0.086914 0.132324 0.097656 0.098633
0 0.086914 0.261230 0.097656 0.098633
0 0.090820 0.354980 0.097656 0.098633
0 0.083008 0.471680 0.097656 0.097656
0 0.176758 0.530273 0.048828 0.048828
0 0.075195 0.593750 0.048828 0.048828
0 0.769043 0.187500 0.122070 0.123047
0 0.764160 0.301270 0.122070 0.122070
0 0.767090 0.403809 0.110352 0.110352
0 0.759766 0.534668 0.097656 0.098633
0 0.657227 0.583984 0.085938 0.085938
0 0.758301 0.646973 0.110352 0.110352
0 0.851074 0.584961 0.084961 0.085938
0 0.854492 0.483887 0.097656 0.098633
0 0.852539 0.365723 0.097656 0.098633
0 0.857422 0.256348 0.097656 0.098633
0 0.857910 0.153320 0.122070 0.123047
0 0.944336 0.192383 0.097656 0.097656
0 0.953125 0.421875 0.085938 0.085938
0 0.941406 0.749512 0.097656 0.098633
0 0.943359 0.853027 0.097656 0.098633
0 0.852051 0.689941 0.084961 0.086914
0 0.742188 0.746582 0.048828 0.049805
0 0.661133 0.704590 0.097656 0.098633
0 0.283203 0.900879 0.048828 0.049805
0 0.541016 0.874023 0.037109 0.037109
0 0.689453 0.831055 0.037109 0.037109
0 0.739746 0.957031 0.036133 0.037109
0 0.847656 0.812500 0.037109 0.037109
0 0.443848 0.918945 0.036133 0.037109
0 0.566406 0.645508 0.097656 0.097656