0 0.075195 0.738770 0.048828 0.049805
0 0.169922 0.816895 0.048828 0.049805
0 0.067383 0.970215 0.048828 0.049805
0 0.168457 0.911621 0.036133 0.036133
0 0.458008 0.096680 0.097656 0.097656
0 0.465820 0.202148 0.097656 0.097656
0 0.454102 0.325195 0.097656 0.097656
0 0.458008 0.413574 0.097656 0.098633
0 0.355469 0.480957 0.097656 0.098633
0 0.369141 0.362305 0.085938 0.085938
0 0.362305 0.256836 0.085938 0.085938
0 0.367188 0.145508 0.097656 0.097656
0 0.266602 0.091797 0.097656 0.097656
0 0.268555 0.211426 0.097656 0.098633
0 0.268555 0.303223 0.097656 0.098633
0 0.261719 0.419434 0.097656 0.098633
0 0.269043 0.525879 0.084961 0.086914
0 0.173340 0.368652 0.110352 0.110352
0 0.171875 0.250488 0.097656 0.098633
0 0.171387 0.144043 0.110352 0.110352
0 0.078125 0.090332 0.097656 0.098633
0 0.071289 0.185059 0.097656 0.098633
0 0.074219 0.313965 0.109375 0.110352
0 0.070312 0.419434 0.109375 0.110352
0 0.565918 0.131836 0.122070 0.123047
0 0.561035 0.245605 0.122070 0.122070
0 0.563965 0.348145 0.110352 0.110352
0 0.556641 0.479004 0.097656 0.098633
0 0.454102 0.528320 0.085938 0.085938
0 0.555176 0.591309 0.110352 0.110352
0 0.647949 0.529297 0.084961 0.085938
0 0.651367 0.428223 0.097656 0.098633
0 0.649414 0.310059 0.097656 0.098633
0 0.654297 0.200684 0.097656 0.098633
0 0.654785 0.097656 0.122070 0.123047
0 0.741211 0.136719 0.097656 0.097656
0 0.759766 0.241699 0.097656 0.098633
0 0.750000 0.366211 0.085938 0.085938
0 0.752930 0.465332 0.097656 0.098633
0 0.749023 0.587402 0.097656 0.098633
0 0.843262 0.526367 0.122070 0.123047
0 0.840332 0.421875 0.122070 0.123047
0 0.840332 0.302734 0.122070 0.123047
0 0.837402 0.203125 0.110352 0.111328
0 0.842285 0.087891 0.122070 0.123047
0 0.937988 0.248047 0.122070 0.123047
0 0.931152 0.478027 0.110352 0.110352
0 0.932129 0.588867 0.122070 0.123047
0 0.933105 0.693848 0.110352 0.110352
0 0.930176 0.809082 0.110352 0.110352
0 0.930176 0.917480 0.122070 0.122070
0 0.836914 0.640137 0.109375 0.110352
0 0.833008 0.737793 0.097656 0.098633
0 0.843750 0.852051 0.097656 0.098633
0 0.738281 0.693848 0.097656 0.098633
0 0.740234 0.797363 0.097656 0.098633
0 0.745117 0.915527 0.097656 0.098633
0 0.648926 0.634277 0.084961 0.086914
0 0.539062 0.690918 0.048828 0.049805
0 0.458008 0.648926 0.097656 0.098633
0 0.080078 0.845215 0.048828 0.049805
0 0.337891 0.818359 0.037109 0.037109
0 0.486328 0.775391 0.037109 0.037109
0 0.536621 0.901367 0.036133 0.037109
0 0.644531 0.756836 0.037109 0.037109
0 0.455078 0.960938 0.037109 0.037109
0 0.240723 0.863281 0.036133 0.037109
0 0.363281 0.589844 0.097656 0.097656