0 0.129883 0.132324 0.109375 0.110352
0 0.129883 0.230957 0.109375 0.110352
0 0.129883 0.347168 0.097656 0.098633
0 0.227539 0.073242 0.097656 0.097656
0 0.219727 0.177246 0.097656 0.098633
0 0.217773 0.297363 0.097656 0.098633
0 0.317871 0.123047 0.110352 0.111328
0 0.309082 0.241699 0.110352 0.110352
0 0.312012 0.352051 0.110352 0.110352
0 0.416992 0.074707 0.109375 0.110352
0 0.413086 0.175781 0.109375 0.111328
0 0.411133 0.295898 0.109375 0.111328
0 0.414551 0.402344 0.122070 0.123047
0 0.507812 0.120605 0.097656 0.098633
1 0.505859 0.248047 0.109375 0.111328
0 0.513672 0.343750 0.097656 0.097656
0 0.602051 0.074707 0.110352 0.110352
0 0.607422 0.187012 0.097656 0.098633
0 0.601562 0.298828 0.097656 0.097656
0 0.603516 0.411133 0.109375 0.111328
0 0.702148 0.116699 0.109375 0.110352
0 0.696777 0.230469 0.122070 0.123047
0 0.692871 0.344727 0.122070 0.123047
0 0.807129 0.287109 0.122070 0.123047
0 0.807617 0.151855 0.109375 0.110352
0 0.807129 0.395508 0.122070 0.123047
0 0.696289 0.466797 0.097656 0.097656
0 0.704102 0.572266 0.097656 0.097656
0 0.692383 0.695312 0.097656 0.097656
0 0.696289 0.783691 0.097656 0.098633
0 0.593750 0.851074 0.097656 0.098633
0 0.607422 0.732422 0.085938 0.085938
0 0.600586 0.626953 0.085938 0.085938
0 0.605469 0.515625 0.097656 0.097656
0 0.504883 0.461914 0.097656 0.097656
0 0.506836 0.581543 0.097656 0.098633
0 0.506836 0.673340 0.097656 0.098633
0 0.500000 0.789551 0.097656 0.098633
0 0.507324 0.895996 0.084961 0.086914
0 0.411621 0.738770 0.110352 0.110352
0 0.410156 0.620605 0.097656 0.098633
0 0.409668 0.514160 0.110352 0.110352
0 0.316406 0.460449 0.097656 0.098633
0 0.309570 0.555176 0.097656 0.098633
0 0.312500 0.684082 0.109375 0.110352
0 0.308594 0.789551 0.109375 0.110352
0 0.212891 0.733887 0.097656 0.098633
0 0.219727 0.624512 0.097656 0.098633
0 0.228516 0.492676 0.097656 0.098633
0 0.215820 0.406738 0.097656 0.098633
0 0.122070 0.446777 0.097656 0.098633
0 0.122070 0.575684 0.097656 0.098633
0 0.125977 0.669434 0.097656 0.098633
0 0.118164 0.786133 0.097656 0.097656
0 0.211914 0.844727 0.048828 0.048828
0 0.110352 0.908203 0.048828 0.048828
0 0.904785 0.121094 0.122070 0.123047
0 0.891113 0.241699 0.110352 0.110352
0 0.899902 0.348145 0.122070 0.122070
0 0.804199 0.501953 0.122070 0.123047
0 0.799316 0.615723 0.122070 0.122070
0 0.802246 0.718262 0.110352 0.110352
0 0.794922 0.849121 0.097656 0.098633
0 0.692383 0.898438 0.085938 0.085938
0 0.886230 0.899414 0.084961 0.085938
0 0.889648 0.798340 0.097656 0.098633
0 0.887695 0.680176 0.097656 0.098633
0 0.892578 0.570801 0.097656 0.098633
0 0.893066 0.467773 0.122070 0.123047