0 0.313477 0.673828 0.048828 0.048828
0 0.308105 0.778809 0.061523 0.061523
0 0.312988 0.576660 0.061523 0.061523
0 0.311523 0.463379 0.060547 0.061523
0 0.311035 0.893066 0.061523 0.061523
0 0.805664 0.540039 0.048828 0.048828
0 0.696289 0.486328 0.048828 0.048828
0 0.403320 0.410156 0.048828 0.048828
0 0.392090 0.733887 0.047852 0.049805
0 0.803711 0.654785 0.048828 0.049805
0 0.491699 0.787109 0.073242 0.074219
0 0.605469 0.528320 0.048828 0.048828
0 0.611816 0.647949 0.061523 0.061523
0 0.691406 0.699219 0.048828 0.048828
0 0.399414 0.521973 0.060547 0.061523
0 0.886230 0.819824 0.061523 0.061523
0 0.497070 0.675293 0.060547 0.061523
0 0.389160 0.962402 0.073242 0.073242
0 0.885742 0.707520 0.048828 0.049805
0 0.499512 0.586914 0.061523 0.060547
0 0.504883 0.468262 0.060547 0.061523
0 0.228027 0.618652 0.061523 0.061523
0 0.136719 0.483398 0.037109 0.037109
0 0.226562 0.519043 0.048828 0.049805
0 0.224121 0.745605 0.061523 0.061523
0 0.220703 0.837891 0.048828 0.048828
0 0.229004 0.423340 0.061523 0.061523
0 0.048340 0.304199 0.073242 0.073242
0 0.310059 0.367188 0.073242 0.074219
0 0.127441 0.129395 0.061523 0.061523
0 0.049805 0.211426 0.048828 0.049805
0 0.137207 0.033691 0.061523 0.061523
0 0.312500 0.172363 0.060547 0.061523
0 0.313477 0.265625 0.048828 0.048828
0 0.405273 0.208008 0.048828 0.048828
0 0.502441 0.256348 0.061523 0.061523
0 0.805664 0.096191 0.060547 0.061523
0 0.403809 0.310059 0.061523 0.061523
0 0.413574 0.104980 0.061523 0.061523
0 0.601562 0.201660 0.048828 0.049805
0 0.803711 0.323730 0.048828 0.049805
0 0.698730 0.152832 0.073242 0.073242
0 0.886230 0.261230 0.061523 0.061523
0 0.601562 0.087402 0.060547 0.061523
0 0.501953 0.148926 0.060547 0.061523
0 0.892578 0.042969 0.048828 0.048828
0 0.698242 0.369141 0.048828 0.048828
0 0.894531 0.149902 0.048828 0.049805
0 0.813965 0.189941 0.024414 0.024414
0 0.698242 0.042480 0.037109 0.036133
0 0.700195 0.261719 0.037109 0.037109
0 0.889648 0.372070 0.048828 0.048828
0 0.976074 0.413574 0.024414 0.024414
0 0.970703 0.639648 0.048828 0.048828
0 0.886719 0.609375 0.037109 0.037109
0 0.888672 0.483398 0.048828 0.048828
0 0.803223 0.427246 0.024414 0.024414
0 0.625977 0.765137 0.048828 0.049805
0 0.606934 0.420410 0.024414 0.024414
0 0.606934 0.307129 0.024414 0.024414
0 0.504395 0.359863 0.024414 0.024414
0 0.395996 0.638672 0.036133 0.037109
0 0.392090 0.840820 0.084961 0.085938
0 0.686523 0.799316 0.048828 0.049805
0 0.688965 0.926270 0.024414 0.024414
0 0.494629 0.874512 0.024414 0.024414
0 0.335449 0.103027 0.024414 0.024414
0 0.227539 0.083984 0.037109 0.037109
0 0.127441 0.250488 0.036133 0.036133
0 0.234375 0.207031 0.037109 0.037109
0 0.233398 0.317871 0.048828 0.049805
0 0.131348 0.357910 0.036133 0.036133
0 0.129883 0.582031 0.037109 0.037109
0 0.127930 0.698242 0.037109 0.037109
0 0.129883 0.802734 0.037109 0.037109
0 0.125977 0.900391 0.037109 0.037109
0 0.050781 0.523438 0.048828 0.048828
0 0.046875 0.636230 0.060547 0.061523
0 0.034668 0.951172 0.036133 0.037109