0 0.253906 0.598145 0.060547 0.061523
0 0.362305 0.515137 0.060547 0.061523
0 0.077148 0.519531 0.048828 0.048828
0 0.438965 0.566895 0.061523 0.061523
0 0.084961 0.610352 0.048828 0.048828
0 0.551270 0.543457 0.061523 0.061523
0 0.166016 0.574219 0.048828 0.048828
0 0.643555 0.536133 0.048828 0.048828
0 0.263672 0.415527 0.060547 0.061523
0 0.168457 0.364746 0.061523 0.061523
0 0.172363 0.462402 0.061523 0.061523
0 0.455078 0.371094 0.048828 0.048828
0 0.375000 0.395508 0.048828 0.048828
0 0.265625 0.056152 0.048828 0.049805
0 0.264648 0.156738 0.048828 0.049805
0 0.559570 0.366211 0.048828 0.048828
0 0.460938 0.238281 0.048828 0.048828
0 0.555664 0.449219 0.048828 0.048828
0 0.639648 0.448242 0.048828 0.048828
0 0.159668 0.781738 0.061523 0.061523
0 0.549316 0.638184 0.061523 0.061523
0 0.078125 0.781250 0.060547 0.060547
0 0.364258 0.727051 0.060547 0.061523
0 0.083008 0.701660 0.060547 0.061523
0 0.253418 0.682129 0.061523 0.061523
0 0.251465 0.786621 0.061523 0.061523
0 0.361328 0.633301 0.060547 0.061523
0 0.169434 0.688965 0.061523 0.061523
0 0.360840 0.803223 0.061523 0.061523
0 0.448242 0.670410 0.060547 0.061523
0 0.453125 0.766113 0.060547 0.061523
0 0.634277 0.731934 0.061523 0.061523
0 0.633789 0.629395 0.060547 0.061523
0 0.550293 0.717285 0.061523 0.061523
0 0.556641 0.794434 0.048828 0.049805
0 0.640625 0.814941 0.048828 0.049805
0 0.709961 0.781250 0.048828 0.048828
0 0.719727 0.678711 0.048828 0.048828
0 0.957031 0.555664 0.048828 0.048828
0 0.561523 0.269531 0.037109 0.037109
0 0.452148 0.472656 0.048828 0.048828
0 0.377930 0.280273 0.037109 0.037109
0 0.747070 0.075195 0.037109 0.037109
0 0.748047 0.164062 0.037109 0.037109
0 0.833008 0.147461 0.037109 0.037109
0 0.907715 0.044434 0.061523 0.061523
0 0.899414 0.143555 0.048828 0.048828
0 0.379395 0.105957 0.036133 0.036133
0 0.373047 0.187988 0.048828 0.049805
0 0.467773 0.125000 0.037109 0.037109
0 0.529785 0.087891 0.036133 0.037109
0 0.172363 0.126953 0.036133 0.037109
0 0.079102 0.121094 0.037109 0.037109
0 0.693359 0.027344 0.048828 0.048828