0 0.658203 0.479004 0.060547 0.061523
0 0.364258 0.628906 0.085938 0.085938
0 0.560547 0.556152 0.060547 0.061523
0 0.559082 0.658203 0.073242 0.074219
0 0.463867 0.480469 0.048828 0.048828
0 0.956543 0.926270 0.061523 0.061523
0 0.942383 0.283203 0.048828 0.048828
0 0.844238 0.372559 0.061523 0.061523
0 0.752441 0.327637 0.061523 0.061523
0 0.840820 0.932617 0.048828 0.048828
0 0.944336 0.732910 0.048828 0.049805
0 0.846191 0.603027 0.061523 0.061523
0 0.942383 0.617676 0.048828 0.049805
0 0.766602 0.541504 0.048828 0.049805
0 0.935059 0.069336 0.122070 0.123047
0 0.934570 0.203613 0.109375 0.110352
0 0.845703 0.153809 0.097656 0.098633
0 0.750488 0.221680 0.110352 0.111328
0 0.741211 0.099609 0.097656 0.097656
0 0.653320 0.153320 0.109375 0.111328
0 0.659180 0.249023 0.085938 0.085938
0 0.565430 0.075195 0.109375 0.111328
0 0.562012 0.197266 0.122070 0.123047
0 0.569824 0.305664 0.122070 0.123047
0 0.463867 0.155762 0.097656 0.098633
0 0.466309 0.258301 0.110352 0.110352
0 0.370117 0.103027 0.097656 0.098633
0 0.365234 0.209473 0.097656 0.098633
0 0.370117 0.329590 0.085938 0.086914
0 0.270020 0.155762 0.122070 0.122070
0 0.270020 0.271973 0.122070 0.122070
0 0.183594 0.090332 0.097656 0.098633
0 0.180664 0.206543 0.097656 0.098633
0 0.177734 0.331543 0.097656 0.098633
0 0.084961 0.153809 0.097656 0.098633
0 0.363770 0.422852 0.084961 0.085938
0 0.363281 0.536621 0.097656 0.098633
0 0.257812 0.579102 0.085938 0.085938
0 0.269531 0.489258 0.085938 0.085938
0 0.276367 0.378906 0.085938 0.085938
0 0.185547 0.431152 0.097656 0.098633
0 0.935547 0.539062 0.048828 0.048828
0 0.938477 0.434570 0.037109 0.037109
0 0.845703 0.278320 0.048828 0.048828
0 0.840820 0.485840 0.048828 0.049805
0 0.767578 0.633301 0.048828 0.049805
0 0.763184 0.441895 0.061523 0.061523
0 0.649414 0.366699 0.048828 0.049805
0 0.564453 0.429199 0.060547 0.061523
0 0.562988 0.753906 0.024414 0.025391
0 0.664062 0.698242 0.048828 0.048828
0 0.658203 0.580566 0.048828 0.049805
0 0.841797 0.704590 0.048828 0.049805
0 0.949219 0.833496 0.048828 0.049805
0 0.836914 0.818359 0.048828 0.048828
0 0.763184 0.861816 0.024414 0.024414
0 0.768066 0.986816 0.024414 0.024414
0 0.653809 0.790527 0.024414 0.024414
0 0.458008 0.704102 0.048828 0.048828
0 0.460938 0.815430 0.048828 0.048828
0 0.360352 0.951172 0.048828 0.048828
0 0.360352 0.846680 0.048828 0.048828
0 0.367188 0.735352 0.048828 0.048828
0 0.249023 0.700684 0.023438 0.024414
0 0.243164 0.803711 0.048828 0.048828
0 0.232422 0.916504 0.037109 0.036133
0 0.164062 0.647461 0.048828 0.048828
0 0.163574 0.763184 0.024414 0.024414
0 0.156738 0.890137 0.024414 0.024414
0 0.070801 0.700684 0.036133 0.036133
0 0.070801 0.830566 0.024414 0.024414
0 0.064941 0.939941 0.024414 0.024414
1 0.464844 0.382812 0.048828 0.048828
0 0.466309 0.593262 0.024414 0.024414
0 0.072754 0.380859 0.036133 0.037109
0 0.166992 0.541016 0.048828 0.048828
0 0.074219 0.478516 0.048828 0.048828
0 0.074707 0.580078 0.036133 0.037109
0 0.079102 0.266602 0.037109 0.037109
0 0.562012 0.975098 0.024414 0.024414