1 0.135742 0.453613 0.097656 0.098633
0 0.809082 0.070801 0.110352 0.110352
0 0.620117 0.079102 0.097656 0.097656
0 0.424316 0.068848 0.110352 0.110352
0 0.514160 0.124023 0.110352 0.111328
0 0.330078 0.123535 0.109375 0.110352
0 0.241699 0.073730 0.110352 0.110352
0 0.137207 0.118652 0.110352 0.110352
0 0.892090 0.129395 0.110352 0.110352
0 0.895996 0.247070 0.122070 0.123047
0 0.893555 0.349121 0.109375 0.110352
0 0.890137 0.462402 0.122070 0.122070
0 0.896484 0.569824 0.109375 0.110352
0 0.805664 0.187012 0.109375 0.110352
0 0.802734 0.295410 0.097656 0.098633
0 0.808594 0.387207 0.097656 0.098633
0 0.803223 0.520020 0.110352 0.110352
0 0.796875 0.628418 0.097656 0.098633
0 0.705078 0.129395 0.097656 0.098633
0 0.715820 0.243652 0.097656 0.098633
0 0.708496 0.353027 0.110352 0.110352
0 0.703613 0.472168 0.110352 0.110352
0 0.707031 0.569824 0.097656 0.098633
0 0.612793 0.187012 0.110352 0.110352
0 0.613770 0.297363 0.110352 0.110352
0 0.611328 0.412598 0.109375 0.110352
0 0.608398 0.518066 0.109375 0.110352
0 0.604492 0.622070 0.097656 0.097656
0 0.513184 0.244141 0.122070 0.123047
0 0.514648 0.350098 0.109375 0.110352
0 0.513672 0.458496 0.109375 0.110352
0 0.516113 0.565430 0.110352 0.111328
0 0.424316 0.500977 0.110352 0.111328
0 0.424316 0.403320 0.073242 0.074219
0 0.429199 0.299805 0.122070 0.123047
0 0.424805 0.176270 0.109375 0.110352
0 0.887207 0.671387 0.110352 0.110352
0 0.880371 0.793945 0.122070 0.123047
0 0.890137 0.887695 0.122070 0.123047
0 0.798340 0.745605 0.110352 0.110352
0 0.799805 0.844727 0.097656 0.097656
0 0.707031 0.692383 0.097656 0.097656
0 0.703125 0.796875 0.097656 0.097656
0 0.694336 0.903320 0.109375 0.111328
0 0.610352 0.730469 0.097656 0.097656
0 0.602539 0.840820 0.109375 0.111328
0 0.597168 0.937012 0.110352 0.110352
0 0.508301 0.677734 0.110352 0.111328
0 0.513184 0.896973 0.110352 0.110352
0 0.515137 0.780762 0.110352 0.110352
0 0.413574 0.730469 0.122070 0.123047
0 0.419434 0.846680 0.122070 0.123047
0 0.410645 0.622559 0.110352 0.110352
0 0.313965 0.568848 0.110352 0.110352
0 0.325195 0.676270 0.109375 0.110352
0 0.315430 0.782715 0.109375 0.110352
0 0.315430 0.891113 0.109375 0.110352
0 0.138672 0.231445 0.109375 0.111328
0 0.140625 0.340332 0.109375 0.110352
0 0.139160 0.569824 0.110352 0.110352
0 0.223633 0.617676 0.109375 0.110352
0 0.224609 0.498535 0.109375 0.110352
0 0.231445 0.404297 0.109375 0.111328
0 0.228516 0.284180 0.097656 0.097656
0 0.232910 0.171875 0.110352 0.111328
0 0.328613 0.229980 0.110352 0.110352
0 0.325195 0.340820 0.097656 0.097656
0 0.325684 0.455078 0.110352 0.111328
1 0.230957 0.730957 0.110352 0.110352
0 0.235840 0.831543 0.084961 0.086914
0 0.135254 0.685059 0.110352 0.110352
0 0.131348 0.787598 0.110352 0.110352
0 0.134766 0.898926 0.097656 0.098633