0 0.653809 0.089844 0.084961 0.085938
0 0.579102 0.238281 0.048828 0.048828
0 0.653320 0.300781 0.048828 0.048828
0 0.578613 0.128418 0.061523 0.061523
0 0.081543 0.055664 0.073242 0.074219
0 0.476074 0.088379 0.061523 0.061523
0 0.087402 0.275879 0.061523 0.061523
0 0.646973 0.963379 0.061523 0.061523
0 0.078125 0.736816 0.060547 0.061523
0 0.195312 0.769043 0.060547 0.061523
0 0.076172 0.854004 0.060547 0.061523
0 0.080078 0.962402 0.060547 0.061523
0 0.752930 0.355469 0.048828 0.048828
0 0.752930 0.474121 0.060547 0.061523
0 0.753906 0.249023 0.048828 0.048828
0 0.753418 0.806152 0.061523 0.061523
0 0.846680 0.523926 0.048828 0.049805
0 0.751953 0.568848 0.060547 0.061523
0 0.753906 0.914551 0.060547 0.061523
0 0.763184 0.687988 0.073242 0.073242
0 0.837891 0.964355 0.060547 0.061523
0 0.185547 0.897461 0.048828 0.048828
0 0.751465 0.116211 0.084961 0.085938
0 0.846191 0.078613 0.110352 0.110352
0 0.943359 0.899902 0.097656 0.098633
0 0.943359 0.810547 0.109375 0.111328
0 0.215820 0.033691 0.048828 0.049805
0 0.664062 0.179199 0.060547 0.061523
0 0.664062 0.406250 0.037109 0.037109
0 0.276367 0.067871 0.048828 0.049805
0 0.281738 0.398926 0.024414 0.024414
0 0.278809 0.194824 0.024414 0.024414
0 0.081055 0.391602 0.037109 0.037109
0 0.204590 0.366211 0.036133 0.037109
0 0.084473 0.143066 0.024414 0.024414
0 0.842773 0.415039 0.037109 0.037109
0 0.842773 0.645020 0.048828 0.049805
0 0.846680 0.750000 0.048828 0.048828
0 0.841309 0.854980 0.061523 0.061523
0 0.848633 0.191406 0.048828 0.048828
0 0.849609 0.291992 0.048828 0.048828
0 0.379883 0.802734 0.048828 0.048828
0 0.456055 0.966797 0.037109 0.037109
0 0.371582 0.915527 0.024414 0.024414
0 0.268555 0.854004 0.048828 0.049805
0 0.270020 0.730469 0.024414 0.025391
0 0.274414 0.623047 0.037109 0.037109
0 0.200195 0.576172 0.037109 0.037109
0 0.194336 0.672363 0.060547 0.061523
0 0.083008 0.510742 0.037109 0.037109
0 0.082031 0.627930 0.037109 0.037109
0 0.196289 0.469727 0.037109 0.037109