0 0.200684 0.381836 0.073242 0.074219
0 0.196777 0.590332 0.061523 0.061523
0 0.119629 0.849121 0.061523 0.061523
0 0.562012 0.704590 0.061523 0.061523
0 0.283691 0.858398 0.084961 0.085938
0 0.948730 0.926270 0.073242 0.073242
0 0.855957 0.874023 0.073242 0.074219
0 0.758301 0.911133 0.122070 0.123047
0 0.667480 0.861328 0.073242 0.074219
0 0.570801 0.908203 0.073242 0.074219
0 0.477539 0.856934 0.097656 0.098633
0 0.381348 0.910156 0.122070 0.123047
0 0.194336 0.903809 0.085938 0.086914
0 0.871094 0.665527 0.097656 0.098633
0 0.863281 0.572754 0.109375 0.110352
0 0.867676 0.458008 0.122070 0.123047
0 0.866699 0.336914 0.122070 0.123047
0 0.866699 0.225586 0.122070 0.123047
0 0.867676 0.107422 0.073242 0.074219
0 0.775391 0.167969 0.097656 0.097656
0 0.771973 0.296875 0.122070 0.123047
0 0.772461 0.393066 0.109375 0.110352
0 0.771484 0.505371 0.109375 0.110352
0 0.774414 0.617676 0.109375 0.110352
0 0.675293 0.648926 0.110352 0.110352
0 0.677246 0.548340 0.110352 0.110352
0 0.681152 0.438965 0.110352 0.110352
0 0.681641 0.325684 0.109375 0.110352
0 0.677734 0.215332 0.109375 0.110352
0 0.680664 0.110352 0.097656 0.097656
0 0.582520 0.166504 0.110352 0.110352
0 0.588867 0.276855 0.097656 0.098633
0 0.580078 0.397949 0.097656 0.098633
0 0.581543 0.503418 0.110352 0.110352
0 0.581055 0.614746 0.097656 0.098633
0 0.493652 0.117676 0.110352 0.110352
0 0.483887 0.220215 0.110352 0.110352
0 0.480957 0.335449 0.110352 0.110352
0 0.489258 0.437012 0.109375 0.110352
0 0.485352 0.579590 0.109375 0.110352
0 0.481445 0.676758 0.085938 0.085938
0 0.394531 0.170410 0.109375 0.110352
0 0.392578 0.276855 0.109375 0.110352
0 0.390625 0.393066 0.109375 0.110352
0 0.386719 0.505371 0.109375 0.110352
0 0.395996 0.603027 0.110352 0.110352
0 0.298828 0.225098 0.097656 0.098633
0 0.291016 0.331543 0.109375 0.110352
0 0.288574 0.438965 0.110352 0.110352
0 0.290527 0.560547 0.084961 0.085938
0 0.292480 0.667969 0.073242 0.074219
0 0.203613 0.166992 0.084961 0.085938
0 0.193848 0.282715 0.110352 0.110352
0 0.202637 0.494141 0.073242 0.074219
0 0.205566 0.671875 0.073242 0.074219
0 0.113770 0.114746 0.110352 0.110352
0 0.100098 0.213379 0.110352 0.110352
0 0.101074 0.316406 0.073242 0.074219
0 0.101562 0.416992 0.085938 0.085938
0 0.109375 0.508789 0.085938 0.085938
0 0.112305 0.627441 0.097656 0.098633
0 0.023438 0.396484 0.037109 0.037109
0 0.767578 0.060547 0.109375 0.111328
0 0.294922 0.109863 0.109375 0.110352
0 0.208496 0.067871 0.110352 0.110352