0 0.119629 0.226074 0.110352 0.110352
0 0.115723 0.110352 0.110352 0.111328
0 0.218262 0.080078 0.122070 0.123047
0 0.226074 0.170898 0.110352 0.111328
0 0.307617 0.116699 0.109375 0.110352
0 0.315918 0.212891 0.122070 0.123047
0 0.412598 0.100586 0.122070 0.123047
0 0.416504 0.202148 0.122070 0.123047
0 0.511230 0.102051 0.110352 0.110352
0 0.599609 0.065918 0.109375 0.110352
0 0.708008 0.095215 0.109375 0.110352
1 0.689941 0.229980 0.122070 0.122070
0 0.788086 0.180176 0.109375 0.110352
0 0.791504 0.060059 0.110352 0.110352
0 0.886719 0.117676 0.097656 0.098633
0 0.885254 0.235840 0.110352 0.110352
0 0.881836 0.336426 0.097656 0.098633
0 0.875488 0.441895 0.110352 0.110352
0 0.871094 0.560059 0.109375 0.110352
0 0.877930 0.675293 0.109375 0.110352
0 0.787109 0.280762 0.097656 0.098633
0 0.786133 0.391113 0.109375 0.110352
0 0.787109 0.498535 0.109375 0.110352
0 0.785156 0.611816 0.109375 0.110352
1 0.695312 0.329590 0.097656 0.098633
0 0.697754 0.437988 0.110352 0.110352
0 0.694824 0.562012 0.110352 0.110352
0 0.688965 0.672363 0.110352 0.110352
0 0.607422 0.292480 0.097656 0.098633
0 0.595703 0.388184 0.097656 0.098633
0 0.591797 0.506348 0.097656 0.098633
0 0.501465 0.352539 0.122070 0.123047
0 0.500000 0.439941 0.097656 0.098633
0 0.498047 0.551758 0.097656 0.097656
0 0.496094 0.658203 0.097656 0.097656
0 0.481445 0.778320 0.097656 0.097656
0 0.590332 0.607910 0.110352 0.110352
0 0.590820 0.727539 0.109375 0.111328
0 0.687988 0.777832 0.110352 0.110352
0 0.779785 0.722168 0.110352 0.110352
0 0.880859 0.785645 0.109375 0.110352
0 0.397949 0.404297 0.122070 0.123047
0 0.312988 0.436523 0.110352 0.111328
0 0.219238 0.487305 0.122070 0.123047
0 0.116211 0.552246 0.109375 0.110352
0 0.209961 0.595215 0.097656 0.098633
0 0.306641 0.544922 0.097656 0.097656
0 0.125000 0.655762 0.109375 0.110352
0 0.121582 0.774414 0.084961 0.085938
0 0.215820 0.720215 0.097656 0.098633
0 0.303223 0.657715 0.110352 0.110352
0 0.302246 0.771973 0.110352 0.110352
0 0.404785 0.714844 0.122070 0.123047
0 0.406738 0.607422 0.122070 0.123047
0 0.873047 0.899902 0.109375 0.110352
0 0.779297 0.942871 0.097656 0.098633
0 0.783691 0.834473 0.110352 0.110352
0 0.682129 0.878418 0.110352 0.110352
0 0.598633 0.837402 0.109375 0.110352
0 0.496094 0.890137 0.109375 0.110352
0 0.304199 0.878906 0.122070 0.123047
0 0.408691 0.828125 0.122070 0.123047
0 0.210938 0.940430 0.109375 0.111328
0 0.213867 0.826172 0.109375 0.111328
0 0.123047 0.881836 0.097656 0.097656
0 0.019043 0.711426 0.024414 0.024414