0 0.791992 0.504883 0.048828 0.048828
0 0.786621 0.609863 0.061523 0.061523
0 0.791504 0.407715 0.061523 0.061523
0 0.790039 0.294434 0.060547 0.061523
0 0.789551 0.724121 0.061523 0.061523
0 0.783203 0.938965 0.060547 0.061523
0 0.787109 0.824707 0.060547 0.061523
0 0.862305 0.904297 0.048828 0.048828
0 0.881836 0.241211 0.048828 0.048828
0 0.870605 0.564941 0.047852 0.049805
0 0.877930 0.353027 0.060547 0.061523
0 0.867676 0.793457 0.073242 0.073242
0 0.260254 0.922363 0.061523 0.061523
0 0.246094 0.279297 0.048828 0.048828
0 0.147949 0.368652 0.061523 0.061523
0 0.056152 0.323730 0.061523 0.061523
0 0.414551 0.796387 0.061523 0.061523
0 0.339844 0.603027 0.060547 0.061523
0 0.144531 0.928711 0.048828 0.048828
0 0.248047 0.729004 0.048828 0.049805
0 0.431641 0.701660 0.060547 0.061523
0 0.706543 0.449707 0.061523 0.061523
0 0.615234 0.314453 0.037109 0.037109
0 0.345215 0.269531 0.036133 0.037109
0 0.600098 0.960449 0.061523 0.061523
0 0.149902 0.599121 0.061523 0.061523
0 0.705078 0.350098 0.048828 0.049805
0 0.426758 0.244141 0.037109 0.037109
0 0.337891 0.375000 0.048828 0.048828
0 0.246094 0.613770 0.048828 0.049805
0 0.702637 0.576660 0.061523 0.061523
0 0.699219 0.668945 0.048828 0.048828
0 0.070312 0.537598 0.048828 0.049805
0 0.707520 0.254395 0.061523 0.061523
0 0.526855 0.135254 0.073242 0.073242
0 0.788574 0.198242 0.073242 0.074219
0 0.528320 0.042480 0.048828 0.049805
0 0.791992 0.096680 0.048828 0.048828
0 0.883789 0.039062 0.048828 0.048828
0 0.882324 0.141113 0.061523 0.061523
0 0.430176 0.144043 0.122070 0.122070
0 0.331055 0.155762 0.097656 0.098633
0 0.238770 0.065430 0.122070 0.123047
0 0.238281 0.199707 0.109375 0.110352
0 0.149414 0.149902 0.097656 0.098633
0 0.982910 0.190918 0.024414 0.024414
0 0.874512 0.469727 0.036133 0.037109
0 0.870605 0.671875 0.084961 0.085938
0 0.969727 0.954102 0.037109 0.037109
0 0.973145 0.705566 0.024414 0.024414
0 0.605957 0.081543 0.036133 0.036133
0 0.712891 0.038086 0.037109 0.037109
0 0.711914 0.148926 0.048828 0.049805
0 0.609863 0.188965 0.036133 0.036133
0 0.608398 0.413086 0.037109 0.037109
0 0.606445 0.529297 0.037109 0.037109
0 0.608398 0.633789 0.037109 0.037109
0 0.604492 0.731445 0.037109 0.037109
0 0.529297 0.354492 0.048828 0.048828
0 0.420410 0.365234 0.036133 0.037109
0 0.432129 0.491211 0.036133 0.037109
0 0.431641 0.574219 0.048828 0.048828
0 0.525391 0.467285 0.060547 0.061523
0 0.336914 0.484375 0.037109 0.037109
0 0.239258 0.535156 0.048828 0.048828
0 0.242188 0.430664 0.037109 0.037109
0 0.149414 0.274414 0.048828 0.048828
0 0.144531 0.481934 0.048828 0.049805
0 0.071289 0.629395 0.048828 0.049805
0 0.066895 0.437988 0.061523 0.061523
0 0.145508 0.700684 0.048828 0.049805
0 0.338867 0.700684 0.048828 0.049805
0 0.513184 0.782227 0.036133 0.037109
0 0.508789 0.910645 0.048828 0.049805
0 0.422852 0.908691 0.048828 0.049805
0 0.342773 0.886230 0.048828 0.049805
0 0.252930 0.829590 0.048828 0.049805
0 0.140625 0.814453 0.048828 0.048828
0 0.066895 0.857910 0.024414 0.024414
0 0.071777 0.982910 0.024414 0.024414