0 0.345215 0.675781 0.073242 0.074219
0 0.341309 0.884277 0.061523 0.061523
0 0.066406 0.971191 0.048828 0.049805
0 0.166016 0.783203 0.048828 0.048828
0 0.169434 0.901855 0.061523 0.061523
0 0.066895 0.857910 0.061523 0.061523
0 0.919922 0.461914 0.097656 0.097656
0 0.916504 0.590820 0.122070 0.123047
0 0.916992 0.687012 0.109375 0.110352
0 0.916016 0.799316 0.109375 0.110352
0 0.918945 0.911621 0.109375 0.110352
0 0.819824 0.942871 0.110352 0.110352
0 0.821777 0.842285 0.110352 0.110352
0 0.825684 0.732910 0.110352 0.110352
0 0.826172 0.619629 0.109375 0.110352
0 0.822266 0.509277 0.109375 0.110352
0 0.825195 0.404297 0.097656 0.097656
0 0.727051 0.460449 0.110352 0.110352
0 0.733398 0.570801 0.097656 0.098633
0 0.724609 0.691895 0.097656 0.098633
0 0.726074 0.797363 0.110352 0.110352
0 0.725586 0.908691 0.097656 0.098633
0 0.638184 0.411621 0.110352 0.110352
0 0.628418 0.514160 0.110352 0.110352
0 0.625488 0.629395 0.110352 0.110352
0 0.633789 0.730957 0.109375 0.110352
0 0.629883 0.873535 0.109375 0.110352
0 0.539062 0.464355 0.109375 0.110352
0 0.537109 0.570801 0.109375 0.110352
0 0.535156 0.687012 0.109375 0.110352
0 0.531250 0.799316 0.109375 0.110352
0 0.540527 0.896973 0.110352 0.110352
0 0.443359 0.519043 0.097656 0.098633
0 0.435547 0.625488 0.109375 0.110352
0 0.433105 0.732910 0.110352 0.110352
0 0.435059 0.854492 0.084961 0.085938
0 0.437012 0.961914 0.073242 0.074219
0 0.348145 0.460938 0.084961 0.085938
0 0.338379 0.576660 0.110352 0.110352
0 0.347168 0.788086 0.073242 0.074219
0 0.258301 0.408691 0.110352 0.110352
0 0.244629 0.507324 0.110352 0.110352
0 0.245605 0.610352 0.073242 0.074219
0 0.246094 0.710938 0.085938 0.085938
0 0.253906 0.802734 0.085938 0.085938
0 0.256836 0.921387 0.097656 0.098633
0 0.167969 0.690430 0.037109 0.037109
0 0.074707 0.750977 0.036133 0.037109
0 0.170898 0.466309 0.109375 0.110352
0 0.160156 0.566406 0.109375 0.111328
0 0.082520 0.421875 0.122070 0.123047
0 0.071777 0.521484 0.110352 0.111328
0 0.069824 0.627441 0.110352 0.110352
0 0.923340 0.148926 0.110352 0.110352
0 0.924805 0.248047 0.097656 0.097656
0 0.912109 0.354492 0.109375 0.111328
0 0.832031 0.095703 0.097656 0.097656
0 0.828125 0.200195 0.097656 0.097656
0 0.819336 0.306641 0.109375 0.111328
0 0.735352 0.133789 0.097656 0.097656
0 0.727539 0.244141 0.109375 0.111328
0 0.722168 0.340332 0.110352 0.110352
0 0.633301 0.081055 0.110352 0.111328
0 0.638184 0.300293 0.110352 0.110352
0 0.640137 0.184082 0.110352 0.110352
0 0.538574 0.133789 0.122070 0.123047
0 0.544434 0.250000 0.122070 0.123047
0 0.538574 0.350098 0.122070 0.122070
0 0.450195 0.079590 0.109375 0.110352
0 0.440430 0.186035 0.109375 0.110352
0 0.440430 0.294434 0.109375 0.110352
0 0.439453 0.403809 0.109375 0.110352
0 0.082031 0.069824 0.097656 0.098633
1 0.355957 0.134277 0.110352 0.110352
0 0.360840 0.234863 0.084961 0.086914
0 0.353027 0.361816 0.110352 0.110352
0 0.260254 0.088379 0.110352 0.110352
0 0.256348 0.190918 0.110352 0.110352
0 0.259766 0.302246 0.097656 0.098633
0 0.169922 0.132324 0.109375 0.110352
0 0.168945 0.248535 0.097656 0.098633
0 0.166016 0.358887 0.109375 0.110352
0 0.079102 0.198730 0.097656 0.098633
0 0.080078 0.289062 0.097656 0.097656