0 0.251465 0.645996 0.073242 0.073242
0 0.060059 0.174316 0.061523 0.061523
0 0.264648 0.119629 0.060547 0.061523
0 0.153809 0.074707 0.061523 0.061523
0 0.151855 0.179199 0.061523 0.061523
0 0.346191 0.708496 0.073242 0.073242
0 0.254883 0.530273 0.060547 0.060547
0 0.438965 0.427734 0.073242 0.074219
0 0.069824 0.081543 0.061523 0.061523
0 0.155762 0.374023 0.073242 0.074219
0 0.261230 0.195801 0.061523 0.061523
0 0.431152 0.637207 0.073242 0.073242
0 0.348145 0.372559 0.061523 0.061523
0 0.353516 0.466309 0.060547 0.061523
0 0.348633 0.062988 0.060547 0.061523
0 0.353516 0.158691 0.060547 0.061523
0 0.526367 0.732422 0.085938 0.085938
0 0.534668 0.124512 0.061523 0.061523
0 0.450684 0.109863 0.061523 0.061523
0 0.437012 0.767090 0.073242 0.073242
0 0.457031 0.187012 0.048828 0.049805
0 0.541016 0.207520 0.048828 0.049805
0 0.527832 0.604492 0.073242 0.074219
0 0.529785 0.827148 0.084961 0.085938
0 0.428223 0.959961 0.073242 0.074219
0 0.434082 0.874023 0.073242 0.074219
0 0.610352 0.173828 0.048828 0.048828
0 0.627441 0.763672 0.073242 0.074219
0 0.620117 0.071289 0.048828 0.048828
0 0.625977 0.668457 0.060547 0.061523
0 0.820801 0.672852 0.084961 0.085938
0 0.518555 0.928711 0.097656 0.097656
0 0.623047 0.880371 0.109375 0.110352
1 0.344238 0.589355 0.061523 0.061523
0 0.341309 0.831055 0.084961 0.085938
0 0.342773 0.920898 0.085938 0.085938
0 0.256348 0.751465 0.084961 0.086914
0 0.250977 0.878906 0.085938 0.085938
0 0.149414 0.588867 0.097656 0.097656
0 0.155273 0.709473 0.097656 0.098633
0 0.152832 0.813965 0.110352 0.110352
0 0.146484 0.916504 0.097656 0.098633
0 0.054199 0.852539 0.084961 0.085938
0 0.062500 0.749023 0.085938 0.085938
0 0.053223 0.625000 0.084961 0.085938
0 0.534180 0.376953 0.048828 0.048828
0 0.530273 0.481445 0.048828 0.048828
0 0.438965 0.522461 0.073242 0.074219
0 0.259277 0.412109 0.084961 0.085938
0 0.156738 0.467773 0.084961 0.085938
0 0.064941 0.520996 0.084961 0.086914
0 0.073242 0.428711 0.097656 0.097656
0 0.820801 0.872070 0.122070 0.123047
0 0.730469 0.830078 0.109375 0.111328
0 0.915039 0.943359 0.109375 0.111328