1 0.208008 0.548340 0.097656 0.098633
0 0.879883 0.056152 0.097656 0.098633
0 0.788086 0.104980 0.097656 0.098633
0 0.881348 0.165527 0.110352 0.110352
0 0.692383 0.173828 0.097656 0.097656
0 0.687500 0.056152 0.109375 0.110352
0 0.593262 0.108398 0.110352 0.111328
0 0.496582 0.163574 0.110352 0.110352
0 0.586426 0.218750 0.110352 0.111328
0 0.304688 0.059082 0.109375 0.110352
0 0.398438 0.118652 0.109375 0.110352
0 0.402344 0.218262 0.109375 0.110352
0 0.313965 0.168457 0.110352 0.110352
0 0.209473 0.213379 0.110352 0.110352
0 0.210938 0.102051 0.097656 0.098633
0 0.122070 0.144043 0.109375 0.110352
0 0.877930 0.281738 0.109375 0.110352
0 0.875000 0.390137 0.097656 0.098633
0 0.880859 0.481934 0.097656 0.098633
0 0.875488 0.614746 0.110352 0.110352
0 0.869141 0.723145 0.097656 0.098633
0 0.777344 0.224121 0.097656 0.098633
0 0.788086 0.338379 0.097656 0.098633
0 0.780762 0.447754 0.110352 0.110352
0 0.775879 0.566895 0.110352 0.110352
0 0.779297 0.664551 0.097656 0.098633
0 0.685059 0.281738 0.110352 0.110352
0 0.686035 0.392090 0.110352 0.110352
0 0.683594 0.507324 0.109375 0.110352
0 0.680664 0.612793 0.109375 0.110352
0 0.676758 0.716797 0.097656 0.097656
0 0.585449 0.338867 0.122070 0.123047
0 0.586914 0.444824 0.109375 0.110352
0 0.585938 0.553223 0.109375 0.110352
0 0.588379 0.660156 0.110352 0.111328
0 0.496582 0.595703 0.110352 0.111328
0 0.496582 0.498047 0.073242 0.074219
0 0.501465 0.394531 0.122070 0.123047
0 0.497070 0.270996 0.109375 0.110352
0 0.870605 0.840332 0.110352 0.110352
0 0.872070 0.939453 0.097656 0.097656
0 0.779297 0.787109 0.097656 0.097656
0 0.775391 0.891602 0.097656 0.097656
0 0.682617 0.825195 0.097656 0.097656
0 0.674805 0.935547 0.109375 0.111328
0 0.580566 0.772461 0.110352 0.111328
0 0.587402 0.875488 0.110352 0.110352
0 0.485840 0.825195 0.122070 0.123047
0 0.482910 0.717285 0.110352 0.110352
0 0.386230 0.663574 0.110352 0.110352
0 0.397461 0.770996 0.109375 0.110352
0 0.387695 0.877441 0.109375 0.110352
0 0.109863 0.710449 0.110352 0.110352
0 0.117676 0.604980 0.110352 0.110352
0 0.113770 0.490723 0.110352 0.110352
0 0.107910 0.395020 0.110352 0.110352
0 0.113281 0.267578 0.109375 0.111328
0 0.210938 0.326172 0.109375 0.111328
0 0.212891 0.435059 0.109375 0.110352
0 0.211426 0.664551 0.110352 0.110352
0 0.295898 0.712402 0.109375 0.110352
0 0.296875 0.593262 0.109375 0.110352
0 0.303711 0.499023 0.109375 0.111328
0 0.300781 0.378906 0.097656 0.097656
0 0.305176 0.266602 0.110352 0.111328
0 0.400879 0.324707 0.110352 0.110352
0 0.397461 0.435547 0.097656 0.097656
0 0.397949 0.549805 0.110352 0.111328
1 0.303223 0.825684 0.110352 0.110352
0 0.308105 0.926270 0.084961 0.086914
0 0.207520 0.779785 0.110352 0.110352
0 0.203613 0.882324 0.110352 0.110352
0 0.117188 0.823730 0.109375 0.110352
0 0.116211 0.939941 0.097656 0.098633