0 0.672363 0.636230 0.061523 0.061523
0 0.764648 0.714844 0.048828 0.048828
0 0.769531 0.596191 0.048828 0.049805
0 0.511719 0.618652 0.060547 0.061523
0 0.153320 0.626953 0.048828 0.048828
0 0.232422 0.692383 0.048828 0.048828
0 0.415527 0.676270 0.061523 0.061523
0 0.862305 0.645996 0.048828 0.049805
0 0.235352 0.567871 0.060547 0.061523
0 0.872559 0.411621 0.073242 0.073242
0 0.874512 0.522949 0.073242 0.073242
0 0.872559 0.175293 0.061523 0.061523
0 0.773438 0.478027 0.060547 0.061523
0 0.873047 0.299316 0.060547 0.061523
0 0.160156 0.416016 0.048828 0.048828
0 0.163086 0.214844 0.048828 0.048828
0 0.159180 0.322266 0.048828 0.048828
0 0.155273 0.531738 0.060547 0.061523
0 0.428711 0.380371 0.060547 0.061523
0 0.514648 0.138184 0.060547 0.061523
0 0.599609 0.041504 0.060547 0.061523
0 0.158691 0.099121 0.061523 0.061523
0 0.344727 0.198242 0.048828 0.048828
0 0.233398 0.263672 0.037109 0.037109
0 0.343750 0.104492 0.048828 0.048828
0 0.521484 0.232422 0.048828 0.048828
0 0.433594 0.269531 0.060547 0.060547
0 0.233887 0.149414 0.073242 0.074219
0 0.437012 0.192871 0.061523 0.061523
0 0.232422 0.479980 0.060547 0.061523
0 0.589844 0.263672 0.048828 0.048828
0 0.504883 0.520508 0.048828 0.048828
0 0.224609 0.376953 0.048828 0.048828
0 0.424316 0.467773 0.073242 0.074219
0 0.233887 0.047852 0.073242 0.074219
0 0.041016 0.660645 0.048828 0.049805
0 0.044922 0.563965 0.048828 0.049805
0 0.046387 0.144043 0.061523 0.061523
0 0.043945 0.377441 0.060547 0.061523
0 0.041992 0.259277 0.048828 0.049805
0 0.055176 0.041992 0.036133 0.037109
0 0.946777 0.599121 0.061523 0.061523
0 0.954102 0.257324 0.060547 0.061523
0 0.956055 0.383301 0.060547 0.061523
0 0.951660 0.703613 0.061523 0.061523
0 0.510254 0.849121 0.061523 0.061523
0 0.411621 0.782715 0.061523 0.061523
0 0.763184 0.918945 0.073242 0.074219
0 0.673340 0.850098 0.061523 0.061523
0 0.516602 0.752930 0.060547 0.060547
0 0.509277 0.943848 0.061523 0.061523
0 0.861328 0.864258 0.048828 0.048828
0 0.866211 0.756348 0.048828 0.049805
0 0.581543 0.906250 0.073242 0.074219
0 0.670898 0.737305 0.048828 0.048828
0 0.582031 0.780273 0.060547 0.060547
0 0.769531 0.810059 0.060547 0.061523
0 0.957520 0.485352 0.036133 0.037109
0 0.957031 0.812988 0.048828 0.049805
0 0.867188 0.943359 0.048828 0.048828
0 0.675293 0.556641 0.036133 0.037109
0 0.689453 0.435059 0.037109 0.036133
0 0.588867 0.566406 0.048828 0.048828
0 0.598633 0.678711 0.037109 0.037109
0 0.513672 0.427734 0.037109 0.037109
0 0.423828 0.575195 0.048828 0.048828
0 0.340820 0.630859 0.048828 0.048828
0 0.335938 0.729004 0.060547 0.061523
0 0.348633 0.418945 0.048828 0.048828
0 0.146973 0.731934 0.024414 0.024414
0 0.044434 0.475586 0.036133 0.037109
0 0.954102 0.162109 0.048828 0.048828
0 0.876465 0.078125 0.036133 0.037109
0 0.688965 0.083496 0.036133 0.036133
0 0.588867 0.145508 0.037109 0.037109
0 0.437500 0.055664 0.048828 0.048828
0 0.781738 0.229980 0.036133 0.036133
0 0.684570 0.324219 0.037109 0.037109
0 0.516602 0.333984 0.048828 0.048828
0 0.592773 0.365234 0.037109 0.037109
0 0.345215 0.284668 0.024414 0.024414
0 0.352051 0.514160 0.024414 0.024414
0 0.054199 0.765137 0.024414 0.024414