0 0.197266 0.924316 0.060547 0.061523
0 0.196289 0.695312 0.048828 0.048828
0 0.100586 0.879395 0.048828 0.049805
0 0.191406 0.482910 0.048828 0.049805
0 0.101074 0.433105 0.061523 0.061523
0 0.107422 0.214844 0.048828 0.048828
0 0.291504 0.100098 0.110352 0.110352
0 0.487793 0.086914 0.122070 0.123047
0 0.588379 0.076172 0.122070 0.123047
1 0.861816 0.104004 0.122070 0.122070
1 0.867188 0.203613 0.097656 0.098633
0 0.869629 0.312012 0.110352 0.110352
0 0.866699 0.436035 0.110352 0.110352
0 0.860840 0.546387 0.110352 0.110352
0 0.779297 0.166504 0.097656 0.098633
0 0.767578 0.262207 0.097656 0.098633
0 0.763672 0.380371 0.097656 0.098633
0 0.673340 0.226562 0.122070 0.123047
0 0.671875 0.313965 0.097656 0.098633
0 0.669922 0.425781 0.097656 0.097656
0 0.667969 0.532227 0.097656 0.097656
0 0.653320 0.652344 0.097656 0.097656
0 0.762207 0.481934 0.110352 0.110352
0 0.762695 0.601562 0.109375 0.111328
0 0.859863 0.651855 0.110352 0.110352
0 0.569824 0.278320 0.122070 0.123047
0 0.484863 0.310547 0.110352 0.111328
0 0.391113 0.361328 0.122070 0.123047
0 0.288086 0.426270 0.109375 0.110352
0 0.381836 0.469238 0.097656 0.098633
0 0.478516 0.418945 0.097656 0.097656
0 0.296875 0.529785 0.109375 0.110352
0 0.293457 0.648438 0.084961 0.085938
0 0.387695 0.594238 0.097656 0.098633
0 0.475098 0.531738 0.110352 0.110352
0 0.474121 0.645996 0.110352 0.110352
0 0.576660 0.588867 0.122070 0.123047
0 0.578613 0.481445 0.122070 0.123047
0 0.191406 0.358398 0.048828 0.048828
0 0.854004 0.752441 0.110352 0.110352
0 0.862305 0.858887 0.109375 0.110352
0 0.760254 0.824219 0.122070 0.123047
0 0.770508 0.711426 0.109375 0.110352
0 0.770020 0.931641 0.122070 0.123047
0 0.665039 0.883301 0.097656 0.098633
0 0.667969 0.764160 0.109375 0.110352
0 0.476074 0.752930 0.122070 0.123047
0 0.579102 0.824707 0.097656 0.098633
0 0.580566 0.702148 0.122070 0.123047
0 0.582520 0.927734 0.110352 0.111328
0 0.476562 0.873047 0.109375 0.111328
0 0.386719 0.927734 0.109375 0.111328
0 0.382812 0.814453 0.109375 0.111328
0 0.385742 0.700195 0.109375 0.111328
0 0.294922 0.755859 0.097656 0.097656
0 0.283203 0.878906 0.097656 0.097656
0 0.194336 0.153320 0.048828 0.048828
0 0.190430 0.261719 0.048828 0.048828
0 0.109375 0.321777 0.048828 0.049805
0 0.028809 0.361816 0.024414 0.024414
0 0.115234 0.100586 0.048828 0.048828
0 0.104492 0.543945 0.048828 0.048828
0 0.190918 0.585449 0.024414 0.024414
0 0.185547 0.811523 0.048828 0.048828
0 0.101562 0.781250 0.037109 0.037109
0 0.103516 0.655273 0.048828 0.048828
0 0.018066 0.599121 0.024414 0.024414