0 0.375488 0.086426 0.110352 0.110352
0 0.570801 0.099609 0.122070 0.123047
0 0.771973 0.099609 0.122070 0.123047
0 0.288086 0.234375 0.037109 0.037109
0 0.944336 0.414062 0.097656 0.097656
0 0.853027 0.152344 0.122070 0.123047
0 0.849121 0.252930 0.122070 0.123047
0 0.849121 0.369141 0.122070 0.123047
0 0.847168 0.486328 0.122070 0.123047
0 0.837402 0.598633 0.122070 0.123047
0 0.757324 0.203125 0.110352 0.111328
0 0.757324 0.308594 0.110352 0.111328
1 0.750977 0.427246 0.109375 0.110352
0 0.750000 0.540527 0.109375 0.110352
0 0.659180 0.592285 0.109375 0.110352
0 0.659180 0.471191 0.109375 0.110352
0 0.666016 0.371582 0.109375 0.110352
0 0.662109 0.261719 0.109375 0.111328
0 0.666016 0.153320 0.109375 0.111328
0 0.560547 0.209473 0.109375 0.110352
0 0.559570 0.308105 0.109375 0.110352
0 0.557129 0.431152 0.110352 0.110352
0 0.551270 0.534668 0.110352 0.110352
0 0.465332 0.594238 0.110352 0.110352
0 0.455566 0.480957 0.110352 0.110352
0 0.465332 0.367676 0.110352 0.110352
0 0.470215 0.252441 0.110352 0.110352
0 0.467285 0.144531 0.122070 0.123047
0 0.391602 0.192871 0.109375 0.110352
0 0.378906 0.312988 0.097656 0.098633
0 0.370605 0.432129 0.073242 0.073242
0 0.371094 0.538574 0.097656 0.098633
0 0.277344 0.599609 0.097656 0.097656
0 0.197754 0.546875 0.036133 0.037109
0 0.280273 0.357422 0.085938 0.085938
0 0.278320 0.482422 0.085938 0.085938
0 0.198730 0.199707 0.122070 0.122070
0 0.101074 0.147461 0.122070 0.123047
0 0.095215 0.401855 0.110352 0.110352
0 0.290039 0.138672 0.085938 0.085938
0 0.757812 0.646973 0.109375 0.110352
0 0.561035 0.643066 0.110352 0.110352
0 0.462891 0.707520 0.109375 0.110352
0 0.358887 0.656250 0.122070 0.123047
0 0.270996 0.718750 0.073242 0.074219
0 0.366211 0.757324 0.109375 0.110352
0 0.666504 0.711426 0.110352 0.110352
0 0.365723 0.856445 0.084961 0.085938
0 0.458984 0.812012 0.109375 0.110352
0 0.460938 0.924316 0.097656 0.098633
0 0.556152 0.755371 0.110352 0.110352
0 0.556152 0.865723 0.110352 0.110352
0 0.651855 0.805176 0.110352 0.110352
0 0.644531 0.924316 0.097656 0.098633
0 0.743164 0.757812 0.109375 0.111328
0 0.745117 0.867676 0.109375 0.110352
0 0.853027 0.704102 0.122070 0.123047
0 0.851074 0.795898 0.122070 0.123047
0 0.846191 0.927734 0.122070 0.123047