0 0.899414 0.061523 0.048828 0.048828
0 0.367188 0.039062 0.048828 0.048828
0 0.084961 0.049316 0.048828 0.049805
0 0.069824 0.882812 0.084961 0.085938
0 0.645020 0.195801 0.061523 0.061523
0 0.546387 0.129395 0.061523 0.061523
0 0.897949 0.265625 0.073242 0.074219
0 0.808105 0.196777 0.061523 0.061523
0 0.651367 0.099609 0.060547 0.060547
0 0.644043 0.290527 0.061523 0.061523
0 0.716309 0.252930 0.073242 0.074219
0 0.805664 0.083984 0.048828 0.048828
0 0.716797 0.126953 0.060547 0.060547
0 0.904297 0.156738 0.060547 0.061523
0 0.895996 0.853516 0.122070 0.123047
0 0.900879 0.748047 0.122070 0.123047
0 0.895020 0.669922 0.122070 0.123047
0 0.800293 0.572266 0.110352 0.111328
0 0.801270 0.689453 0.122070 0.123047
0 0.812012 0.797363 0.122070 0.122070
0 0.800293 0.913086 0.122070 0.123047
0 0.714844 0.847656 0.085938 0.085938
0 0.721191 0.727539 0.084961 0.085938
0 0.720215 0.630859 0.084961 0.085938
0 0.618164 0.678711 0.097656 0.097656
0 0.616699 0.798828 0.084961 0.085938
0 0.616211 0.902832 0.097656 0.098633
0 0.529785 0.624023 0.122070 0.123047
0 0.524902 0.742188 0.122070 0.123047
0 0.525879 0.851562 0.122070 0.123047
0 0.440918 0.678711 0.122070 0.123047
0 0.436035 0.800781 0.122070 0.123047
0 0.429199 0.901367 0.122070 0.123047
0 0.340332 0.848633 0.122070 0.123047
0 0.337891 0.736816 0.097656 0.098633
0 0.333496 0.617188 0.084961 0.085938
0 0.255859 0.672852 0.085938 0.085938
0 0.249512 0.789062 0.084961 0.085938
0 0.241211 0.894531 0.097656 0.097656
0 0.151367 0.726562 0.085938 0.085938
0 0.148438 0.836914 0.085938 0.085938
0 0.067383 0.760254 0.097656 0.098633
0 0.063477 0.669434 0.097656 0.098633
0 0.733398 0.025391 0.037109 0.037109
0 0.470703 0.075684 0.060547 0.061523
0 0.281738 0.078613 0.024414 0.024414
0 0.188965 0.111816 0.024414 0.024414