0 0.398438 0.048828 0.037109 0.037109
0 0.867676 0.123047 0.110352 0.111328
1 0.861328 0.241699 0.109375 0.110352
0 0.860352 0.354980 0.109375 0.110352
0 0.769531 0.406738 0.109375 0.110352
0 0.769531 0.285645 0.109375 0.110352
0 0.776367 0.186035 0.109375 0.110352
0 0.772461 0.076172 0.109375 0.111328
0 0.669922 0.122559 0.109375 0.110352
0 0.667480 0.245605 0.110352 0.110352
0 0.661621 0.349121 0.110352 0.110352
0 0.575684 0.408691 0.110352 0.110352
0 0.565918 0.295410 0.110352 0.110352
0 0.575684 0.182129 0.110352 0.110352
0 0.580566 0.066895 0.110352 0.110352
0 0.489258 0.127441 0.097656 0.098633
0 0.480957 0.246582 0.073242 0.073242
0 0.481445 0.353027 0.097656 0.098633
0 0.387695 0.414062 0.097656 0.097656
0 0.308105 0.361328 0.036133 0.037109
0 0.390625 0.171875 0.085938 0.085938
0 0.388672 0.296875 0.085938 0.085938
0 0.205566 0.216309 0.110352 0.110352
0 0.110840 0.135742 0.122070 0.123047
0 0.113281 0.230469 0.109375 0.111328
0 0.116699 0.351562 0.122070 0.123047
0 0.115723 0.445312 0.122070 0.123047
0 0.868164 0.461426 0.109375 0.110352
0 0.671387 0.457520 0.110352 0.110352
0 0.573242 0.521973 0.109375 0.110352
0 0.469238 0.470703 0.122070 0.123047
0 0.381348 0.533203 0.073242 0.074219
0 0.476562 0.571777 0.109375 0.110352
0 0.776855 0.525879 0.110352 0.110352
0 0.110840 0.572266 0.122070 0.123047
0 0.114746 0.669922 0.122070 0.123047
0 0.110840 0.811523 0.122070 0.123047
0 0.109375 0.911621 0.097656 0.098633
0 0.476074 0.670898 0.084961 0.085938
0 0.462402 0.783203 0.122070 0.123047
0 0.470703 0.906738 0.097656 0.098633
0 0.569336 0.626465 0.109375 0.110352
0 0.571289 0.738770 0.097656 0.098633
0 0.571289 0.854004 0.109375 0.110352
0 0.666504 0.569824 0.110352 0.110352
0 0.666504 0.680176 0.110352 0.110352
0 0.669434 0.797363 0.122070 0.122070
0 0.666992 0.906738 0.097656 0.098633
0 0.762207 0.619629 0.110352 0.110352
0 0.754883 0.738770 0.097656 0.098633
0 0.756836 0.853027 0.097656 0.098633
0 0.853516 0.572266 0.109375 0.111328
0 0.855469 0.682129 0.109375 0.110352
0 0.862793 0.796875 0.122070 0.123047
0 0.873535 0.902832 0.110352 0.110352
0 0.962891 0.954102 0.048828 0.048828
0 0.294922 0.897461 0.037109 0.037109