0 0.562988 0.603516 0.073242 0.074219
0 0.092773 0.661621 0.060547 0.061523
0 0.559082 0.812012 0.061523 0.061523
0 0.284180 0.898926 0.048828 0.049805
0 0.383789 0.710938 0.048828 0.048828
0 0.071777 0.838379 0.073242 0.073242
0 0.092773 0.731934 0.048828 0.049805
0 0.387207 0.829590 0.061523 0.061523
0 0.194336 0.729004 0.060547 0.061523
0 0.284668 0.785645 0.061523 0.061523
0 0.185059 0.820801 0.073242 0.073242
0 0.924316 0.926270 0.061523 0.061523
0 0.942383 0.619629 0.097656 0.098633
0 0.943848 0.725098 0.110352 0.110352
0 0.943359 0.836426 0.097656 0.098633
0 0.855957 0.339355 0.110352 0.110352
0 0.846191 0.441895 0.110352 0.110352
0 0.843262 0.557129 0.110352 0.110352
0 0.851562 0.658691 0.109375 0.110352
0 0.847656 0.801270 0.109375 0.110352
0 0.843750 0.898438 0.085938 0.085938
0 0.756836 0.392090 0.109375 0.110352
0 0.754883 0.498535 0.109375 0.110352
0 0.752930 0.614746 0.109375 0.110352
0 0.749023 0.727051 0.109375 0.110352
0 0.758301 0.824707 0.110352 0.110352
0 0.661133 0.446777 0.097656 0.098633
0 0.653320 0.553223 0.109375 0.110352
0 0.650879 0.660645 0.110352 0.110352
0 0.652832 0.782227 0.084961 0.085938
0 0.654785 0.889648 0.073242 0.074219
0 0.565918 0.388672 0.084961 0.085938
0 0.556152 0.504395 0.110352 0.110352
0 0.564941 0.715820 0.073242 0.074219
0 0.567871 0.893555 0.073242 0.074219
0 0.476074 0.336426 0.110352 0.110352
0 0.462402 0.435059 0.110352 0.110352
0 0.463379 0.538086 0.073242 0.074219
0 0.463867 0.638672 0.085938 0.085938
0 0.471680 0.730469 0.085938 0.085938
0 0.474609 0.849121 0.097656 0.098633
0 0.385742 0.618164 0.037109 0.037109
0 0.292480 0.678711 0.036133 0.037109
0 0.179688 0.907715 0.048828 0.049805
0 0.388672 0.394043 0.109375 0.110352
0 0.377930 0.494141 0.109375 0.111328
0 0.300293 0.349609 0.122070 0.123047
0 0.289551 0.449219 0.110352 0.111328
0 0.287598 0.555176 0.110352 0.110352
0 0.201660 0.395508 0.110352 0.111328
0 0.202637 0.498535 0.110352 0.110352
0 0.193848 0.610840 0.110352 0.110352
0 0.102539 0.432617 0.085938 0.085938
0 0.103027 0.539062 0.122070 0.123047
0 0.939941 0.268066 0.110352 0.110352
0 0.855957 0.228027 0.110352 0.110352
0 0.857910 0.111816 0.110352 0.110352
0 0.762207 0.177734 0.122070 0.123047
0 0.756348 0.277832 0.122070 0.122070
0 0.658203 0.113770 0.109375 0.110352
0 0.658203 0.222168 0.109375 0.110352
0 0.657227 0.331543 0.109375 0.110352
1 0.573730 0.062012 0.110352 0.110352
0 0.578613 0.162598 0.084961 0.086914
0 0.570801 0.289551 0.110352 0.110352
0 0.474121 0.118652 0.110352 0.110352
0 0.477539 0.229980 0.097656 0.098633
0 0.387695 0.060059 0.109375 0.110352
0 0.386719 0.176270 0.097656 0.098633
0 0.383789 0.286621 0.109375 0.110352
0 0.296875 0.126465 0.097656 0.098633
0 0.297852 0.216797 0.097656 0.097656
0 0.193848 0.064941 0.110352 0.110352
0 0.204102 0.171875 0.097656 0.097656
0 0.199707 0.283203 0.110352 0.111328
0 0.098633 0.324707 0.097656 0.098633
0 0.098633 0.235352 0.109375 0.111328
0 0.105957 0.119141 0.110352 0.111328