0 0.085449 0.895020 0.073242 0.073242
0 0.347168 0.958008 0.073242 0.074219
0 0.164551 0.720215 0.061523 0.061523
0 0.086914 0.802246 0.048828 0.049805
0 0.174316 0.624512 0.061523 0.061523
0 0.349609 0.763184 0.060547 0.061523
0 0.350586 0.856445 0.048828 0.048828
0 0.442383 0.798828 0.048828 0.048828
0 0.539551 0.847168 0.061523 0.061523
0 0.842773 0.687012 0.060547 0.061523
0 0.440918 0.900879 0.061523 0.061523
0 0.450684 0.695801 0.061523 0.061523
0 0.638672 0.792480 0.048828 0.049805
0 0.840820 0.914551 0.048828 0.049805
0 0.735840 0.743652 0.073242 0.073242
0 0.923340 0.852051 0.061523 0.061523
0 0.638672 0.678223 0.060547 0.061523
0 0.539062 0.739746 0.060547 0.061523
0 0.929688 0.633789 0.048828 0.048828
0 0.735352 0.959961 0.048828 0.048828
0 0.547852 0.087402 0.109375 0.110352
0 0.355957 0.098633 0.073242 0.074219
0 0.451172 0.137207 0.109375 0.110352
0 0.751465 0.091309 0.110352 0.110352
0 0.085449 0.137695 0.122070 0.123047
0 0.089355 0.235352 0.122070 0.123047
0 0.085449 0.376953 0.122070 0.123047
0 0.083984 0.477051 0.097656 0.098633
0 0.096191 0.591797 0.122070 0.123047
0 0.450684 0.236328 0.084961 0.085938
0 0.437012 0.348633 0.122070 0.123047
0 0.445312 0.472168 0.097656 0.098633
0 0.543945 0.191895 0.109375 0.110352
0 0.545898 0.304199 0.097656 0.098633
0 0.545898 0.419434 0.109375 0.110352
0 0.539551 0.520996 0.110352 0.110352
0 0.641113 0.135254 0.110352 0.110352
0 0.641113 0.245605 0.110352 0.110352
0 0.644043 0.362793 0.122070 0.122070
0 0.641602 0.472168 0.097656 0.098633
0 0.736816 0.185059 0.110352 0.110352
0 0.729492 0.304199 0.097656 0.098633
0 0.731445 0.418457 0.097656 0.098633
0 0.729492 0.528809 0.097656 0.098633
0 0.828125 0.137695 0.109375 0.111328
0 0.830078 0.247559 0.109375 0.110352
0 0.837402 0.362305 0.122070 0.123047
0 0.848145 0.468262 0.110352 0.110352
0 0.937988 0.083984 0.122070 0.123047
0 0.936035 0.175781 0.122070 0.123047
0 0.931152 0.307617 0.122070 0.123047
0 0.931152 0.419922 0.122070 0.123047
0 0.636719 0.604004 0.097656 0.098633
0 0.545410 0.629883 0.084961 0.085938
0 0.088867 0.689941 0.109375 0.110352
0 0.931641 0.740723 0.048828 0.049805
0 0.851074 0.780762 0.024414 0.024414
0 0.836914 0.586914 0.048828 0.048828
0 0.937500 0.519531 0.048828 0.048828
0 0.735352 0.633301 0.037109 0.036133
0 0.737305 0.852539 0.037109 0.037109
0 0.926758 0.962891 0.048828 0.048828
0 0.450195 0.572754 0.037109 0.036133
0 0.644043 0.897949 0.024414 0.024414
0 0.541504 0.950684 0.024414 0.024414
0 0.348145 0.553711 0.036133 0.037109
0 0.372559 0.693848 0.024414 0.024414
0 0.264648 0.674805 0.037109 0.037109
0 0.268555 0.579102 0.037109 0.037109
0 0.269531 0.462891 0.037109 0.037109
0 0.164551 0.841309 0.036133 0.036133
0 0.271484 0.797852 0.037109 0.037109
0 0.270508 0.908691 0.048828 0.049805
0 0.168457 0.948730 0.036133 0.036133