0 0.279785 0.065430 0.073242 0.074219
0 0.091797 0.040039 0.048828 0.048828
0 0.381348 0.117676 0.061523 0.061523
0 0.774414 0.115723 0.048828 0.049805
0 0.562012 0.055176 0.073242 0.073242
0 0.877441 0.046387 0.061523 0.061523
0 0.675293 0.037598 0.073242 0.073242
0 0.764648 0.820312 0.085938 0.085938
0 0.872559 0.343750 0.122070 0.123047
0 0.869629 0.452637 0.110352 0.110352
0 0.860840 0.551270 0.110352 0.110352
0 0.857910 0.668457 0.110352 0.110352
0 0.851562 0.767578 0.085938 0.085938
0 0.865234 0.881836 0.109375 0.111328
0 0.756836 0.929688 0.085938 0.085938
0 0.758301 0.727051 0.110352 0.110352
0 0.765137 0.599609 0.110352 0.111328
0 0.780273 0.488770 0.097656 0.098633
0 0.775391 0.388672 0.097656 0.097656
0 0.666992 0.336426 0.097656 0.098633
0 0.667969 0.443359 0.085938 0.085938
0 0.679688 0.541016 0.097656 0.097656
0 0.676758 0.653809 0.109375 0.110352
0 0.671875 0.760742 0.109375 0.111328
0 0.668945 0.874023 0.109375 0.111328
0 0.572266 0.925781 0.085938 0.085938
0 0.569336 0.816895 0.097656 0.098633
0 0.573242 0.706055 0.097656 0.097656
0 0.580078 0.596680 0.109375 0.111328
0 0.578125 0.495117 0.097656 0.097656
0 0.589355 0.399414 0.084961 0.085938
0 0.577637 0.318359 0.084961 0.085938
0 0.455078 0.315430 0.085938 0.085938
0 0.448242 0.551270 0.097656 0.098633
0 0.457031 0.663086 0.097656 0.097656
0 0.453125 0.767090 0.097656 0.098633
0 0.454102 0.854004 0.097656 0.098633
0 0.366699 0.916504 0.110352 0.110352
0 0.365234 0.807129 0.097656 0.098633
0 0.357422 0.701660 0.097656 0.098633
0 0.360352 0.611816 0.109375 0.110352
0 0.360352 0.482422 0.085938 0.085938
0 0.369629 0.374023 0.084961 0.085938
0 0.275391 0.430176 0.097656 0.098633
0 0.279297 0.541504 0.109375 0.110352
0 0.271484 0.644531 0.097656 0.097656
0 0.272461 0.755371 0.109375 0.110352
0 0.267090 0.845215 0.110352 0.110352
0 0.065430 0.837891 0.048828 0.048828
0 0.169922 0.886230 0.097656 0.098633
0 0.169922 0.784668 0.097656 0.098633
0 0.165039 0.681152 0.097656 0.098633
0 0.179688 0.580566 0.097656 0.098633
0 0.183594 0.460938 0.097656 0.097656
0 0.178223 0.370117 0.084961 0.085938
0 0.085449 0.429688 0.122070 0.123047
0 0.084961 0.532715 0.097656 0.098633
0 0.070801 0.734375 0.084961 0.085938
0 0.669922 0.124512 0.048828 0.049805
0 0.476562 0.047852 0.048828 0.048828