0 0.205078 0.134277 0.048828 0.049805
0 0.299805 0.212402 0.048828 0.049805
0 0.197266 0.365723 0.048828 0.049805
0 0.091797 0.202637 0.037109 0.036133
0 0.298340 0.307129 0.036133 0.036133
0 0.087402 0.635742 0.061523 0.060547
0 0.290039 0.464355 0.048828 0.049805
0 0.185547 0.685547 0.060547 0.060547
0 0.190430 0.501953 0.048828 0.048828
0 0.294922 0.545898 0.048828 0.048828
0 0.281250 0.629883 0.048828 0.048828
0 0.379395 0.563477 0.036133 0.037109
0 0.754395 0.371582 0.061523 0.061523
0 0.868164 0.089355 0.097656 0.098633
0 0.870117 0.192871 0.097656 0.098633
0 0.875000 0.311035 0.097656 0.098633
0 0.668945 0.086426 0.048828 0.049805
0 0.780273 0.690918 0.060547 0.061523
0 0.777344 0.590332 0.048828 0.049805
0 0.954102 0.804688 0.048828 0.048828
0 0.953613 0.920410 0.024414 0.024414
0 0.860840 0.857910 0.036133 0.036133
0 0.787109 0.787598 0.037109 0.036133
0 0.790039 0.906738 0.048828 0.049805
0 0.696777 0.830566 0.036133 0.036133
0 0.862793 0.538086 0.036133 0.037109
0 0.782715 0.472656 0.036133 0.037109
0 0.679688 0.527344 0.037109 0.037109
0 0.582031 0.580566 0.037109 0.036133
0 0.481934 0.627441 0.036133 0.036133
0 0.460449 0.751953 0.036133 0.037109
0 0.576660 0.703613 0.036133 0.036133
0 0.695312 0.645996 0.048828 0.049805
0 0.696289 0.734863 0.037109 0.036133
0 0.957031 0.698242 0.048828 0.048828
0 0.864258 0.635742 0.048828 0.048828
0 0.864746 0.737305 0.036133 0.037109
0 0.087891 0.411133 0.037109 0.037109
0 0.209961 0.240723 0.048828 0.049805
0 0.400879 0.378418 0.036133 0.036133
0 0.467773 0.213867 0.037109 0.037109
0 0.616211 0.170898 0.037109 0.037109
0 0.666504 0.296875 0.036133 0.037109
0 0.774414 0.152344 0.037109 0.037109
0 0.584961 0.356445 0.037109 0.037109
0 0.679199 0.397949 0.024414 0.024414
0 0.370605 0.258789 0.036133 0.037109
0 0.088379 0.522461 0.036133 0.037109
0 0.196289 0.595703 0.037109 0.037109
0 0.285645 0.775391 0.024414 0.025391
0 0.366699 0.775391 0.036133 0.037109
0 0.528809 0.474121 0.036133 0.036133
0 0.869141 0.423828 0.037109 0.037109
0 0.087891 0.961914 0.037109 0.037109
0 0.207520 0.956055 0.036133 0.037109
0 0.360352 0.956055 0.037109 0.037109