0 0.687012 0.409180 0.073242 0.074219
0 0.617188 0.888672 0.048828 0.048828
0 0.620117 0.687500 0.048828 0.048828
0 0.616211 0.794922 0.048828 0.048828
0 0.885742 0.853027 0.060547 0.061523
0 0.615723 0.571777 0.061523 0.061523
0 0.801758 0.670898 0.048828 0.048828
0 0.690430 0.736328 0.037109 0.037109
0 0.800781 0.577148 0.048828 0.048828
0 0.890625 0.742188 0.060547 0.060547
0 0.690918 0.622070 0.073242 0.074219
0 0.894043 0.665527 0.061523 0.061523
0 0.689453 0.952637 0.060547 0.061523
0 0.681641 0.849609 0.048828 0.048828
0 0.881348 0.940430 0.073242 0.074219
0 0.690918 0.520508 0.073242 0.074219
0 0.090820 0.382324 0.048828 0.049805
0 0.413086 0.668457 0.048828 0.049805
0 0.503418 0.616699 0.061523 0.061523
0 0.301758 0.711426 0.060547 0.061523
0 0.407227 0.867188 0.048828 0.048828
0 0.298828 0.960449 0.048828 0.049805
0 0.500977 0.850098 0.060547 0.061523
0 0.410156 0.767090 0.048828 0.049805
0 0.305664 0.631348 0.060547 0.061523
0 0.410156 0.570312 0.037109 0.037109
0 0.499023 0.731934 0.048828 0.049805
0 0.305664 0.509277 0.048828 0.049805
0 0.512207 0.514648 0.036133 0.037109
0 0.812012 0.298340 0.061523 0.061523
0 0.966309 0.172363 0.061523 0.061523
0 0.696289 0.304688 0.048828 0.048828
0 0.799805 0.104980 0.048828 0.049805
0 0.970703 0.900391 0.037109 0.037109
0 0.805664 0.891602 0.048828 0.048828
0 0.501465 0.948242 0.036133 0.037109
0 0.418457 0.125977 0.024414 0.025391
0 0.519531 0.070312 0.048828 0.048828
0 0.697266 0.076660 0.048828 0.049805
0 0.890625 0.076660 0.048828 0.049805
0 0.974609 0.284668 0.048828 0.049805
0 0.894531 0.262207 0.048828 0.049805
0 0.889160 0.365723 0.061523 0.061523
0 0.892578 0.446289 0.048828 0.048828
0 0.894531 0.528320 0.048828 0.048828
0 0.802734 0.465820 0.048828 0.048828
0 0.807617 0.373047 0.048828 0.048828
0 0.804688 0.205566 0.048828 0.049805
0 0.692383 0.190430 0.048828 0.048828
0 0.618652 0.233887 0.024414 0.024414
0 0.623535 0.358887 0.024414 0.024414
0 0.625488 0.473633 0.024414 0.025391
0 0.509277 0.400879 0.024414 0.024414
0 0.509277 0.162598 0.024414 0.024414
0 0.973633 0.806641 0.048828 0.048828
0 0.802246 0.757324 0.024414 0.024414
0 0.809082 0.986816 0.024414 0.024414
0 0.067871 0.617676 0.061523 0.061523
0 0.059570 0.716797 0.048828 0.048828
0 0.206543 0.552246 0.024414 0.024414
0 0.206543 0.659180 0.036133 0.037109
0 0.313477 0.076172 0.048828 0.048828
0 0.316406 0.187500 0.048828 0.048828
0 0.210938 0.439941 0.037109 0.036133
0 0.215820 0.323242 0.048828 0.048828
0 0.215820 0.218750 0.048828 0.048828
0 0.222656 0.107422 0.048828 0.048828
0 0.104492 0.072754 0.023438 0.024414
0 0.098633 0.175781 0.048828 0.048828
0 0.087891 0.288574 0.037109 0.036133
0 0.019043 0.135254 0.024414 0.024414
0 0.417480 0.347168 0.024414 0.024414
0 0.301270 0.434570 0.036133 0.037109