0 0.744629 0.113281 0.073242 0.074219
0 0.079590 0.081543 0.061523 0.061523
0 0.079590 0.184082 0.061523 0.061523
0 0.274414 0.171387 0.060547 0.061523
0 0.740723 0.321777 0.061523 0.061523
0 0.733887 0.731445 0.073242 0.074219
0 0.072754 0.410645 0.061523 0.061523
0 0.465820 0.408691 0.048828 0.049805
0 0.565430 0.220703 0.048828 0.048828
0 0.253418 0.348145 0.073242 0.073242
0 0.274414 0.241699 0.048828 0.049805
0 0.568848 0.339355 0.061523 0.061523
0 0.375977 0.238770 0.060547 0.061523
0 0.663574 0.580566 0.061523 0.061523
0 0.466309 0.295410 0.061523 0.061523
0 0.366699 0.330566 0.073242 0.073242
0 0.827637 0.589844 0.084961 0.085938
0 0.925293 0.641602 0.122070 0.123047
0 0.929199 0.732910 0.122070 0.122070
0 0.924316 0.837402 0.110352 0.110352
0 0.828613 0.890625 0.084961 0.085938
0 0.827148 0.789062 0.085938 0.085938
0 0.840332 0.688965 0.110352 0.110352
0 0.738281 0.635254 0.085938 0.086914
0 0.739258 0.841797 0.085938 0.085938
0 0.655273 0.894043 0.109375 0.110352
0 0.650391 0.809082 0.109375 0.110352
0 0.655762 0.684570 0.110352 0.111328
0 0.563965 0.636719 0.122070 0.123047
0 0.561035 0.745605 0.110352 0.110352
0 0.552246 0.844238 0.110352 0.110352
0 0.456543 0.892578 0.110352 0.111328
0 0.471680 0.781738 0.097656 0.098633
0 0.466797 0.681641 0.097656 0.097656
0 0.358398 0.629395 0.097656 0.098633
0 0.359375 0.736328 0.085938 0.085938
0 0.371094 0.833984 0.097656 0.097656
0 0.271484 0.889648 0.109375 0.111328
0 0.269531 0.788086 0.097656 0.097656
0 0.280762 0.692383 0.084961 0.085938
0 0.269043 0.611328 0.084961 0.085938
0 0.146484 0.608398 0.085938 0.085938
0 0.139648 0.844238 0.097656 0.098633
0 0.051758 0.775391 0.085938 0.085938
0 0.061035 0.666992 0.084961 0.085938
0 0.934570 0.124512 0.109375 0.110352
0 0.930664 0.236816 0.109375 0.110352
0 0.939941 0.334473 0.110352 0.110352
0 0.834961 0.062988 0.109375 0.110352
0 0.832520 0.170410 0.110352 0.110352
0 0.834473 0.291992 0.084961 0.085938
0 0.836426 0.399414 0.073242 0.074219
0 0.746582 0.225586 0.073242 0.074219
0 0.749512 0.403320 0.073242 0.074219
0 0.645020 0.047852 0.073242 0.074219
0 0.645508 0.148438 0.085938 0.085938
0 0.653320 0.240234 0.085938 0.085938
0 0.656250 0.358887 0.097656 0.098633
0 0.567383 0.127930 0.037109 0.037109
0 0.474121 0.188477 0.036133 0.037109
0 0.361328 0.417480 0.048828 0.049805
0 0.173828 0.102051 0.048828 0.049805
0 0.164062 0.228027 0.048828 0.049805
0 0.167969 0.340820 0.048828 0.048828
0 0.072754 0.295410 0.061523 0.061523
0 0.469238 0.064941 0.110352 0.110352
0 0.375488 0.120605 0.110352 0.110352