0 0.343750 0.270020 0.048828 0.049805
0 0.257812 0.282715 0.060547 0.061523
0 0.513672 0.948730 0.048828 0.049805
0 0.616699 0.764160 0.073242 0.073242
0 0.618652 0.875488 0.073242 0.073242
0 0.616699 0.527832 0.061523 0.061523
0 0.517578 0.830566 0.060547 0.061523
0 0.622070 0.307129 0.048828 0.049805
0 0.617188 0.651855 0.060547 0.061523
0 0.172852 0.732910 0.060547 0.061523
0 0.258789 0.490723 0.060547 0.061523
0 0.343750 0.394043 0.060547 0.061523
0 0.261719 0.377441 0.060547 0.061523
0 0.088867 0.550781 0.048828 0.048828
0 0.087891 0.457031 0.048828 0.048828
0 0.265625 0.584961 0.048828 0.048828
0 0.177734 0.622070 0.060547 0.060547
0 0.432129 0.336426 0.061523 0.061523
0 0.181152 0.545410 0.061523 0.061523
0 0.333984 0.616211 0.048828 0.048828
0 0.249023 0.873047 0.048828 0.048828
0 0.168457 0.820312 0.073242 0.074219
0 0.622070 0.194824 0.060547 0.061523
0 0.625977 0.080566 0.060547 0.061523
0 0.701172 0.160156 0.048828 0.048828
0 0.706543 0.049316 0.073242 0.073242
0 0.814941 0.094238 0.061523 0.061523
0 0.690918 0.951660 0.061523 0.061523
0 0.904785 0.926758 0.073242 0.074219
0 0.698242 0.609863 0.060547 0.061523
0 0.805664 0.883301 0.060547 0.061523
0 0.906250 0.826660 0.060547 0.061523
0 0.805664 0.555176 0.060547 0.061523
0 0.922852 0.587402 0.060547 0.061523
0 0.803711 0.672363 0.060547 0.061523
0 0.807617 0.780762 0.060547 0.061523
0 0.697266 0.375488 0.048828 0.049805
0 0.700195 0.735840 0.060547 0.061523
0 0.099121 0.178223 0.061523 0.061523
0 0.253418 0.052246 0.061523 0.061523
0 0.438965 0.216309 0.061523 0.061523
0 0.913086 0.715820 0.048828 0.048828
0 0.701660 0.837891 0.036133 0.037109
0 0.419434 0.909180 0.036133 0.037109
0 0.433594 0.787598 0.037109 0.036133
0 0.333008 0.918945 0.048828 0.048828
0 0.257812 0.780273 0.037109 0.037109
0 0.167969 0.927734 0.048828 0.048828
0 0.092773 0.771484 0.048828 0.048828
0 0.808594 0.209961 0.037109 0.037109
0 0.932129 0.184570 0.036133 0.037109
0 0.927734 0.394531 0.037109 0.037109
0 0.921875 0.490723 0.060547 0.061523
0 0.810547 0.329102 0.037109 0.037109
0 0.809570 0.446289 0.037109 0.037109
0 0.698242 0.514648 0.048828 0.048828
0 0.620605 0.430664 0.036133 0.037109
0 0.702148 0.271484 0.048828 0.048828
0 0.923828 0.288086 0.037109 0.037109
0 0.352051 0.038086 0.036133 0.037109
0 0.347656 0.166504 0.048828 0.049805
0 0.433105 0.436035 0.036133 0.036133
0 0.532227 0.251953 0.037109 0.037109
0 0.261719 0.164551 0.048828 0.049805
0 0.333008 0.498047 0.037109 0.037109
0 0.181641 0.142090 0.048828 0.049805
0 0.176270 0.245605 0.061523 0.061523
0 0.179688 0.326172 0.048828 0.048828
0 0.181641 0.408203 0.048828 0.048828
0 0.089844 0.345703 0.048828 0.048828
0 0.094727 0.252930 0.048828 0.048828
0 0.091797 0.085449 0.048828 0.049805
0 0.525879 0.582520 0.036133 0.036133
0 0.428711 0.676758 0.037109 0.037109
0 0.260742 0.686523 0.048828 0.048828
0 0.336914 0.717773 0.037109 0.037109
0 0.089355 0.637207 0.024414 0.024414
0 0.096191 0.866699 0.024414 0.024414