0 0.517578 0.940430 0.048828 0.048828
0 0.341797 0.957031 0.048828 0.048828
0 0.232422 0.903320 0.048828 0.048828
0 0.141602 0.945312 0.048828 0.048828
0 0.041016 0.885254 0.060547 0.061523
0 0.512695 0.728027 0.048828 0.049805
0 0.038574 0.673340 0.061523 0.061523
0 0.341797 0.513184 0.060547 0.061523
0 0.137695 0.618652 0.048828 0.049805
0 0.339844 0.740723 0.048828 0.049805
0 0.234863 0.569824 0.073242 0.073242
0 0.422363 0.678223 0.061523 0.061523
0 0.137695 0.504395 0.060547 0.061523
0 0.038086 0.565918 0.060547 0.061523
0 0.428711 0.459961 0.048828 0.048828
0 0.234375 0.786133 0.048828 0.048828
0 0.140137 0.071777 0.110352 0.110352
0 0.143066 0.188965 0.122070 0.122070
0 0.140625 0.298340 0.097656 0.098633
0 0.228516 0.130371 0.097656 0.098633
0 0.230469 0.244629 0.097656 0.098633
0 0.228516 0.354980 0.097656 0.098633
0 0.329102 0.073730 0.109375 0.110352
0 0.336426 0.188477 0.122070 0.123047
0 0.347168 0.294434 0.110352 0.110352
0 0.430176 0.133789 0.122070 0.123047
0 0.430176 0.246094 0.122070 0.123047
0 0.524902 0.065430 0.122070 0.123047
0 0.515137 0.175781 0.122070 0.123047
0 0.521484 0.294434 0.109375 0.110352
0 0.612793 0.345215 0.110352 0.110352
0 0.608887 0.229492 0.110352 0.111328
0 0.620605 0.125000 0.110352 0.111328
0 0.710938 0.083496 0.109375 0.110352
0 0.711426 0.199219 0.122070 0.123047
0 0.719238 0.290039 0.110352 0.111328
0 0.812988 0.128906 0.122070 0.123047
0 0.800781 0.235840 0.109375 0.110352
0 0.809082 0.332031 0.122070 0.123047
0 0.900879 0.079590 0.110352 0.110352
0 0.905762 0.219727 0.122070 0.123047
0 0.909668 0.321289 0.122070 0.123047
0 0.891113 0.523438 0.122070 0.123047
0 0.806152 0.555664 0.110352 0.111328
0 0.712402 0.606445 0.122070 0.123047
0 0.609375 0.671387 0.109375 0.110352
0 0.703125 0.714355 0.097656 0.098633
0 0.799805 0.664062 0.097656 0.097656
0 0.618164 0.774902 0.109375 0.110352
0 0.614746 0.893555 0.084961 0.085938
0 0.708984 0.839355 0.097656 0.098633
0 0.796387 0.776855 0.110352 0.110352
0 0.795410 0.891113 0.110352 0.110352
0 0.897949 0.833984 0.122070 0.123047
0 0.899902 0.726562 0.122070 0.123047
0 0.512695 0.603516 0.048828 0.048828
0 0.135742 0.430176 0.097656 0.098633
0 0.044434 0.456055 0.084961 0.085938
0 0.515625 0.398438 0.048828 0.048828
0 0.511719 0.506836 0.048828 0.048828
0 0.430664 0.566895 0.048828 0.049805
0 0.350098 0.606934 0.024414 0.024414
0 0.335938 0.413086 0.048828 0.048828
0 0.436523 0.345703 0.048828 0.048828
0 0.234375 0.459473 0.037109 0.036133
0 0.236328 0.678711 0.037109 0.037109
0 0.425781 0.789062 0.048828 0.048828
0 0.512207 0.830566 0.024414 0.024414
0 0.424805 0.900391 0.048828 0.048828
0 0.339355 0.844238 0.024414 0.024414
0 0.143066 0.837402 0.024414 0.024414
0 0.143066 0.724121 0.024414 0.024414
0 0.040527 0.776855 0.024414 0.024414