0 0.048828 0.528320 0.048828 0.048828
0 0.043457 0.633301 0.061523 0.061523
0 0.048340 0.431152 0.061523 0.061523
0 0.046875 0.317871 0.060547 0.061523
0 0.046387 0.747559 0.061523 0.061523
0 0.040039 0.962402 0.060547 0.061523
0 0.043945 0.848145 0.060547 0.061523
0 0.119141 0.927734 0.048828 0.048828
0 0.717773 0.606934 0.060547 0.061523
0 0.799316 0.675781 0.084961 0.085938
0 0.724609 0.824219 0.048828 0.048828
0 0.798828 0.886719 0.048828 0.048828
0 0.724121 0.714355 0.061523 0.061523
0 0.716797 0.377930 0.048828 0.048828
0 0.541016 0.394531 0.048828 0.048828
0 0.431641 0.340820 0.048828 0.048828
0 0.138672 0.264648 0.048828 0.048828
0 0.127441 0.588379 0.047852 0.049805
0 0.539062 0.509277 0.048828 0.049805
0 0.227051 0.641602 0.073242 0.074219
0 0.340820 0.382812 0.048828 0.048828
0 0.347168 0.502441 0.061523 0.061523
0 0.426758 0.553711 0.048828 0.048828
0 0.134766 0.376465 0.060547 0.061523
0 0.621582 0.674316 0.061523 0.061523
0 0.232422 0.529785 0.060547 0.061523
0 0.124512 0.816895 0.073242 0.073242
0 0.232910 0.861816 0.061523 0.061523
0 0.621094 0.562012 0.048828 0.049805
0 0.234863 0.441406 0.061523 0.060547
0 0.240234 0.322754 0.060547 0.061523
0 0.045410 0.221680 0.073242 0.074219
0 0.048828 0.120117 0.048828 0.048828
0 0.711914 0.165527 0.048828 0.049805
0 0.140625 0.062500 0.048828 0.048828
0 0.237793 0.110840 0.061523 0.061523
0 0.139160 0.164551 0.061523 0.061523
0 0.336914 0.056152 0.048828 0.049805
0 0.539062 0.178223 0.048828 0.049805
0 0.621582 0.115723 0.061523 0.061523
0 0.433594 0.223633 0.048828 0.048828
0 0.898438 0.941406 0.048828 0.048828
0 0.899414 0.834961 0.048828 0.048828
0 0.808594 0.108887 0.109375 0.110352
0 0.902344 0.151855 0.097656 0.098633
0 0.817383 0.212402 0.109375 0.110352
0 0.813965 0.331055 0.084961 0.085938
0 0.908203 0.276855 0.097656 0.098633
0 0.711914 0.041016 0.048828 0.048828
0 0.907227 0.610352 0.109375 0.111328
0 0.903320 0.497070 0.109375 0.111328
0 0.906250 0.382812 0.109375 0.111328
0 0.815430 0.438477 0.097656 0.097656
0 0.803711 0.561523 0.097656 0.097656
0 0.896973 0.702148 0.084961 0.085938
0 0.549316 0.044434 0.024414 0.024414
0 0.435547 0.116211 0.037109 0.037109
0 0.625000 0.226562 0.048828 0.048828
0 0.711426 0.268066 0.024414 0.024414
0 0.706055 0.494141 0.048828 0.048828
0 0.622070 0.463867 0.037109 0.037109
0 0.624023 0.337891 0.048828 0.048828
0 0.538574 0.281738 0.024414 0.024414
0 0.361328 0.619629 0.048828 0.049805
0 0.342285 0.274902 0.024414 0.024414
0 0.342285 0.161621 0.024414 0.024414
0 0.239746 0.214355 0.024414 0.024414
0 0.131348 0.493164 0.036133 0.037109
0 0.127441 0.695312 0.084961 0.085938
0 0.809570 0.765137 0.060547 0.061523
0 0.421875 0.653809 0.048828 0.049805
0 0.427246 0.984863 0.024414 0.024414
0 0.424316 0.780762 0.024414 0.024414
0 0.226562 0.977539 0.037109 0.037109
0 0.350098 0.952148 0.036133 0.037109
0 0.229980 0.729004 0.024414 0.024414