0 0.276855 0.806641 0.073242 0.074219
0 0.097656 0.914062 0.048828 0.048828
0 0.943848 0.532227 0.073242 0.074219
0 0.851562 0.592773 0.097656 0.097656
0 0.848145 0.721680 0.122070 0.123047
0 0.848633 0.817871 0.109375 0.110352
0 0.847656 0.930176 0.109375 0.110352
0 0.757324 0.863770 0.110352 0.110352
0 0.757812 0.750488 0.109375 0.110352
0 0.753906 0.640137 0.109375 0.110352
0 0.756836 0.535156 0.097656 0.097656
0 0.658691 0.591309 0.110352 0.110352
0 0.665039 0.701660 0.097656 0.098633
0 0.656250 0.822754 0.097656 0.098633
0 0.657715 0.928223 0.110352 0.110352
0 0.569824 0.542480 0.110352 0.110352
0 0.560059 0.645020 0.110352 0.110352
0 0.557129 0.760254 0.110352 0.110352
0 0.565430 0.861816 0.109375 0.110352
0 0.470703 0.595215 0.109375 0.110352
0 0.468750 0.701660 0.109375 0.110352
0 0.466797 0.817871 0.109375 0.110352
0 0.462891 0.930176 0.109375 0.110352
0 0.375000 0.649902 0.097656 0.098633
0 0.367188 0.756348 0.109375 0.110352
0 0.364746 0.863770 0.110352 0.110352
0 0.279785 0.591797 0.084961 0.085938
0 0.270020 0.707520 0.110352 0.110352
0 0.278809 0.918945 0.073242 0.074219
0 0.189941 0.539551 0.110352 0.110352
0 0.176270 0.638184 0.110352 0.110352
0 0.177246 0.741211 0.073242 0.074219
0 0.177734 0.841797 0.085938 0.085938
0 0.185547 0.933594 0.085938 0.085938
0 0.099609 0.821289 0.037109 0.037109
0 0.102539 0.597168 0.109375 0.110352
0 0.091797 0.697266 0.109375 0.111328
0 0.853516 0.162598 0.097656 0.098633
0 0.763672 0.104004 0.097656 0.098633
0 0.661133 0.156250 0.097656 0.097656
0 0.572754 0.099609 0.110352 0.111328
0 0.943848 0.205566 0.110352 0.110352
0 0.937012 0.328125 0.122070 0.123047
0 0.854980 0.279785 0.110352 0.110352
0 0.856445 0.378906 0.097656 0.097656
0 0.843750 0.485352 0.109375 0.111328
0 0.763672 0.226562 0.097656 0.097656
0 0.759766 0.331055 0.097656 0.097656
0 0.750977 0.437500 0.109375 0.111328
0 0.666992 0.264648 0.097656 0.097656
0 0.659180 0.375000 0.109375 0.111328
0 0.653809 0.471191 0.110352 0.110352
0 0.564941 0.211914 0.110352 0.111328
0 0.569824 0.431152 0.110352 0.110352
0 0.571777 0.314941 0.110352 0.110352
0 0.470215 0.264648 0.122070 0.123047
0 0.476074 0.380859 0.122070 0.123047
0 0.470215 0.480957 0.122070 0.122070
0 0.467285 0.156738 0.110352 0.110352
0 0.370605 0.103027 0.110352 0.110352
0 0.381836 0.210449 0.109375 0.110352
0 0.372070 0.316895 0.109375 0.110352
0 0.372070 0.425293 0.109375 0.110352
0 0.371094 0.534668 0.109375 0.110352
0 0.094238 0.149902 0.110352 0.110352
0 0.195801 0.104004 0.110352 0.110352
0 0.280273 0.151855 0.109375 0.110352
1 0.287598 0.265137 0.110352 0.110352
0 0.292480 0.365723 0.084961 0.086914
0 0.284668 0.492676 0.110352 0.110352
0 0.191895 0.219238 0.110352 0.110352
0 0.187988 0.321777 0.110352 0.110352
0 0.191406 0.433105 0.097656 0.098633
0 0.101562 0.263184 0.109375 0.110352
0 0.100586 0.379395 0.097656 0.098633
0 0.097656 0.489746 0.109375 0.110352