0 0.724609 0.043945 0.048828 0.048828
0 0.803711 0.109375 0.048828 0.048828
0 0.612305 0.077637 0.048828 0.049805
0 0.423828 0.081543 0.048828 0.049805
0 0.317383 0.120117 0.048828 0.048828
0 0.521484 0.119629 0.048828 0.049805
0 0.194824 0.797852 0.084961 0.085938
0 0.506348 0.953125 0.084961 0.085938
0 0.877441 0.749023 0.122070 0.123047
0 0.872559 0.871094 0.122070 0.123047
0 0.776855 0.918945 0.122070 0.123047
0 0.774414 0.807129 0.097656 0.098633
0 0.770020 0.687500 0.084961 0.085938
0 0.692383 0.743164 0.085938 0.085938
0 0.686035 0.859375 0.084961 0.085938
0 0.587891 0.796875 0.085938 0.085938
0 0.584961 0.907227 0.085938 0.085938
0 0.503906 0.830566 0.097656 0.098633
0 0.500000 0.739746 0.097656 0.098633
0 0.391602 0.757812 0.085938 0.085938
0 0.912109 0.047852 0.048828 0.048828
0 0.907227 0.145996 0.060547 0.061523
0 0.718262 0.148926 0.024414 0.024414
0 0.425781 0.179688 0.048828 0.048828
0 0.231445 0.073242 0.048828 0.048828
0 0.625488 0.182129 0.024414 0.024414