0 0.091309 0.690918 0.061523 0.061523
0 0.203613 0.667480 0.061523 0.061523
0 0.295898 0.660156 0.048828 0.048828
0 0.107422 0.495117 0.048828 0.048828
0 0.027344 0.519531 0.048828 0.048828
0 0.211914 0.490234 0.048828 0.048828
0 0.113281 0.362305 0.048828 0.048828
0 0.208008 0.573242 0.048828 0.048828
0 0.291992 0.572266 0.048828 0.048828
0 0.201660 0.762207 0.061523 0.061523
0 0.100586 0.794434 0.060547 0.061523
0 0.105469 0.890137 0.060547 0.061523
0 0.286621 0.855957 0.061523 0.061523
0 0.286133 0.753418 0.060547 0.061523
0 0.202637 0.841309 0.061523 0.061523
0 0.208984 0.918457 0.048828 0.049805
0 0.292969 0.938965 0.048828 0.049805
0 0.894531 0.525879 0.048828 0.049805
0 0.905273 0.219238 0.048828 0.049805
0 0.900879 0.624512 0.061523 0.061523
0 0.793945 0.262207 0.060547 0.061523
0 0.899414 0.417969 0.048828 0.048828
0 0.791016 0.511230 0.048828 0.049805
0 0.801758 0.592285 0.048828 0.049805
0 0.801758 0.687988 0.048828 0.049805
0 0.695312 0.726562 0.048828 0.048828
0 0.899414 0.726074 0.048828 0.049805
0 0.902344 0.317871 0.048828 0.049805
0 0.797852 0.182129 0.060547 0.061523
0 0.902344 0.121094 0.037109 0.037109
0 0.797852 0.060059 0.048828 0.049805
0 0.362305 0.905273 0.048828 0.048828
0 0.372070 0.802734 0.048828 0.048828
0 0.803711 0.786133 0.048828 0.048828
0 0.698242 0.625000 0.048828 0.048828
0 0.609375 0.679688 0.048828 0.048828
0 0.213867 0.393555 0.037109 0.037109
0 0.104492 0.596680 0.048828 0.048828
0 0.030273 0.404297 0.037109 0.037109
0 0.406250 0.102539 0.048828 0.048828
0 0.399414 0.199219 0.037109 0.037109
0 0.400391 0.288086 0.037109 0.037109
0 0.493164 0.037109 0.048828 0.048828
0 0.495117 0.150879 0.060547 0.061523
0 0.485352 0.271484 0.037109 0.037109
0 0.560059 0.168457 0.061523 0.061523
0 0.551758 0.267578 0.048828 0.048828
0 0.698730 0.103027 0.024414 0.024414
0 0.698730 0.209961 0.036133 0.037109
0 0.029297 0.038086 0.048828 0.048828
0 0.027344 0.125977 0.048828 0.048828
0 0.031738 0.229980 0.036133 0.036133
0 0.025391 0.312012 0.048828 0.049805
0 0.120117 0.249023 0.037109 0.037109
0 0.182129 0.211914 0.036133 0.037109
0 0.129883 0.138672 0.037109 0.037109
0 0.341309 0.036133 0.036133 0.037109
0 0.345703 0.151367 0.048828 0.048828