0 0.868652 0.520996 0.061523 0.061523
0 0.960938 0.599609 0.048828 0.048828
0 0.965820 0.480957 0.048828 0.049805
0 0.708008 0.503418 0.060547 0.061523
0 0.349609 0.511719 0.048828 0.048828
0 0.428711 0.577148 0.048828 0.048828
0 0.611816 0.561035 0.061523 0.061523
0 0.431641 0.452637 0.060547 0.061523
0 0.356445 0.300781 0.048828 0.048828
0 0.359375 0.099609 0.048828 0.048828
0 0.355469 0.207031 0.048828 0.048828
0 0.351562 0.416504 0.060547 0.061523
0 0.625000 0.265137 0.060547 0.061523
0 0.541016 0.083008 0.048828 0.048828
0 0.429688 0.148438 0.037109 0.037109
0 0.717773 0.117188 0.048828 0.048828
0 0.629883 0.154297 0.060547 0.060547
0 0.633301 0.077637 0.061523 0.061523
0 0.428711 0.364746 0.060547 0.061523
0 0.786133 0.148438 0.048828 0.048828
0 0.701172 0.405273 0.048828 0.048828
0 0.420898 0.261719 0.048828 0.048828
0 0.620605 0.352539 0.073242 0.074219
0 0.237305 0.545410 0.048828 0.049805
0 0.241211 0.448730 0.048828 0.049805
0 0.141602 0.387207 0.048828 0.049805
0 0.152344 0.080566 0.048828 0.049805
0 0.147949 0.485840 0.061523 0.061523
0 0.041016 0.123535 0.060547 0.061523
0 0.146484 0.279297 0.048828 0.048828
0 0.038086 0.372559 0.048828 0.049805
0 0.048828 0.453613 0.048828 0.049805
0 0.048828 0.549316 0.048828 0.049805
0 0.146484 0.587402 0.048828 0.049805
0 0.240234 0.262207 0.060547 0.061523
0 0.149414 0.179199 0.048828 0.049805
0 0.044922 0.043457 0.060547 0.061523
0 0.238281 0.144043 0.048828 0.049805
0 0.706543 0.733887 0.061523 0.061523
0 0.607910 0.667480 0.061523 0.061523
0 0.959473 0.803711 0.073242 0.074219
0 0.869629 0.734863 0.061523 0.061523
0 0.712891 0.637695 0.060547 0.060547
0 0.705566 0.828613 0.061523 0.061523
0 0.777832 0.791016 0.073242 0.074219
0 0.867188 0.622070 0.048828 0.048828
0 0.778320 0.665039 0.060547 0.060547
0 0.965820 0.694824 0.060547 0.061523
0 0.871582 0.441406 0.036133 0.037109
0 0.885742 0.319824 0.037109 0.036133
0 0.785156 0.451172 0.048828 0.048828
0 0.794922 0.563477 0.037109 0.037109
0 0.709961 0.312500 0.037109 0.037109
0 0.620117 0.459961 0.048828 0.048828
0 0.537109 0.515625 0.048828 0.048828
0 0.532227 0.613770 0.060547 0.061523
0 0.544922 0.303711 0.048828 0.048828
0 0.343262 0.616699 0.024414 0.024414
0 0.240723 0.360352 0.036133 0.037109
0 0.050781 0.647461 0.048828 0.048828
0 0.785156 0.030273 0.037109 0.037109
0 0.978027 0.114746 0.036133 0.036133
0 0.880859 0.208984 0.037109 0.037109
0 0.712891 0.218750 0.048828 0.048828
0 0.789062 0.250000 0.037109 0.037109
0 0.541504 0.169434 0.024414 0.024414
0 0.548340 0.398926 0.024414 0.024414
0 0.250488 0.649902 0.024414 0.024414