0 0.046875 0.768555 0.048828 0.048828
0 0.064941 0.122070 0.036133 0.037109
0 0.045410 0.874512 0.061523 0.061523
0 0.045898 0.973145 0.048828 0.049805
0 0.839844 0.344727 0.085938 0.085938
0 0.939453 0.196289 0.048828 0.048828
0 0.710938 0.726074 0.048828 0.049805
0 0.925781 0.853027 0.048828 0.049805
0 0.845703 0.045410 0.085938 0.086914
0 0.839355 0.138672 0.084961 0.085938
0 0.838867 0.252441 0.097656 0.098633
0 0.733398 0.294922 0.085938 0.085938
0 0.745117 0.205078 0.085938 0.085938
0 0.751953 0.094727 0.085938 0.085938
0 0.661133 0.146973 0.097656 0.098633
0 0.465820 0.249512 0.060547 0.061523
0 0.462891 0.148926 0.048828 0.049805
0 0.536133 0.789062 0.048828 0.048828
0 0.534180 0.895508 0.048828 0.048828
0 0.621094 0.830078 0.048828 0.048828
0 0.623047 0.943848 0.060547 0.061523
0 0.687988 0.961426 0.061523 0.061523
0 0.826660 0.895996 0.024414 0.024414
0 0.157227 0.831055 0.048828 0.048828
0 0.155273 0.918945 0.048828 0.048828
0 0.257812 0.931641 0.037109 0.037109
0 0.263672 0.809570 0.037109 0.037109
0 0.933594 0.419922 0.048828 0.048828
0 0.936523 0.531250 0.048828 0.048828
0 0.831055 0.783691 0.037109 0.036133
0 0.835938 0.666992 0.048828 0.048828
0 0.835938 0.562500 0.048828 0.048828
0 0.842773 0.451172 0.048828 0.048828
0 0.724609 0.416504 0.023438 0.024414
0 0.718750 0.519531 0.048828 0.048828
0 0.708008 0.632324 0.037109 0.036133
0 0.639648 0.363281 0.048828 0.048828
0 0.639160 0.479004 0.024414 0.024414
0 0.632324 0.605957 0.024414 0.024414
0 0.625977 0.720215 0.048828 0.049805
0 0.546387 0.416504 0.036133 0.036133
0 0.546387 0.546387 0.024414 0.024414
0 0.540527 0.655762 0.024414 0.024414
0 0.472656 0.346191 0.037109 0.036133
0 0.475586 0.465332 0.048828 0.049805
0 0.469727 0.596680 0.037109 0.037109
0 0.471680 0.699219 0.048828 0.048828
0 0.469238 0.829102 0.036133 0.037109
0 0.382324 0.389160 0.036133 0.036133
1 0.940430 0.098633 0.048828 0.048828
0 0.941895 0.309082 0.024414 0.024414
0 0.548340 0.096680 0.036133 0.037109
0 0.468262 0.031250 0.036133 0.037109
0 0.365234 0.085938 0.037109 0.037109
0 0.267578 0.139160 0.037109 0.036133
0 0.167480 0.186035 0.036133 0.036133
0 0.145996 0.310547 0.036133 0.037109
0 0.262207 0.262207 0.036133 0.036133
0 0.380859 0.204590 0.048828 0.049805
0 0.381836 0.293457 0.037109 0.036133
0 0.642578 0.256836 0.048828 0.048828
0 0.549805 0.194336 0.048828 0.048828
0 0.550293 0.295898 0.036133 0.037109
0 0.052246 0.333984 0.036133 0.037109
0 0.214355 0.032715 0.036133 0.036133
0 0.046875 0.672852 0.037109 0.037109
0 0.046875 0.587891 0.037109 0.037109
0 0.045898 0.514648 0.037109 0.037109
0 0.473633 0.944336 0.048828 0.048828
0 0.921387 0.778320 0.036133 0.037109