0 0.939941 0.443359 0.110352 0.111328
0 0.942383 0.333984 0.097656 0.097656
0 0.944336 0.231934 0.109375 0.110352
0 0.854980 0.066895 0.110352 0.110352
0 0.850586 0.175781 0.097656 0.097656
0 0.853027 0.290039 0.110352 0.111328
0 0.852539 0.392578 0.097656 0.097656
0 0.756348 0.450195 0.073242 0.074219
0 0.759766 0.343750 0.085938 0.085938
0 0.761719 0.241211 0.085938 0.085938
0 0.769043 0.124023 0.084961 0.085938
0 0.664062 0.057617 0.109375 0.111328
0 0.665039 0.172852 0.109375 0.111328
0 0.662109 0.284668 0.109375 0.110352
0 0.665039 0.390137 0.097656 0.098633
0 0.573242 0.120117 0.109375 0.111328
0 0.572266 0.218262 0.097656 0.098633
0 0.578613 0.337891 0.122070 0.123047
0 0.574707 0.437012 0.110352 0.110352
0 0.471191 0.392090 0.110352 0.110352
0 0.474121 0.276855 0.110352 0.110352
0 0.476074 0.060059 0.110352 0.110352
0 0.475586 0.165039 0.048828 0.048828
0 0.390625 0.110840 0.097656 0.098633
0 0.379883 0.219238 0.109375 0.110352
0 0.383789 0.342285 0.097656 0.098633
0 0.389648 0.459473 0.109375 0.110352
0 0.284668 0.410156 0.122070 0.123047
0 0.282715 0.284668 0.122070 0.122070
0 0.284668 0.170410 0.122070 0.122070
0 0.288086 0.062012 0.109375 0.110352
0 0.186523 0.119629 0.097656 0.098633
0 0.193848 0.233398 0.122070 0.123047
0 0.192871 0.352539 0.122070 0.123047
0 0.192871 0.461914 0.122070 0.123047
0 0.083008 0.396973 0.109375 0.110352
0 0.098633 0.293457 0.109375 0.110352
0 0.092773 0.184082 0.097656 0.098633
0 0.091309 0.074707 0.110352 0.110352
0 0.082520 0.636719 0.122070 0.123047
0 0.085449 0.516602 0.122070 0.123047
0 0.086914 0.735840 0.109375 0.110352
0 0.087402 0.851562 0.122070 0.123047
0 0.095215 0.942383 0.110352 0.111328
0 0.189941 0.583496 0.122070 0.122070
0 0.189941 0.675781 0.122070 0.123047
0 0.188965 0.781250 0.122070 0.123047
0 0.176758 0.888184 0.109375 0.110352
0 0.366699 0.568359 0.122070 0.123047
0 0.371582 0.676270 0.122070 0.122070
0 0.276855 0.731934 0.110352 0.110352
0 0.277832 0.620605 0.110352 0.110352
0 0.290527 0.508301 0.110352 0.110352
0 0.360840 0.791504 0.122070 0.122070
0 0.281738 0.872070 0.122070 0.123047
0 0.380371 0.873535 0.110352 0.110352
0 0.468750 0.837402 0.109375 0.110352
0 0.475586 0.715332 0.109375 0.110352
0 0.467773 0.614746 0.109375 0.110352
0 0.472656 0.507324 0.109375 0.110352
0 0.571777 0.553711 0.122070 0.123047
0 0.567871 0.666016 0.122070 0.123047
0 0.570312 0.770996 0.109375 0.110352
0 0.577148 0.866699 0.109375 0.110352
0 0.660645 0.831543 0.110352 0.110352
0 0.657715 0.729980 0.110352 0.110352
0 0.664551 0.612305 0.110352 0.111328
0 0.661621 0.507812 0.110352 0.111328
0 0.753906 0.554688 0.109375 0.111328
0 0.755859 0.666016 0.109375 0.111328
0 0.749023 0.774414 0.097656 0.097656
0 0.755859 0.889160 0.097656 0.098633
0 0.841797 0.840820 0.109375 0.111328
0 0.856934 0.720703 0.122070 0.123047
0 0.855957 0.605469 0.073242 0.074219
0 0.847656 0.511230 0.097656 0.098633
0 0.940918 0.667480 0.110352 0.110352
0 0.937500 0.770508 0.097656 0.097656
0 0.934570 0.890625 0.109375 0.111328