0 0.927246 0.206543 0.110352 0.110352
0 0.927246 0.097656 0.122070 0.123047
0 0.841309 0.147949 0.110352 0.110352
0 0.830078 0.240723 0.097656 0.098633
1 0.740723 0.195801 0.122070 0.122070
0 0.733887 0.101562 0.122070 0.123047
0 0.645020 0.139160 0.122070 0.122070
0 0.644531 0.240723 0.097656 0.098633
0 0.541992 0.201660 0.097656 0.098633
0 0.534180 0.097168 0.097656 0.098633
0 0.455078 0.151855 0.109375 0.110352
0 0.354004 0.196289 0.122070 0.123047
0 0.351562 0.070801 0.109375 0.110352
0 0.267090 0.160156 0.122070 0.123047
0 0.926270 0.332031 0.122070 0.123047
0 0.835449 0.367188 0.122070 0.123047
0 0.071777 0.149414 0.122070 0.123047
0 0.164551 0.092773 0.110352 0.111328
0 0.177246 0.212891 0.110352 0.111328
0 0.074219 0.259277 0.109375 0.110352
0 0.082520 0.353516 0.122070 0.123047
0 0.072754 0.473633 0.122070 0.123047
0 0.073730 0.599609 0.122070 0.123047
0 0.065918 0.703613 0.110352 0.110352
0 0.066895 0.814453 0.122070 0.123047
0 0.169922 0.752441 0.109375 0.110352
0 0.175781 0.643555 0.097656 0.097656
0 0.166504 0.539062 0.122070 0.123047
0 0.167480 0.431641 0.122070 0.123047
0 0.166016 0.318848 0.097656 0.098633
0 0.267090 0.257324 0.110352 0.110352
0 0.357422 0.299316 0.109375 0.110352
0 0.357910 0.417480 0.110352 0.110352
0 0.262207 0.373535 0.110352 0.110352
0 0.269043 0.469238 0.110352 0.110352
0 0.262207 0.590820 0.122070 0.123047
0 0.258301 0.699219 0.122070 0.123047
0 0.256836 0.816895 0.109375 0.110352
0 0.363770 0.743164 0.122070 0.123047
0 0.356934 0.647461 0.122070 0.123047
0 0.359375 0.515137 0.097656 0.098633
0 0.451172 0.262207 0.109375 0.110352
0 0.447754 0.376465 0.122070 0.122070
0 0.446777 0.488281 0.122070 0.123047
0 0.448730 0.589844 0.122070 0.123047
0 0.444824 0.694336 0.122070 0.123047
0 0.440918 0.812500 0.122070 0.123047
0 0.540527 0.763672 0.122070 0.123047
0 0.540527 0.649414 0.122070 0.123047
0 0.546387 0.534668 0.122070 0.122070
0 0.546387 0.425293 0.122070 0.122070
0 0.537109 0.321777 0.097656 0.098633
0 0.645020 0.359375 0.122070 0.123047
0 0.647949 0.474609 0.122070 0.123047
0 0.644043 0.584473 0.122070 0.122070
0 0.644043 0.695312 0.122070 0.123047
0 0.643066 0.808594 0.122070 0.123047
0 0.736816 0.775879 0.122070 0.122070
0 0.749023 0.657715 0.097656 0.098633
0 0.738770 0.554688 0.122070 0.123047
0 0.745605 0.425781 0.122070 0.123047
0 0.750488 0.300781 0.122070 0.123047
0 0.832520 0.487305 0.122070 0.123047
0 0.826660 0.587891 0.122070 0.123047
0 0.834473 0.707031 0.122070 0.123047
0 0.919434 0.756836 0.122070 0.123047
0 0.927246 0.645508 0.122070 0.123047
0 0.922363 0.527344 0.122070 0.123047
0 0.925781 0.424805 0.097656 0.097656
0 0.825684 0.796387 0.084961 0.086914
0 0.927734 0.857910 0.109375 0.110352
0 0.828125 0.917480 0.097656 0.098633
0 0.729492 0.916504 0.097656 0.098633
0 0.641602 0.919434 0.097656 0.098633
0 0.532227 0.867676 0.097656 0.098633
0 0.448242 0.915527 0.097656 0.098633
0 0.371582 0.920898 0.122070 0.123047
0 0.255859 0.910156 0.097656 0.097656
0 0.169922 0.855469 0.097656 0.097656
0 0.067871 0.919434 0.110352 0.110352