0 0.125977 0.128906 0.048828 0.048828
0 0.113281 0.875488 0.060547 0.061523
0 0.221680 0.792480 0.060547 0.061523
0 0.298340 0.844238 0.061523 0.061523
0 0.410645 0.820801 0.061523 0.061523
0 0.025391 0.851562 0.048828 0.048828
0 0.502930 0.813477 0.048828 0.048828
0 0.123047 0.692871 0.060547 0.061523
0 0.031738 0.739746 0.061523 0.061523
0 0.124512 0.234863 0.061523 0.061523
0 0.314453 0.648438 0.048828 0.048828
0 0.234375 0.672852 0.048828 0.048828
0 0.125000 0.333496 0.048828 0.049805
0 0.124023 0.434082 0.048828 0.049805
0 0.418945 0.643555 0.048828 0.048828
0 0.320312 0.515625 0.048828 0.048828
0 0.415039 0.726562 0.048828 0.048828
0 0.499023 0.725586 0.048828 0.048828
0 0.408691 0.915527 0.061523 0.061523
0 0.112793 0.959473 0.061523 0.061523
0 0.220703 0.910645 0.060547 0.061523
0 0.307617 0.947754 0.060547 0.061523
0 0.493164 0.906738 0.060547 0.061523
0 0.790039 0.086426 0.048828 0.049805
0 0.902344 0.879883 0.048828 0.048828
0 0.579102 0.956055 0.048828 0.048828
0 0.905273 0.778320 0.048828 0.048828
0 0.816406 0.833008 0.048828 0.048828
0 0.420898 0.546875 0.037109 0.037109
0 0.311523 0.750000 0.048828 0.048828
0 0.237305 0.557617 0.037109 0.037109
0 0.615234 0.149414 0.048828 0.048828
0 0.613281 0.255859 0.048828 0.048828
0 0.606445 0.352539 0.037109 0.037109
0 0.607422 0.441406 0.037109 0.037109
0 0.700195 0.190430 0.048828 0.048828
0 0.702148 0.304199 0.060547 0.061523
0 0.692383 0.424805 0.037109 0.037109
0 0.767090 0.321777 0.061523 0.061523
0 0.758789 0.420898 0.048828 0.048828
0 0.905762 0.256348 0.024414 0.024414
0 0.905762 0.363281 0.036133 0.037109
0 0.236328 0.191406 0.048828 0.048828
0 0.234375 0.279297 0.048828 0.048828
0 0.238770 0.383301 0.036133 0.036133
0 0.232422 0.465332 0.048828 0.049805
0 0.327148 0.402344 0.037109 0.037109
0 0.389160 0.365234 0.036133 0.037109
0 0.336914 0.291992 0.037109 0.037109
0 0.342773 0.169922 0.037109 0.037109
0 0.910156 0.144043 0.037109 0.036133
0 0.915039 0.027344 0.048828 0.048828
0 0.705078 0.080566 0.048828 0.049805
0 0.619629 0.016113 0.024414 0.024414
0 0.550781 0.059570 0.048828 0.048828
0 0.548340 0.189453 0.036133 0.037109
0 0.050293 0.094727 0.036133 0.037109
0 0.041504 0.195801 0.036133 0.036133
0 0.125977 0.033203 0.037109 0.037109
0 0.031738 0.404297 0.036133 0.037109
0 0.552734 0.304688 0.048828 0.048828