0 0.035645 0.235840 0.061523 0.061523
0 0.038086 0.130859 0.048828 0.048828
0 0.043945 0.046875 0.048828 0.048828
0 0.031250 0.354492 0.048828 0.048828
0 0.149902 0.218750 0.061523 0.060547
0 0.521484 0.250488 0.060547 0.061523
0 0.245117 0.238281 0.048828 0.048828
0 0.629883 0.167480 0.060547 0.061523
0 0.344727 0.171875 0.048828 0.048828
0 0.706543 0.219238 0.061523 0.061523
0 0.352539 0.262695 0.048828 0.048828
0 0.818848 0.195801 0.061523 0.061523
0 0.433594 0.226562 0.048828 0.048828
0 0.241211 0.113281 0.048828 0.048828
0 0.911133 0.188477 0.048828 0.048828
0 0.531250 0.067871 0.060547 0.061523
0 0.439941 0.114746 0.061523 0.061523
0 0.642578 0.047852 0.048828 0.048828
0 0.161133 0.093750 0.048828 0.048828
0 0.823242 0.101562 0.048828 0.048828
0 0.907227 0.100586 0.048828 0.048828
0 0.618652 0.905762 0.073242 0.073242
0 0.427246 0.434082 0.061523 0.061523
0 0.816895 0.290527 0.061523 0.061523
0 0.240723 0.417480 0.061523 0.061523
0 0.345703 0.433594 0.060547 0.060547
0 0.631836 0.379395 0.060547 0.061523
0 0.350586 0.354004 0.060547 0.061523
0 0.153809 0.326660 0.061523 0.061523
0 0.138184 0.632324 0.073242 0.073242
0 0.144043 0.435059 0.061523 0.061523
0 0.520996 0.334473 0.061523 0.061523
0 0.519043 0.438965 0.061523 0.061523
0 0.622070 0.790039 0.060547 0.060547
0 0.244141 0.340820 0.060547 0.060547
0 0.806152 0.687500 0.073242 0.074219
0 0.628906 0.285645 0.060547 0.061523
0 0.437012 0.341309 0.061523 0.061523
0 0.522949 0.633789 0.073242 0.074219
0 0.628418 0.455566 0.061523 0.061523
0 0.798340 0.896973 0.073242 0.073242
0 0.715332 0.632324 0.061523 0.061523
0 0.720703 0.726074 0.060547 0.061523
0 0.715820 0.322754 0.060547 0.061523
0 0.720703 0.418457 0.060547 0.061523
0 0.901855 0.384277 0.061523 0.061523
0 0.901367 0.281738 0.060547 0.061523
0 0.817871 0.369629 0.061523 0.061523
0 0.824219 0.446777 0.048828 0.049805
0 0.908203 0.467285 0.048828 0.049805
0 0.895020 0.864258 0.073242 0.074219
1 0.711426 0.849121 0.061523 0.061523
0 0.516602 0.848633 0.097656 0.097656
0 0.420410 0.884766 0.084961 0.085938
0 0.337891 0.829102 0.085938 0.085938
0 0.238770 0.849609 0.122070 0.123047
0 0.135254 0.853516 0.122070 0.123047
0 0.901367 0.636719 0.048828 0.048828
0 0.897461 0.741211 0.048828 0.048828
0 0.806152 0.782227 0.073242 0.074219
0 0.626465 0.671875 0.084961 0.085938
0 0.523926 0.727539 0.084961 0.085938
0 0.432129 0.780762 0.084961 0.086914
0 0.440430 0.688477 0.097656 0.097656
0 0.345703 0.618164 0.085938 0.085938
0 0.337891 0.720703 0.097656 0.097656
0 0.228027 0.672852 0.084961 0.085938
0 0.229492 0.770508 0.085938 0.085938
0 0.144043 0.733887 0.110352 0.110352
0 0.049805 0.689453 0.085938 0.085938
0 0.719727 0.125000 0.048828 0.048828