0 0.920898 0.915039 0.048828 0.048828
0 0.920410 0.817871 0.061523 0.061523
0 0.918945 0.704590 0.060547 0.061523
0 0.090820 0.885254 0.060547 0.061523
0 0.375000 0.689453 0.048828 0.048828
0 0.276855 0.778809 0.061523 0.061523
0 0.185059 0.733887 0.061523 0.061523
0 0.835449 0.859863 0.061523 0.061523
0 0.744141 0.724609 0.037109 0.037109
0 0.474121 0.679688 0.036133 0.037109
0 0.833984 0.760254 0.048828 0.049805
0 0.555664 0.654297 0.037109 0.037109
0 0.466797 0.785156 0.048828 0.048828
0 0.199219 0.947754 0.048828 0.049805
0 0.836426 0.664551 0.061523 0.061523
0 0.655762 0.545410 0.073242 0.073242
0 0.917480 0.608398 0.073242 0.074219
0 0.734863 0.370605 0.061523 0.061523
0 0.657227 0.452637 0.048828 0.049805
0 0.744629 0.274902 0.061523 0.061523
0 0.919922 0.413574 0.060547 0.061523
0 0.920898 0.506836 0.048828 0.048828
0 0.082520 0.113281 0.122070 0.123047
0 0.078613 0.231445 0.122070 0.123047
0 0.178223 0.182617 0.122070 0.123047
0 0.178223 0.068359 0.122070 0.123047
0 0.281738 0.114258 0.122070 0.123047
0 0.280762 0.227539 0.122070 0.123047
0 0.374512 0.194824 0.122070 0.122070
0 0.386719 0.076660 0.097656 0.098633
0 0.472168 0.125977 0.122070 0.123047
0 0.557129 0.175781 0.122070 0.123047
0 0.564941 0.064453 0.122070 0.123047
0 0.654297 0.127441 0.097656 0.098633
0 0.666504 0.242188 0.122070 0.123047
0 0.463379 0.215332 0.084961 0.086914
0 0.659180 0.340332 0.109375 0.110352
0 0.565430 0.276855 0.109375 0.110352
0 0.564941 0.379395 0.110352 0.110352
0 0.559082 0.554199 0.122070 0.122070
0 0.459961 0.565918 0.097656 0.098633
0 0.456543 0.463379 0.110352 0.110352
0 0.465820 0.336426 0.097656 0.098633
0 0.367188 0.335449 0.097656 0.098633
0 0.367676 0.475586 0.122070 0.123047
0 0.367188 0.609863 0.109375 0.110352
0 0.279297 0.338379 0.097656 0.098633
0 0.277832 0.442383 0.122070 0.123047
0 0.278320 0.560059 0.097656 0.098633
0 0.183105 0.627930 0.110352 0.111328
0 0.169922 0.286621 0.097656 0.098633
0 0.181641 0.399902 0.097656 0.098633
0 0.173828 0.505859 0.097656 0.097656
0 0.085938 0.334473 0.097656 0.098633
0 0.088867 0.446289 0.097656 0.097656
0 0.085938 0.559570 0.109375 0.111328
0 0.091797 0.655273 0.085938 0.085938
0 0.918457 0.204102 0.036133 0.037109
0 0.942871 0.344238 0.024414 0.024414
0 0.834961 0.325195 0.037109 0.037109
0 0.838867 0.229492 0.037109 0.037109
0 0.839844 0.113281 0.037109 0.037109
0 0.734863 0.491699 0.036133 0.036133
0 0.841797 0.448242 0.037109 0.037109
0 0.840820 0.559082 0.048828 0.049805
0 0.738770 0.599121 0.036133 0.036133
0 0.737305 0.823242 0.037109 0.037109
0 0.735352 0.939453 0.037109 0.037109
0 0.658203 0.764648 0.048828 0.048828
0 0.549316 0.775391 0.036133 0.037109
0 0.561035 0.901367 0.036133 0.037109
0 0.654297 0.877441 0.060547 0.061523
0 0.465820 0.894531 0.037109 0.037109
0 0.368164 0.945312 0.048828 0.048828
0 0.371094 0.840820 0.037109 0.037109
0 0.278320 0.684570 0.048828 0.048828
0 0.273438 0.892090 0.048828 0.049805
0 0.195801 0.848145 0.061523 0.061523
0 0.082031 0.772949 0.048828 0.049805