0 0.212402 0.287109 0.084961 0.085938
0 0.679688 0.914062 0.085938 0.085938
0 0.523926 0.442383 0.084961 0.085938
0 0.895020 0.238281 0.122070 0.123047
0 0.890137 0.360352 0.122070 0.123047
0 0.883301 0.460938 0.122070 0.123047
0 0.884277 0.571289 0.122070 0.123047
0 0.880371 0.676758 0.122070 0.123047
0 0.868652 0.789551 0.110352 0.110352
0 0.869629 0.909180 0.122070 0.123047
0 0.777832 0.852051 0.073242 0.073242
0 0.786133 0.718262 0.109375 0.110352
0 0.790039 0.613770 0.109375 0.110352
0 0.790039 0.515137 0.109375 0.110352
0 0.794434 0.408203 0.122070 0.123047
0 0.791992 0.296387 0.097656 0.098633
0 0.787598 0.176758 0.084961 0.085938
0 0.709961 0.232422 0.085938 0.085938
0 0.703613 0.348633 0.084961 0.085938
0 0.695312 0.454102 0.097656 0.097656
0 0.690430 0.570801 0.097656 0.098633
0 0.689453 0.675293 0.097656 0.098633
0 0.593262 0.723145 0.084961 0.086914
0 0.605469 0.286133 0.085938 0.085938
0 0.602539 0.396484 0.085938 0.085938
0 0.594727 0.516602 0.085938 0.085938
0 0.521484 0.319824 0.097656 0.098633
0 0.517578 0.229004 0.097656 0.098633
0 0.409180 0.247070 0.085938 0.085938
0 0.212402 0.486328 0.122070 0.123047
1 0.208496 0.605957 0.110352 0.110352
0 0.206543 0.714844 0.122070 0.123047
0 0.085449 0.872070 0.084961 0.085938
0 0.122070 0.444336 0.109375 0.111328
0 0.104004 0.563965 0.122070 0.122070
0 0.111816 0.663086 0.122070 0.123047
0 0.108887 0.766602 0.122070 0.123047
0 0.306641 0.557617 0.109375 0.111328
0 0.306152 0.658203 0.122070 0.123047
0 0.305176 0.770996 0.122070 0.122070
0 0.302246 0.883789 0.122070 0.123047
0 0.211426 0.929688 0.122070 0.123047
0 0.388184 0.828125 0.122070 0.123047
0 0.399414 0.712402 0.097656 0.098633
0 0.400879 0.608398 0.084961 0.085938
0 0.395996 0.505859 0.084961 0.085938
0 0.490723 0.890625 0.122070 0.123047
0 0.500000 0.785645 0.097656 0.098633
0 0.589355 0.853027 0.110352 0.110352
1 0.518066 0.654297 0.073242 0.074219