0 0.030273 0.533203 0.048828 0.048828
0 0.035156 0.414551 0.048828 0.049805
0 0.127930 0.464355 0.048828 0.049805
0 0.138184 0.229980 0.073242 0.073242
0 0.140137 0.341309 0.073242 0.073242
0 0.039062 0.296387 0.060547 0.061523
0 0.138672 0.117676 0.060547 0.061523
0 0.906738 0.360840 0.061523 0.061523
0 0.895996 0.247559 0.061523 0.061523
0 0.701172 0.476074 0.060547 0.061523
0 0.520996 0.471680 0.073242 0.074219
0 0.617676 0.317871 0.061523 0.061523
0 0.212402 0.417480 0.061523 0.061523
0 0.426270 0.392578 0.073242 0.074219
0 0.596680 0.523438 0.048828 0.048828
0 0.219727 0.075684 0.060547 0.061523
0 0.700195 0.378418 0.060547 0.061523
0 0.517090 0.249023 0.073242 0.074219
0 0.322266 0.458008 0.048828 0.048828
0 0.424316 0.520996 0.073242 0.073242
0 0.327148 0.349121 0.060547 0.061523
0 0.606934 0.422852 0.061523 0.060547
0 0.427734 0.292480 0.060547 0.061523
0 0.444336 0.053223 0.060547 0.061523
0 0.325195 0.138184 0.060547 0.061523
0 0.329102 0.246582 0.060547 0.061523
0 0.524902 0.348633 0.073242 0.074219
0 0.221680 0.201660 0.060547 0.061523
0 0.217285 0.521973 0.061523 0.061523
0 0.126953 0.682617 0.048828 0.048828
0 0.131836 0.574707 0.048828 0.049805
0 0.035156 0.628418 0.060547 0.061523
0 0.883301 0.708008 0.073242 0.074219
0 0.595215 0.737793 0.061523 0.061523
0 0.695312 0.682617 0.048828 0.048828
0 0.426270 0.630371 0.061523 0.061523
0 0.594238 0.635254 0.061523 0.061523
0 0.320801 0.579590 0.061523 0.061523
0 0.792969 0.650391 0.048828 0.048828
0 0.805664 0.309570 0.037109 0.037109
0 0.794922 0.415039 0.048828 0.048828
0 0.795898 0.541992 0.037109 0.037109
0 0.692871 0.591797 0.036133 0.037109
0 0.513184 0.571289 0.073242 0.074219
0 0.511719 0.692383 0.037109 0.037109
0 0.424805 0.720215 0.048828 0.049805
0 0.321289 0.761230 0.048828 0.049805
0 0.434570 0.181641 0.048828 0.048828
0 0.223145 0.303711 0.036133 0.037109
0 0.222656 0.631348 0.048828 0.049805
0 0.132812 0.761719 0.048828 0.048828
0 0.628906 0.086914 0.048828 0.048828
0 0.705078 0.250977 0.037109 0.037109
0 0.620605 0.199707 0.024414 0.024414
0 0.517578 0.138184 0.048828 0.049805
0 0.519043 0.014648 0.024414 0.025391
0 0.047363 0.048340 0.036133 0.036133