0 0.480957 0.538574 0.061523 0.061523
0 0.470215 0.425293 0.061523 0.061523
0 0.275391 0.653809 0.060547 0.061523
0 0.095215 0.649414 0.073242 0.074219
0 0.191895 0.495605 0.061523 0.061523
0 0.170898 0.701172 0.048828 0.048828
0 0.274414 0.556152 0.060547 0.061523
0 0.091309 0.426758 0.073242 0.074219
0 0.181152 0.600586 0.061523 0.060547
0 0.099121 0.526367 0.073242 0.074219
0 0.457520 0.885742 0.073242 0.074219
0 0.169434 0.915527 0.061523 0.061523
0 0.269531 0.860352 0.048828 0.048828
0 0.168457 0.812988 0.061523 0.061523
0 0.367188 0.828125 0.048828 0.048828
0 0.576660 0.268066 0.061523 0.061523
0 0.577148 0.376465 0.060547 0.061523
0 0.565918 0.608887 0.061523 0.061523
0 0.586426 0.149902 0.073242 0.073242
0 0.565918 0.711426 0.061523 0.061523
0 0.760742 0.698730 0.060547 0.061523
0 0.559082 0.937988 0.061523 0.061523
0 0.952148 0.936035 0.048828 0.049805
0 0.739746 0.875488 0.073242 0.073242
0 0.760742 0.769043 0.048828 0.049805
0 0.862305 0.766113 0.060547 0.061523
0 0.952637 0.822754 0.061523 0.061523
0 0.853027 0.857910 0.073242 0.073242
0 0.960449 0.715820 0.036133 0.037109
0 0.847656 0.944824 0.048828 0.049805
0 0.661133 0.426270 0.060547 0.061523
0 0.661133 0.534668 0.048828 0.049805
0 0.660156 0.629395 0.048828 0.049805
0 0.650391 0.755371 0.048828 0.049805
0 0.654297 0.868164 0.048828 0.048828
0 0.559082 0.822754 0.061523 0.061523
0 0.578125 0.497559 0.048828 0.049805
0 0.379883 0.487305 0.037109 0.037109
0 0.369141 0.592773 0.048828 0.048828
0 0.370117 0.719727 0.037109 0.037109
0 0.267090 0.769531 0.036133 0.037109
0 0.869629 0.432617 0.110352 0.111328
0 0.870605 0.535645 0.110352 0.110352
0 0.861816 0.647949 0.110352 0.110352
0 0.770508 0.469727 0.085938 0.085938
0 0.770996 0.576172 0.122070 0.123047
0 0.087402 0.749023 0.073242 0.074219
0 0.085938 0.870117 0.037109 0.037109
0 0.861816 0.102051 0.110352 0.110352
0 0.872070 0.208984 0.097656 0.097656
0 0.867676 0.320312 0.110352 0.111328
0 0.766602 0.361816 0.097656 0.098633
0 0.766602 0.272461 0.109375 0.111328
0 0.773926 0.156250 0.110352 0.111328
0 0.666016 0.106934 0.048828 0.049805
0 0.669922 0.211914 0.048828 0.048828
0 0.664551 0.316895 0.061523 0.061523
0 0.203125 0.264648 0.048828 0.048828
0 0.279297 0.428711 0.037109 0.037109
0 0.194824 0.377441 0.024414 0.024414
0 0.091797 0.315918 0.048828 0.049805
0 0.093262 0.192383 0.024414 0.025391
0 0.097656 0.084961 0.037109 0.037109
0 0.023438 0.038086 0.037109 0.037109