0 0.662598 0.041504 0.073242 0.073242
0 0.103027 0.173828 0.122070 0.123047
0 0.186035 0.117676 0.110352 0.110352
0 0.274414 0.053223 0.097656 0.098633
0 0.380371 0.122070 0.122070 0.123047
0 0.469238 0.065918 0.096680 0.098633
0 0.553223 0.120605 0.122070 0.122070
0 0.658691 0.154297 0.122070 0.123047
0 0.757324 0.112305 0.122070 0.123047
0 0.942383 0.115234 0.109375 0.111328
0 0.944336 0.335938 0.109375 0.111328
0 0.943359 0.434082 0.097656 0.098633
0 0.842285 0.607910 0.110352 0.110352
0 0.845215 0.492676 0.110352 0.110352
0 0.847168 0.275879 0.110352 0.110352
0 0.845215 0.172852 0.122070 0.123047
0 0.846680 0.380859 0.048828 0.048828
0 0.754883 0.211426 0.097656 0.098633
0 0.761719 0.326660 0.097656 0.098633
0 0.750977 0.435059 0.109375 0.110352
0 0.754883 0.558105 0.097656 0.098633
0 0.760742 0.675293 0.109375 0.110352
0 0.655762 0.625977 0.122070 0.123047
0 0.653809 0.500488 0.122070 0.122070
0 0.655762 0.386230 0.122070 0.122070
0 0.659180 0.277832 0.109375 0.110352
0 0.563477 0.233887 0.109375 0.110352
0 0.557617 0.335449 0.097656 0.098633
0 0.564941 0.449219 0.122070 0.123047
0 0.563965 0.568359 0.122070 0.123047
0 0.563965 0.677734 0.122070 0.123047
0 0.454102 0.612793 0.109375 0.110352
0 0.469727 0.509277 0.109375 0.110352
0 0.463867 0.399902 0.097656 0.098633
0 0.462402 0.290527 0.110352 0.110352
0 0.467285 0.171387 0.122070 0.122070
0 0.375488 0.230469 0.122070 0.123047
0 0.369141 0.348145 0.109375 0.110352
0 0.371094 0.448730 0.097656 0.098633
0 0.363770 0.559570 0.122070 0.123047
0 0.371582 0.667969 0.122070 0.123047
0 0.270020 0.604492 0.122070 0.123047
0 0.275391 0.488281 0.097656 0.097656
0 0.273926 0.379883 0.122070 0.123047
0 0.270020 0.275391 0.122070 0.123047
0 0.276855 0.169922 0.122070 0.123047
0 0.184082 0.226562 0.122070 0.123047
0 0.180176 0.327148 0.122070 0.123047
0 0.180176 0.443359 0.122070 0.123047
0 0.178223 0.560547 0.122070 0.123047
0 0.168457 0.672852 0.122070 0.123047
0 0.088379 0.277344 0.110352 0.111328
0 0.088379 0.382812 0.110352 0.111328
1 0.082031 0.501465 0.109375 0.110352
0 0.081055 0.614746 0.109375 0.110352
0 0.088867 0.721191 0.109375 0.110352
0 0.074219 0.832031 0.109375 0.111328
0 0.076172 0.941895 0.109375 0.110352
0 0.184082 0.778320 0.122070 0.123047
0 0.182129 0.870117 0.122070 0.123047
0 0.271973 0.718750 0.122070 0.123047
0 0.275879 0.815430 0.122070 0.123047
0 0.271973 0.933594 0.122070 0.123047
0 0.361816 0.772461 0.122070 0.123047
0 0.453613 0.852539 0.122070 0.123047
0 0.456543 0.732422 0.122070 0.123047
0 0.370605 0.883301 0.110352 0.110352
0 0.561035 0.799316 0.122070 0.122070
0 0.561035 0.891602 0.122070 0.123047
0 0.737793 0.784180 0.122070 0.123047
0 0.742676 0.892090 0.122070 0.122070
0 0.648926 0.836426 0.110352 0.110352
0 0.661621 0.724121 0.110352 0.110352
0 0.846680 0.931152 0.109375 0.110352
0 0.838867 0.830566 0.109375 0.110352
0 0.843750 0.723145 0.109375 0.110352