0 0.203125 0.326172 0.048828 0.048828
0 0.200195 0.890137 0.060547 0.061523
0 0.106934 0.494629 0.061523 0.061523
0 0.104980 0.839355 0.061523 0.061523
0 0.108887 0.937012 0.061523 0.061523
0 0.201660 0.432129 0.061523 0.061523
0 0.391602 0.845703 0.048828 0.048828
0 0.311523 0.870117 0.048828 0.048828
0 0.202148 0.530762 0.048828 0.049805
0 0.201172 0.631348 0.048828 0.049805
0 0.496094 0.840820 0.048828 0.048828
0 0.397461 0.712891 0.048828 0.048828
0 0.492188 0.923828 0.048828 0.048828
0 0.576172 0.922852 0.048828 0.048828
0 0.867188 0.283691 0.048828 0.049805
0 0.498047 0.744141 0.037109 0.037109
0 0.388672 0.947266 0.048828 0.048828
0 0.314453 0.754883 0.037109 0.037109
0 0.692383 0.346680 0.048828 0.048828
0 0.690430 0.453125 0.048828 0.048828
0 0.683594 0.549805 0.037109 0.037109
0 0.684570 0.638672 0.037109 0.037109
0 0.777344 0.387695 0.048828 0.048828
0 0.779297 0.501465 0.060547 0.061523
0 0.769531 0.622070 0.037109 0.037109
0 0.844238 0.519043 0.061523 0.061523
0 0.835938 0.618164 0.048828 0.048828
0 0.982910 0.453613 0.024414 0.024414
0 0.313477 0.388672 0.048828 0.048828
0 0.311523 0.476562 0.048828 0.048828
0 0.315918 0.580566 0.036133 0.036133
0 0.309570 0.662598 0.048828 0.049805
0 0.404297 0.599609 0.037109 0.037109
0 0.466309 0.562500 0.036133 0.037109
0 0.414062 0.489258 0.037109 0.037109
0 0.419922 0.367188 0.037109 0.037109
0 0.875000 0.077148 0.048828 0.048828
0 0.864258 0.189941 0.037109 0.036133
0 0.795410 0.036621 0.024414 0.024414
0 0.788574 0.163574 0.024414 0.024414
0 0.782227 0.277832 0.048828 0.049805
0 0.702637 0.104004 0.024414 0.024414
0 0.696777 0.213379 0.024414 0.024414
0 0.625977 0.154297 0.037109 0.037109
0 0.627930 0.256836 0.048828 0.048828
0 0.625488 0.386719 0.036133 0.037109
0 0.030273 0.369629 0.048828 0.049805
0 0.035156 0.270996 0.037109 0.036133
0 0.039062 0.189453 0.037109 0.037109
0 0.049316 0.072266 0.036133 0.037109
0 0.132324 0.108398 0.036133 0.037109
0 0.137207 0.198242 0.036133 0.037109
0 0.127441 0.291992 0.036133 0.037109
0 0.118652 0.393066 0.036133 0.036133
0 0.203125 0.230469 0.037109 0.037109
0 0.203125 0.145508 0.037109 0.037109
0 0.202148 0.072266 0.037109 0.037109
0 0.108887 0.601562 0.036133 0.037109
0 0.629883 0.501953 0.048828 0.048828