0 0.420410 0.322754 0.061523 0.061523
0 0.512695 0.401367 0.048828 0.048828
0 0.517578 0.282715 0.048828 0.049805
0 0.259766 0.305176 0.060547 0.061523
0 0.163574 0.362793 0.061523 0.061523
0 0.610352 0.332520 0.048828 0.049805
0 0.620605 0.098145 0.073242 0.073242
0 0.622559 0.209473 0.073242 0.073242
0 0.521484 0.164551 0.060547 0.061523
0 0.176758 0.066895 0.060547 0.061523
0 0.252930 0.207031 0.048828 0.048828
0 0.172363 0.154297 0.073242 0.074219
0 0.694824 0.285645 0.061523 0.061523
0 0.908691 0.260742 0.073242 0.074219
0 0.804688 0.326172 0.048828 0.048828
0 0.906738 0.389160 0.073242 0.073242
0 0.809570 0.217285 0.060547 0.061523
0 0.910156 0.160645 0.060547 0.061523
0 0.811523 0.114746 0.060547 0.061523
0 0.704102 0.069824 0.060547 0.061523
0 0.699707 0.390137 0.061523 0.061523
0 0.258301 0.535645 0.061523 0.061523
0 0.159668 0.469238 0.061523 0.061523
0 0.511230 0.605469 0.073242 0.074219
0 0.421387 0.536621 0.061523 0.061523
0 0.264648 0.439453 0.060547 0.060547
0 0.257324 0.630371 0.061523 0.061523
0 0.609375 0.550781 0.048828 0.048828
0 0.614258 0.442871 0.048828 0.049805
0 0.329590 0.592773 0.073242 0.074219
0 0.418945 0.423828 0.048828 0.048828
0 0.330078 0.466797 0.060547 0.060547
0 0.517578 0.496582 0.060547 0.061523
0 0.895996 0.887695 0.084961 0.085938
0 0.908691 0.498535 0.061523 0.061523
0 0.803223 0.447754 0.061523 0.061523
0 0.608887 0.915039 0.122070 0.123047
0 0.413574 0.912109 0.110352 0.111328
0 0.691895 0.877930 0.084961 0.085938
0 0.787598 0.903320 0.084961 0.085938
0 0.907227 0.588379 0.048828 0.049805
0 0.803711 0.629395 0.048828 0.049805
0 0.916992 0.049805 0.048828 0.048828
0 0.705566 0.171875 0.036133 0.037109
0 0.705078 0.499512 0.048828 0.049805
0 0.615234 0.629883 0.048828 0.048828
0 0.423340 0.243164 0.036133 0.037109
0 0.437500 0.121582 0.037109 0.036133
0 0.336914 0.252930 0.048828 0.048828
0 0.346680 0.365234 0.037109 0.037109
0 0.261719 0.114258 0.037109 0.037109
0 0.171875 0.261719 0.048828 0.048828
0 0.088867 0.317383 0.048828 0.048828
0 0.083984 0.415527 0.060547 0.061523
0 0.096680 0.105469 0.048828 0.048828
0 0.340820 0.051758 0.037109 0.037109
0 0.100098 0.200684 0.024414 0.024414