0 0.243164 0.464355 0.060547 0.061523
0 0.145508 0.541504 0.060547 0.061523
0 0.144043 0.643555 0.073242 0.074219
0 0.048828 0.465820 0.048828 0.048828
0 0.541504 0.911621 0.061523 0.061523
0 0.527344 0.268555 0.048828 0.048828
0 0.429199 0.357910 0.061523 0.061523
0 0.337402 0.312988 0.061523 0.061523
0 0.695801 0.785645 0.061523 0.061523
0 0.621094 0.592285 0.060547 0.061523
0 0.425781 0.917969 0.048828 0.048828
0 0.529297 0.718262 0.048828 0.049805
0 0.712891 0.690918 0.060547 0.061523
0 0.896484 0.303711 0.037109 0.037109
0 0.626465 0.258789 0.036133 0.037109
0 0.881348 0.949707 0.061523 0.061523
0 0.431152 0.588379 0.061523 0.061523
0 0.708008 0.233398 0.037109 0.037109
0 0.619141 0.364258 0.048828 0.048828
0 0.527344 0.603027 0.048828 0.049805
0 0.351562 0.526855 0.048828 0.049805
0 0.808105 0.124512 0.073242 0.073242
0 0.809570 0.031738 0.048828 0.049805
0 0.711426 0.133301 0.122070 0.122070
0 0.612305 0.145020 0.097656 0.098633
0 0.519531 0.188965 0.109375 0.110352
0 0.430664 0.139160 0.097656 0.098633
0 0.335449 0.207031 0.110352 0.111328
0 0.326172 0.084961 0.097656 0.097656
0 0.238281 0.138672 0.109375 0.111328
0 0.244141 0.234375 0.085938 0.085938
0 0.150391 0.060547 0.109375 0.111328
0 0.146973 0.182617 0.122070 0.123047
0 0.154785 0.291016 0.122070 0.123047
0 0.887207 0.070801 0.036133 0.036133
0 0.891113 0.178223 0.036133 0.036133
0 0.889648 0.402344 0.037109 0.037109
0 0.887695 0.518555 0.037109 0.037109
0 0.889648 0.623047 0.037109 0.037109
0 0.885742 0.720703 0.037109 0.037109
0 0.810547 0.343750 0.048828 0.048828
0 0.701660 0.354492 0.036133 0.037109
0 0.713379 0.480469 0.036133 0.037109
0 0.712891 0.563477 0.048828 0.048828
0 0.806641 0.456543 0.060547 0.061523
0 0.618164 0.473633 0.037109 0.037109
0 0.520508 0.524414 0.048828 0.048828
0 0.523438 0.419922 0.037109 0.037109
0 0.430664 0.263672 0.048828 0.048828
0 0.425781 0.471191 0.048828 0.049805
0 0.352539 0.618652 0.048828 0.049805
0 0.348145 0.427246 0.061523 0.061523
0 0.234375 0.352051 0.048828 0.049805
0 0.149414 0.414551 0.060547 0.061523
0 0.147949 0.739258 0.024414 0.025391
0 0.249023 0.683594 0.048828 0.048828
0 0.243164 0.565918 0.048828 0.049805
0 0.426758 0.689941 0.048828 0.049805
0 0.620117 0.689941 0.048828 0.049805
0 0.794434 0.771484 0.036133 0.037109
0 0.790039 0.899902 0.048828 0.049805
0 0.704102 0.897949 0.048828 0.049805
0 0.624023 0.875488 0.048828 0.049805
0 0.534180 0.818848 0.048828 0.049805
0 0.421875 0.803711 0.048828 0.048828
0 0.348145 0.847168 0.024414 0.024414
0 0.353027 0.972168 0.024414 0.024414
0 0.238770 0.775879 0.024414 0.024414
0 0.042969 0.689453 0.048828 0.048828
0 0.045898 0.800781 0.048828 0.048828
1 0.049805 0.368164 0.048828 0.048828
0 0.051270 0.578613 0.024414 0.024414
0 0.146973 0.960449 0.024414 0.024414