0 0.207520 0.105469 0.122070 0.123047
0 0.408691 0.105469 0.122070 0.123047
0 0.869141 0.165527 0.109375 0.110352
0 0.863281 0.267090 0.097656 0.098633
0 0.870605 0.380859 0.122070 0.123047
0 0.869629 0.500000 0.122070 0.123047
0 0.869629 0.609375 0.122070 0.123047
0 0.759766 0.544434 0.109375 0.110352
0 0.775391 0.440918 0.109375 0.110352
0 0.769531 0.331543 0.097656 0.098633
0 0.768066 0.222168 0.110352 0.110352
0 0.772949 0.103027 0.122070 0.122070
0 0.681152 0.162109 0.122070 0.123047
0 0.674805 0.279785 0.109375 0.110352
0 0.676758 0.380371 0.097656 0.098633
0 0.669434 0.491211 0.122070 0.123047
0 0.677246 0.599609 0.122070 0.123047
0 0.575684 0.536133 0.122070 0.123047
0 0.581055 0.419922 0.097656 0.097656
0 0.579590 0.311523 0.122070 0.123047
0 0.575684 0.207031 0.122070 0.123047
0 0.582520 0.101562 0.122070 0.123047
0 0.489746 0.158203 0.122070 0.123047
0 0.485840 0.258789 0.122070 0.123047
0 0.485840 0.375000 0.122070 0.123047
0 0.483887 0.492188 0.122070 0.123047
0 0.474121 0.604492 0.122070 0.123047
0 0.394043 0.208984 0.110352 0.111328
0 0.394043 0.314453 0.110352 0.111328
1 0.387695 0.433105 0.109375 0.110352
0 0.386719 0.546387 0.109375 0.110352
0 0.295898 0.598145 0.109375 0.110352
0 0.295898 0.477051 0.109375 0.110352
0 0.302734 0.377441 0.109375 0.110352
0 0.298828 0.267578 0.109375 0.111328
0 0.302734 0.159180 0.109375 0.111328
0 0.197266 0.215332 0.109375 0.110352
0 0.196289 0.313965 0.109375 0.110352
0 0.193848 0.437012 0.110352 0.110352
0 0.187988 0.540527 0.110352 0.110352
0 0.102051 0.600098 0.110352 0.110352
0 0.092285 0.486816 0.110352 0.110352
0 0.102051 0.373535 0.110352 0.110352
0 0.106934 0.258301 0.110352 0.110352
0 0.104004 0.150391 0.122070 0.123047
0 0.394531 0.652832 0.109375 0.110352
0 0.197754 0.648926 0.110352 0.110352
0 0.099609 0.713379 0.109375 0.110352
0 0.303223 0.717285 0.110352 0.110352
0 0.095703 0.817871 0.109375 0.110352
0 0.097656 0.930176 0.097656 0.098633
0 0.192871 0.761230 0.110352 0.110352
0 0.192871 0.871582 0.110352 0.110352
0 0.288574 0.811035 0.110352 0.110352
0 0.281250 0.930176 0.097656 0.098633
0 0.379883 0.763672 0.109375 0.111328
0 0.381836 0.873535 0.109375 0.110352
0 0.489746 0.709961 0.122070 0.123047
0 0.487793 0.801758 0.122070 0.123047
0 0.482910 0.933594 0.122070 0.123047
0 0.577637 0.650391 0.122070 0.123047
0 0.581543 0.747070 0.122070 0.123047
0 0.577637 0.865234 0.122070 0.123047
0 0.673340 0.924805 0.110352 0.111328
0 0.667480 0.704102 0.122070 0.123047
0 0.759277 0.784180 0.122070 0.123047
0 0.762207 0.664062 0.122070 0.123047
0 0.676270 0.814941 0.110352 0.110352
0 0.763672 0.883301 0.109375 0.110352
0 0.866699 0.730957 0.122070 0.122070
0 0.866699 0.823242 0.122070 0.123047
0 0.865723 0.928711 0.122070 0.123047