0 0.472656 0.374512 0.060547 0.061523
0 0.554199 0.443359 0.084961 0.085938
0 0.479492 0.591797 0.048828 0.048828
0 0.553711 0.654297 0.048828 0.048828
0 0.479004 0.481934 0.061523 0.061523
0 0.471680 0.145508 0.048828 0.048828
0 0.295898 0.162109 0.048828 0.048828
0 0.186523 0.108398 0.048828 0.048828
0 0.293945 0.276855 0.048828 0.049805
0 0.095703 0.150391 0.048828 0.048828
0 0.102051 0.270020 0.061523 0.061523
0 0.181641 0.321289 0.048828 0.048828
0 0.376465 0.441895 0.061523 0.061523
0 0.375977 0.329590 0.048828 0.049805
0 0.653320 0.708984 0.048828 0.048828
0 0.653320 0.827637 0.060547 0.061523
0 0.654297 0.602539 0.048828 0.048828
0 0.747070 0.877441 0.048828 0.049805
0 0.652344 0.922363 0.060547 0.061523
0 0.928711 0.102539 0.097656 0.097656
0 0.568848 0.098633 0.084961 0.085938
0 0.749512 0.096191 0.110352 0.110352
0 0.940430 0.333496 0.097656 0.098633
0 0.943359 0.214355 0.109375 0.110352
0 0.751465 0.203125 0.122070 0.123047
0 0.854492 0.274902 0.097656 0.098633
0 0.855957 0.152344 0.122070 0.123047
0 0.857910 0.377930 0.110352 0.111328
0 0.751953 0.323242 0.109375 0.111328
0 0.662109 0.377930 0.109375 0.111328
0 0.658203 0.264648 0.109375 0.111328
0 0.661133 0.150391 0.109375 0.111328
0 0.570312 0.206055 0.097656 0.097656
0 0.558594 0.329102 0.097656 0.097656
0 0.651855 0.469727 0.084961 0.085938
0 0.746582 0.432129 0.110352 0.110352
0 0.845703 0.496582 0.109375 0.110352
0 0.845703 0.605957 0.109375 0.110352
0 0.848145 0.714355 0.110352 0.110352
0 0.849121 0.813965 0.110352 0.110352
0 0.849121 0.926270 0.110352 0.110352
0 0.950195 0.873535 0.097656 0.098633
0 0.946289 0.762207 0.097656 0.098633
0 0.940430 0.653809 0.109375 0.110352
0 0.934082 0.432129 0.110352 0.110352
0 0.466309 0.035645 0.024414 0.024414
0 0.460938 0.261719 0.048828 0.048828
0 0.376953 0.231445 0.037109 0.037109
0 0.378906 0.105469 0.048828 0.048828
0 0.293457 0.049316 0.024414 0.024414
0 0.116211 0.387207 0.048828 0.049805
0 0.097168 0.042480 0.024414 0.024414
0 0.564453 0.532715 0.060547 0.061523
0 0.564453 0.759766 0.037109 0.037109
0 0.176758 0.421387 0.048828 0.049805
0 0.182129 0.752441 0.024414 0.024414
0 0.179199 0.548340 0.024414 0.024414
0 0.104980 0.719727 0.036133 0.037109
0 0.743164 0.768555 0.037109 0.037109
0 0.749023 0.544922 0.048828 0.048828
0 0.750000 0.645508 0.048828 0.048828
0 0.174805 0.976562 0.037109 0.037109
0 0.100586 0.929688 0.037109 0.037109
0 0.096680 0.823242 0.037109 0.037109