0 0.101074 0.398926 0.061523 0.061523
0 0.794922 0.663574 0.060547 0.061523
0 0.500977 0.813477 0.085938 0.085938
0 0.697266 0.740723 0.060547 0.061523
0 0.695801 0.842773 0.073242 0.074219
0 0.600586 0.665039 0.048828 0.048828
0 0.889160 0.512207 0.061523 0.061523
0 0.903320 0.726074 0.048828 0.049805
0 0.887207 0.406250 0.110352 0.111328
0 0.874023 0.064941 0.097656 0.098633
0 0.885742 0.178223 0.097656 0.098633
0 0.877930 0.284180 0.097656 0.097656
0 0.790039 0.112793 0.097656 0.098633
0 0.792969 0.224609 0.097656 0.097656
0 0.790039 0.337891 0.109375 0.111328
0 0.795898 0.433594 0.085938 0.085938
0 0.713379 0.118164 0.122070 0.123047
0 0.702148 0.259766 0.109375 0.111328
0 0.698730 0.381836 0.122070 0.123047
0 0.706543 0.490234 0.122070 0.123047
0 0.597656 0.107422 0.097656 0.097656
0 0.606445 0.212891 0.097656 0.097656
0 0.600586 0.340332 0.097656 0.098633
0 0.603027 0.442871 0.110352 0.110352
0 0.511719 0.052734 0.097656 0.097656
0 0.510254 0.184082 0.110352 0.110352
0 0.506836 0.287598 0.097656 0.098633
0 0.501953 0.394043 0.097656 0.098633
0 0.506836 0.514160 0.085938 0.086914
0 0.409668 0.116699 0.110352 0.110352
0 0.406738 0.231934 0.110352 0.110352
0 0.406738 0.340332 0.122070 0.122070
0 0.406738 0.456543 0.122070 0.122070
0 0.313477 0.062988 0.109375 0.110352
0 0.309570 0.160645 0.097656 0.098633
0 0.320312 0.274902 0.097656 0.098633
0 0.317383 0.391113 0.097656 0.098633
0 0.314453 0.516113 0.097656 0.098633
0 0.214844 0.116699 0.097656 0.098633
0 0.216797 0.220215 0.097656 0.098633
0 0.221680 0.338379 0.097656 0.098633
0 0.125488 0.057129 0.084961 0.086914
0 0.500488 0.607422 0.084961 0.085938
0 0.500000 0.721191 0.097656 0.098633
0 0.394531 0.763672 0.085938 0.085938
0 0.406250 0.673828 0.085938 0.085938
0 0.413086 0.563477 0.085938 0.085938
0 0.322266 0.615723 0.097656 0.098633
0 0.126953 0.718262 0.060547 0.061523
0 0.124023 0.617676 0.048828 0.049805
0 0.904297 0.817871 0.048828 0.049805
0 0.899902 0.626465 0.061523 0.061523
0 0.786133 0.551270 0.048828 0.049805
0 0.701172 0.613770 0.060547 0.061523
0 0.699707 0.938477 0.024414 0.025391
0 0.800781 0.882812 0.048828 0.048828
0 0.794922 0.765137 0.048828 0.049805
0 0.790527 0.975098 0.024414 0.024414
0 0.594727 0.888672 0.048828 0.048828
0 0.503906 0.919922 0.048828 0.048828
0 0.385742 0.885254 0.023438 0.024414
0 0.300781 0.832031 0.048828 0.048828
0 0.300293 0.947754 0.024414 0.024414
0 0.207520 0.885254 0.036133 0.036133
0 0.133789 0.814941 0.037109 0.036133
0 0.136719 0.934082 0.048828 0.049805
0 0.043457 0.857910 0.036133 0.036133
1 0.601562 0.567383 0.048828 0.048828
0 0.603027 0.777832 0.024414 0.024414
0 0.209473 0.565430 0.036133 0.037109
0 0.129395 0.500000 0.036133 0.037109
0 0.026367 0.554688 0.037109 0.037109
0 0.041992 0.673340 0.048828 0.049805
0 0.042969 0.762207 0.037109 0.036133
0 0.303711 0.725586 0.048828 0.048828
0 0.210938 0.663086 0.048828 0.048828
0 0.211426 0.764648 0.036133 0.037109
0 0.121094 0.179688 0.037109 0.037109
0 0.025879 0.425293 0.024414 0.024414
0 0.215820 0.451172 0.037109 0.037109