1 0.861328 0.119629 0.109375 0.110352
0 0.755371 0.165039 0.110352 0.111328
0 0.757812 0.055664 0.097656 0.097656
0 0.667969 0.114258 0.097656 0.097656
0 0.571777 0.171875 0.073242 0.074219
0 0.575195 0.065430 0.085938 0.085938
0 0.480469 0.111816 0.097656 0.098633
0 0.390137 0.158691 0.110352 0.110352
0 0.286621 0.113770 0.110352 0.110352
0 0.199219 0.063965 0.097656 0.098633
0 0.205078 0.181152 0.109375 0.110352
0 0.100098 0.131836 0.122070 0.123047
0 0.182129 0.290039 0.122070 0.123047
0 0.187012 0.397949 0.122070 0.122070
0 0.092285 0.453613 0.110352 0.110352
0 0.093262 0.342285 0.110352 0.110352
0 0.105957 0.229980 0.110352 0.110352
0 0.176270 0.513184 0.122070 0.122070
0 0.097168 0.593750 0.122070 0.123047
0 0.101074 0.695312 0.122070 0.123047
0 0.195801 0.595215 0.110352 0.110352
0 0.284180 0.559082 0.109375 0.110352
0 0.291016 0.437012 0.109375 0.110352
0 0.283203 0.336426 0.109375 0.110352
0 0.288086 0.229004 0.109375 0.110352
0 0.387207 0.275391 0.122070 0.123047
0 0.383301 0.387695 0.122070 0.123047
0 0.385742 0.492676 0.109375 0.110352
0 0.392578 0.588379 0.109375 0.110352
1 0.374512 0.723145 0.122070 0.122070
0 0.472656 0.673340 0.109375 0.110352
0 0.476074 0.553223 0.110352 0.110352
0 0.473145 0.451660 0.110352 0.110352
0 0.479980 0.333984 0.110352 0.111328
0 0.477051 0.229492 0.110352 0.111328
0 0.569336 0.276367 0.109375 0.111328
0 0.571289 0.387695 0.109375 0.111328
0 0.564453 0.496094 0.097656 0.097656
0 0.571289 0.610840 0.097656 0.098633
0 0.569824 0.729004 0.110352 0.110352
0 0.663086 0.777832 0.097656 0.098633
0 0.668945 0.676758 0.097656 0.097656
0 0.657227 0.562500 0.109375 0.111328
0 0.672363 0.442383 0.122070 0.123047
0 0.671387 0.327148 0.073242 0.074219
0 0.663086 0.232910 0.097656 0.098633
0 0.756348 0.292969 0.122070 0.123047
0 0.756348 0.389160 0.110352 0.110352
0 0.752930 0.492188 0.097656 0.097656
0 0.750000 0.612305 0.109375 0.111328
0 0.753906 0.729004 0.109375 0.110352
0 0.861328 0.669922 0.109375 0.111328
0 0.848145 0.562012 0.110352 0.110352
0 0.851074 0.444824 0.110352 0.110352
0 0.855957 0.343262 0.110352 0.110352
0 0.856445 0.222168 0.109375 0.110352
0 0.949219 0.482910 0.097656 0.098633
0 0.844238 0.781250 0.110352 0.111328
0 0.949219 0.835449 0.097656 0.098633
0 0.843750 0.886719 0.109375 0.111328
0 0.754883 0.827148 0.109375 0.111328
0 0.748047 0.942871 0.109375 0.110352
0 0.656250 0.886230 0.097656 0.098633
0 0.566406 0.829590 0.097656 0.098633
0 0.560059 0.935059 0.110352 0.110352
0 0.471680 0.773926 0.097656 0.098633
0 0.470703 0.884277 0.109375 0.110352
1 0.379883 0.822754 0.097656 0.098633
0 0.382324 0.931152 0.110352 0.110352
0 0.291992 0.785645 0.097656 0.098633
0 0.280273 0.881348 0.097656 0.098633
0 0.186035 0.845703 0.122070 0.123047
0 0.184570 0.933105 0.097656 0.098633
0 0.082520 0.897461 0.122070 0.123047