0 0.129395 0.121094 0.110352 0.111328
0 0.320801 0.118652 0.122070 0.122070
0 0.525879 0.111328 0.122070 0.123047
0 0.132812 0.212402 0.109375 0.110352
0 0.131836 0.329590 0.109375 0.110352
0 0.127930 0.430664 0.109375 0.111328
0 0.125977 0.550781 0.109375 0.111328
0 0.129395 0.657227 0.122070 0.123047
0 0.229980 0.173340 0.110352 0.110352
0 0.224609 0.270996 0.097656 0.098633
0 0.222656 0.375488 0.097656 0.098633
1 0.220703 0.502930 0.109375 0.111328
0 0.228516 0.598633 0.097656 0.097656
0 0.321289 0.224121 0.097656 0.098633
0 0.316895 0.329590 0.110352 0.110352
0 0.322266 0.441895 0.097656 0.098633
0 0.316406 0.553711 0.097656 0.097656
0 0.318359 0.666016 0.109375 0.111328
0 0.424805 0.155762 0.097656 0.098633
0 0.419922 0.277832 0.097656 0.098633
0 0.416992 0.371582 0.109375 0.110352
0 0.411621 0.485352 0.122070 0.123047
0 0.407715 0.599609 0.122070 0.123047
0 0.521973 0.541992 0.122070 0.123047
0 0.522461 0.406738 0.109375 0.110352
0 0.529785 0.308105 0.122070 0.122070
0 0.523438 0.205566 0.097656 0.098633
0 0.521973 0.650391 0.122070 0.123047
0 0.411133 0.721680 0.097656 0.097656
0 0.418945 0.827148 0.097656 0.097656
0 0.407227 0.950195 0.097656 0.097656
0 0.315430 0.881836 0.085938 0.085938
0 0.320312 0.770508 0.097656 0.097656
0 0.219727 0.716797 0.097656 0.097656
0 0.221680 0.836426 0.097656 0.098633
0 0.221680 0.928223 0.097656 0.098633
0 0.125000 0.875488 0.097656 0.098633
0 0.124512 0.769043 0.110352 0.110352
0 0.711426 0.099609 0.122070 0.123047
0 0.894531 0.123535 0.097656 0.098633
0 0.805176 0.159180 0.122070 0.123047
0 0.708984 0.211914 0.109375 0.111328
0 0.609863 0.164062 0.110352 0.111328
0 0.614746 0.264160 0.110352 0.110352
0 0.619629 0.375977 0.122070 0.123047
0 0.605957 0.496582 0.110352 0.110352
0 0.614746 0.603027 0.122070 0.122070
0 0.703613 0.541504 0.110352 0.110352
0 0.704590 0.432129 0.110352 0.110352
0 0.704102 0.325195 0.109375 0.111328
0 0.789551 0.270508 0.110352 0.111328
0 0.802246 0.381836 0.122070 0.123047
0 0.791504 0.485352 0.122070 0.123047
0 0.799316 0.611328 0.122070 0.123047
0 0.890137 0.548828 0.122070 0.123047
0 0.890137 0.433594 0.122070 0.123047
0 0.896973 0.320312 0.122070 0.123047
0 0.896973 0.238281 0.122070 0.123047
0 0.519043 0.756836 0.122070 0.123047
0 0.514160 0.870605 0.122070 0.122070
0 0.602539 0.935059 0.097656 0.098633
0 0.607422 0.825684 0.097656 0.098633
0 0.607910 0.722656 0.122070 0.123047
0 0.703613 0.651367 0.096680 0.097656
0 0.694336 0.761719 0.097656 0.097656
0 0.712891 0.866699 0.097656 0.098633
0 0.793457 0.927734 0.122070 0.123047
0 0.790527 0.828125 0.110352 0.111328
0 0.795410 0.712891 0.122070 0.123047
0 0.892578 0.658691 0.109375 0.110352
0 0.900879 0.752930 0.122070 0.123047
0 0.891113 0.873047 0.122070 0.123047