0 0.159180 0.941895 0.060547 0.061523
0 0.246094 0.888672 0.048828 0.048828
0 0.912598 0.168457 0.110352 0.110352
0 0.825195 0.118652 0.097656 0.098633
0 0.831055 0.235840 0.109375 0.110352
0 0.726074 0.186523 0.122070 0.123047
0 0.634277 0.128906 0.122070 0.123047
0 0.634277 0.238281 0.122070 0.123047
0 0.524414 0.173340 0.109375 0.110352
0 0.540039 0.069824 0.109375 0.110352
0 0.434082 0.120117 0.122070 0.123047
0 0.441895 0.228516 0.122070 0.123047
0 0.340332 0.165039 0.122070 0.123047
0 0.248535 0.121094 0.122070 0.123047
0 0.238770 0.233398 0.122070 0.123047
1 0.152344 0.062012 0.109375 0.110352
0 0.151367 0.175293 0.109375 0.110352
0 0.060547 0.227051 0.109375 0.110352
0 0.060547 0.105957 0.109375 0.110352
0 0.159180 0.281738 0.109375 0.110352
0 0.067871 0.346191 0.110352 0.110352
0 0.144531 0.392578 0.109375 0.111328
0 0.146484 0.502441 0.109375 0.110352
0 0.153809 0.617188 0.122070 0.123047
0 0.164551 0.723145 0.110352 0.110352
0 0.254395 0.338867 0.122070 0.123047
0 0.252441 0.430664 0.122070 0.123047
0 0.247559 0.562500 0.122070 0.123047
0 0.247559 0.674805 0.122070 0.123047
0 0.342285 0.279297 0.122070 0.123047
0 0.346191 0.375977 0.122070 0.123047
0 0.342285 0.494141 0.122070 0.123047
0 0.332520 0.604492 0.122070 0.123047
0 0.338867 0.723145 0.109375 0.110352
0 0.430176 0.773926 0.110352 0.110352
0 0.426270 0.658203 0.110352 0.111328
0 0.437988 0.553711 0.110352 0.111328
0 0.432129 0.333008 0.122070 0.123047
0 0.523926 0.413086 0.122070 0.123047
0 0.526855 0.292969 0.122070 0.123047
0 0.440918 0.443848 0.110352 0.110352
0 0.528320 0.512207 0.109375 0.110352
0 0.528809 0.627930 0.122070 0.123047
0 0.536621 0.718750 0.110352 0.111328
0 0.631348 0.359863 0.122070 0.122070
0 0.631348 0.452148 0.122070 0.123047
0 0.630371 0.557617 0.122070 0.123047
0 0.618164 0.664551 0.109375 0.110352
0 0.626465 0.760742 0.122070 0.123047
0 0.808105 0.344727 0.122070 0.123047
0 0.812988 0.452637 0.122070 0.122070
0 0.718262 0.508301 0.110352 0.110352
0 0.719238 0.396973 0.110352 0.110352
0 0.731934 0.284668 0.110352 0.110352
0 0.802246 0.567871 0.122070 0.122070
0 0.723145 0.648438 0.122070 0.123047
0 0.727051 0.750000 0.122070 0.123047
0 0.821777 0.649902 0.110352 0.110352
0 0.910156 0.613770 0.109375 0.110352
0 0.916992 0.491699 0.109375 0.110352
0 0.909180 0.391113 0.109375 0.110352
0 0.914062 0.283691 0.109375 0.110352
0 0.917969 0.840332 0.097656 0.098633
0 0.906250 0.936035 0.097656 0.098633
0 0.812012 0.900391 0.122070 0.123047
0 0.333008 0.827148 0.048828 0.048828
0 0.329102 0.935547 0.048828 0.048828
0 0.153320 0.841797 0.048828 0.048828
0 0.253906 0.774414 0.048828 0.048828
0 0.051758 0.888184 0.037109 0.036133