0 0.237793 0.106934 0.061523 0.061523
0 0.230957 0.516602 0.073242 0.074219
0 0.065918 0.124512 0.061523 0.061523
0 0.160645 0.365723 0.061523 0.061523
0 0.227051 0.956543 0.061523 0.061523
0 0.603027 0.221191 0.061523 0.061523
0 0.324707 0.375000 0.084961 0.085938
0 0.896973 0.390625 0.073242 0.074219
0 0.895996 0.496094 0.073242 0.074219
0 0.891113 0.606445 0.122070 0.123047
0 0.887207 0.711914 0.122070 0.123047
0 0.893555 0.831543 0.109375 0.110352
0 0.799316 0.427734 0.122070 0.123047
0 0.797363 0.540527 0.110352 0.110352
0 0.791992 0.641113 0.097656 0.098633
0 0.799805 0.756348 0.109375 0.110352
0 0.786621 0.875000 0.122070 0.123047
0 0.695312 0.912598 0.097656 0.098633
0 0.698730 0.811035 0.110352 0.110352
0 0.701660 0.697754 0.110352 0.110352
0 0.695312 0.594238 0.109375 0.110352
0 0.708496 0.484375 0.122070 0.123047
0 0.708496 0.377930 0.073242 0.074219
0 0.611816 0.424805 0.073242 0.074219
0 0.609863 0.539062 0.073242 0.074219
0 0.611328 0.635254 0.097656 0.098633
0 0.602051 0.743652 0.110352 0.110352
0 0.600586 0.856934 0.109375 0.110352
0 0.513184 0.905762 0.073242 0.073242
0 0.518066 0.804199 0.110352 0.110352
0 0.520996 0.680664 0.122070 0.123047
0 0.519531 0.576660 0.109375 0.110352
0 0.520508 0.481934 0.097656 0.098633
0 0.518555 0.373535 0.097656 0.098633
0 0.422363 0.426758 0.122070 0.123047
0 0.426270 0.518066 0.122070 0.122070
0 0.421387 0.622559 0.110352 0.110352
0 0.410645 0.735352 0.110352 0.111328
0 0.412109 0.854980 0.109375 0.110352
0 0.323730 0.916016 0.073242 0.074219
0 0.326660 0.798828 0.084961 0.085938
0 0.325684 0.675781 0.084961 0.085938
0 0.324219 0.574219 0.085938 0.085938
0 0.337402 0.474121 0.110352 0.110352
0 0.235352 0.420410 0.085938 0.086914
0 0.236328 0.626953 0.085938 0.085938
0 0.231445 0.740234 0.097656 0.097656
0 0.229980 0.852539 0.084961 0.085938
0 0.135254 0.894043 0.110352 0.110352
0 0.144531 0.777832 0.097656 0.098633
0 0.152344 0.679199 0.109375 0.110352
0 0.147461 0.594238 0.109375 0.110352
0 0.152832 0.469727 0.110352 0.111328
0 0.058105 0.530762 0.110352 0.110352
0 0.912109 0.182129 0.097656 0.098633
0 0.904297 0.089355 0.109375 0.110352
0 0.815430 0.134277 0.109375 0.110352
0 0.716309 0.165527 0.110352 0.110352
0 0.718262 0.064941 0.110352 0.110352
0 0.622070 0.131348 0.097656 0.098633
0 0.526367 0.096191 0.109375 0.110352
0 0.522461 0.193359 0.085938 0.085938
0 0.437012 0.119629 0.110352 0.110352
0 0.331543 0.077148 0.084961 0.085938
0 0.333496 0.184570 0.073242 0.074219
0 0.246582 0.188477 0.073242 0.074219
0 0.153320 0.144043 0.097656 0.098633