0 0.343750 0.447754 0.060547 0.061523
0 0.067383 0.435547 0.048828 0.048828
0 0.452148 0.364746 0.060547 0.061523
0 0.166992 0.369141 0.048828 0.048828
0 0.528809 0.416504 0.061523 0.061523
0 0.174805 0.459961 0.048828 0.048828
0 0.641113 0.393066 0.061523 0.061523
0 0.255859 0.423828 0.048828 0.048828
0 0.063477 0.310547 0.048828 0.048828
0 0.733398 0.385742 0.048828 0.048828
0 0.353516 0.265137 0.060547 0.061523
0 0.258301 0.214355 0.061523 0.061523
0 0.262207 0.312012 0.061523 0.061523
0 0.544922 0.220703 0.048828 0.048828
0 0.464844 0.245117 0.048828 0.048828
0 0.649414 0.215820 0.048828 0.048828
0 0.550781 0.087891 0.048828 0.048828
0 0.645508 0.298828 0.048828 0.048828
0 0.729492 0.297852 0.048828 0.048828
0 0.249512 0.631348 0.061523 0.061523
0 0.639160 0.487793 0.061523 0.061523
0 0.062988 0.614746 0.061523 0.061523
0 0.167969 0.630859 0.060547 0.060547
0 0.454102 0.576660 0.060547 0.061523
0 0.172852 0.551270 0.060547 0.061523
0 0.343262 0.531738 0.061523 0.061523
0 0.341309 0.636230 0.061523 0.061523
0 0.066406 0.538086 0.060547 0.060547
0 0.628418 0.884766 0.073242 0.074219
0 0.451172 0.482910 0.060547 0.061523
0 0.259277 0.538574 0.061523 0.061523
0 0.345215 0.831055 0.073242 0.074219
0 0.450684 0.652832 0.061523 0.061523
0 0.537598 0.829590 0.061523 0.061523
0 0.542969 0.923340 0.060547 0.061523
0 0.538086 0.520020 0.060547 0.061523
0 0.542969 0.615723 0.060547 0.061523
0 0.724121 0.581543 0.061523 0.061523
0 0.723633 0.479004 0.060547 0.061523
0 0.640137 0.566895 0.061523 0.061523
0 0.646484 0.644043 0.048828 0.049805
0 0.730469 0.664551 0.048828 0.049805
0 0.799805 0.630859 0.048828 0.048828
0 0.809570 0.528320 0.048828 0.048828
0 0.723633 0.833984 0.048828 0.048828
0 0.719727 0.938477 0.048828 0.048828
0 0.448730 0.869141 0.084961 0.085938
0 0.346191 0.924805 0.084961 0.085938
0 0.262695 0.885742 0.097656 0.097656
0 0.167969 0.815430 0.085938 0.085938
0 0.160156 0.917969 0.097656 0.097656
0 0.050293 0.870117 0.084961 0.085938
0 0.651367 0.119141 0.037109 0.037109
0 0.541992 0.322266 0.048828 0.048828
0 0.467773 0.129883 0.037109 0.037109
0 0.067383 0.105957 0.048828 0.049805
0 0.067383 0.205078 0.048828 0.048828
0 0.462891 0.037598 0.048828 0.049805