0 0.772461 0.664062 0.048828 0.048828
0 0.851562 0.729492 0.048828 0.048828
0 0.854492 0.604980 0.060547 0.061523
0 0.779297 0.453125 0.048828 0.048828
0 0.782227 0.251953 0.048828 0.048828
0 0.778320 0.359375 0.048828 0.048828
0 0.774414 0.568848 0.060547 0.061523
0 0.777832 0.136230 0.061523 0.061523
0 0.963867 0.235352 0.048828 0.048828
0 0.852539 0.300781 0.037109 0.037109
0 0.962891 0.141602 0.048828 0.048828
0 0.853027 0.186523 0.073242 0.074219
0 0.851562 0.517090 0.060547 0.061523
0 0.843750 0.414062 0.048828 0.048828
0 0.853027 0.084961 0.073242 0.074219
0 0.660156 0.697754 0.048828 0.049805
0 0.664062 0.601074 0.048828 0.049805
0 0.564453 0.539551 0.048828 0.049805
0 0.575195 0.232910 0.048828 0.049805
0 0.570801 0.638184 0.061523 0.061523
0 0.665527 0.181152 0.061523 0.061523
0 0.463867 0.275879 0.060547 0.061523
0 0.569336 0.431641 0.048828 0.048828
0 0.460938 0.524902 0.048828 0.049805
0 0.471680 0.605957 0.048828 0.049805
0 0.471680 0.701660 0.048828 0.049805
0 0.365234 0.740234 0.048828 0.048828
0 0.569336 0.739746 0.048828 0.049805
0 0.663086 0.414551 0.060547 0.061523
0 0.572266 0.331543 0.048828 0.049805
0 0.467773 0.195801 0.060547 0.061523
0 0.572266 0.134766 0.037109 0.037109
0 0.661133 0.296387 0.048828 0.049805
0 0.467773 0.073730 0.048828 0.049805
0 0.674316 0.079102 0.036133 0.037109
0 0.032227 0.918945 0.048828 0.048828
0 0.041992 0.816406 0.048828 0.048828
0 0.959961 0.667969 0.048828 0.048828
0 0.955078 0.766113 0.060547 0.061523
0 0.967773 0.456055 0.048828 0.048828
0 0.766113 0.769043 0.024414 0.024414
0 0.663574 0.512695 0.036133 0.037109
0 0.473633 0.799805 0.048828 0.048828
0 0.368164 0.638672 0.048828 0.048828
0 0.279297 0.693359 0.048828 0.048828
0 0.964844 0.030273 0.048828 0.048828
0 0.787598 0.038086 0.024414 0.025391
0 0.964355 0.321777 0.024414 0.024414
0 0.971191 0.551270 0.024414 0.024414
0 0.076172 0.116211 0.048828 0.048828
0 0.069336 0.212891 0.037109 0.037109
0 0.070312 0.301758 0.037109 0.037109
0 0.163086 0.050781 0.048828 0.048828
0 0.165039 0.164551 0.060547 0.061523
0 0.155273 0.285156 0.037109 0.037109
0 0.229980 0.182129 0.061523 0.061523
0 0.221680 0.281250 0.048828 0.048828
0 0.368652 0.116699 0.024414 0.024414
0 0.368652 0.223633 0.036133 0.037109
0 0.673340 0.802246 0.024414 0.024414