0 0.104980 0.255859 0.073242 0.074219
0 0.391602 0.735840 0.048828 0.049805
0 0.486328 0.813965 0.048828 0.049805
0 0.383789 0.967285 0.048828 0.049805
0 0.278320 0.804199 0.037109 0.036133
0 0.188477 0.891602 0.048828 0.048828
0 0.484863 0.908691 0.036133 0.036133
0 0.774414 0.093750 0.097656 0.097656
0 0.782227 0.199219 0.097656 0.097656
0 0.770508 0.322266 0.097656 0.097656
0 0.774414 0.410645 0.097656 0.098633
0 0.671875 0.478027 0.097656 0.098633
0 0.685547 0.359375 0.085938 0.085938
0 0.678711 0.253906 0.085938 0.085938
0 0.683594 0.142578 0.097656 0.097656
0 0.583008 0.088867 0.097656 0.097656
0 0.584961 0.208496 0.097656 0.098633
0 0.584961 0.300293 0.097656 0.098633
0 0.578125 0.416504 0.097656 0.098633
0 0.585449 0.522949 0.084961 0.086914
0 0.489746 0.365723 0.110352 0.110352
0 0.488281 0.247559 0.097656 0.098633
0 0.487793 0.141113 0.110352 0.110352
0 0.394531 0.087402 0.097656 0.098633
0 0.387695 0.182129 0.097656 0.098633
0 0.390625 0.311035 0.109375 0.110352
0 0.386719 0.416504 0.109375 0.110352
0 0.291016 0.360840 0.097656 0.098633
0 0.297852 0.251465 0.097656 0.098633
0 0.306641 0.119629 0.097656 0.098633
0 0.200195 0.073730 0.097656 0.098633
0 0.200195 0.202637 0.097656 0.098633
0 0.204102 0.296387 0.097656 0.098633
0 0.196289 0.413086 0.097656 0.097656
0 0.090332 0.462891 0.084961 0.085938
0 0.096191 0.364258 0.084961 0.085938
0 0.104492 0.129395 0.097656 0.098633
0 0.290039 0.471680 0.048828 0.048828
0 0.188477 0.535156 0.048828 0.048828
0 0.882324 0.128906 0.122070 0.123047
0 0.877441 0.242676 0.122070 0.122070
0 0.880371 0.345215 0.110352 0.110352
0 0.873047 0.476074 0.097656 0.098633
0 0.770508 0.525391 0.085938 0.085938
0 0.871582 0.588379 0.110352 0.110352
0 0.855469 0.687988 0.048828 0.049805
0 0.774414 0.645996 0.097656 0.098633
0 0.090332 0.935547 0.036133 0.037109
0 0.396484 0.842285 0.048828 0.049805
0 0.587402 0.979980 0.036133 0.036133
0 0.654297 0.815430 0.037109 0.037109
0 0.802734 0.772461 0.037109 0.037109
0 0.853027 0.898438 0.036133 0.037109
0 0.960938 0.753906 0.037109 0.037109
0 0.771484 0.958008 0.037109 0.037109
0 0.557129 0.860352 0.036133 0.037109
0 0.679688 0.586914 0.097656 0.097656