0 0.280273 0.615234 0.048828 0.048828
0 0.274902 0.720215 0.061523 0.061523
0 0.279785 0.518066 0.061523 0.061523
0 0.278320 0.404785 0.060547 0.061523
0 0.277832 0.834473 0.061523 0.061523
0 0.275391 0.935059 0.060547 0.061523
0 0.949219 0.693848 0.060547 0.061523
0 0.956055 0.911133 0.048828 0.048828
0 0.955566 0.801270 0.061523 0.061523
0 0.948242 0.464844 0.048828 0.048828
0 0.772461 0.481445 0.048828 0.048828
0 0.663086 0.427734 0.048828 0.048828
0 0.370117 0.351562 0.048828 0.048828
0 0.358887 0.675293 0.047852 0.049805
0 0.770508 0.596191 0.048828 0.049805
0 0.458496 0.728516 0.073242 0.074219
0 0.572266 0.469727 0.048828 0.048828
0 0.578613 0.589355 0.061523 0.061523
0 0.658203 0.640625 0.048828 0.048828
0 0.366211 0.463379 0.060547 0.061523
0 0.853027 0.761230 0.061523 0.061523
0 0.463867 0.616699 0.060547 0.061523
0 0.355957 0.903809 0.073242 0.073242
0 0.464355 0.948730 0.061523 0.061523
0 0.852539 0.648926 0.048828 0.049805
0 0.466309 0.528320 0.061523 0.060547
0 0.471680 0.409668 0.060547 0.061523
0 0.194824 0.560059 0.061523 0.061523
0 0.103516 0.424805 0.037109 0.037109
0 0.193359 0.460449 0.048828 0.049805
0 0.190918 0.687012 0.061523 0.061523
0 0.187500 0.779297 0.048828 0.048828
0 0.195801 0.364746 0.061523 0.061523
0 0.276855 0.308594 0.073242 0.074219
0 0.094238 0.070801 0.061523 0.061523
0 0.279297 0.113770 0.060547 0.061523
0 0.280273 0.207031 0.048828 0.048828
0 0.943359 0.252441 0.048828 0.049805
0 0.372070 0.149414 0.048828 0.048828
0 0.469238 0.197754 0.061523 0.061523
0 0.772461 0.037598 0.060547 0.061523
0 0.370605 0.251465 0.061523 0.061523
0 0.380371 0.046387 0.061523 0.061523
0 0.568359 0.143066 0.048828 0.049805
0 0.770508 0.265137 0.048828 0.049805
0 0.665527 0.094238 0.073242 0.073242
0 0.853027 0.202637 0.061523 0.061523
0 0.468750 0.090332 0.060547 0.061523
0 0.665039 0.310547 0.048828 0.048828
0 0.943359 0.127930 0.048828 0.048828
0 0.942383 0.031250 0.048828 0.048828
0 0.861328 0.091309 0.048828 0.049805
0 0.780762 0.131348 0.024414 0.024414
0 0.666992 0.203125 0.037109 0.037109
0 0.856445 0.313477 0.048828 0.048828
0 0.942871 0.354980 0.024414 0.024414
0 0.937500 0.581055 0.048828 0.048828
0 0.853516 0.550781 0.037109 0.037109
0 0.855469 0.424805 0.048828 0.048828
0 0.770020 0.368652 0.024414 0.024414
0 0.592773 0.706543 0.048828 0.049805
0 0.573730 0.361816 0.024414 0.024414
0 0.573730 0.248535 0.024414 0.024414
0 0.471191 0.301270 0.024414 0.024414
0 0.362793 0.580078 0.036133 0.037109
0 0.358887 0.782227 0.084961 0.085938
0 0.653320 0.740723 0.048828 0.049805
0 0.655762 0.867676 0.024414 0.024414
0 0.461426 0.815918 0.024414 0.024414
0 0.302246 0.044434 0.024414 0.024414
0 0.194336 0.025391 0.037109 0.037109
0 0.094238 0.191895 0.036133 0.036133
0 0.201172 0.148438 0.037109 0.037109
0 0.200195 0.259277 0.048828 0.049805
0 0.098145 0.299316 0.036133 0.036133
0 0.096680 0.523438 0.037109 0.037109
0 0.094727 0.639648 0.037109 0.037109
0 0.096680 0.744141 0.037109 0.037109
0 0.092773 0.841797 0.037109 0.037109