0 0.170898 0.949219 0.048828 0.048828
0 0.769531 0.138672 0.085938 0.085938
0 0.965820 0.065918 0.060547 0.061523
0 0.640625 0.520020 0.048828 0.049805
0 0.962891 0.806152 0.048828 0.049805
0 0.851562 0.849121 0.060547 0.061523
0 0.959961 0.904785 0.048828 0.049805
0 0.855469 0.769043 0.060547 0.061523
0 0.959961 0.708008 0.037109 0.037109
0 0.855469 0.646973 0.048828 0.049805
0 0.271484 0.980469 0.037109 0.037109
0 0.663086 0.088867 0.085938 0.085938
0 0.395508 0.043457 0.060547 0.061523
0 0.968262 0.263672 0.024414 0.025391
0 0.465820 0.583008 0.048828 0.048828
0 0.463867 0.689453 0.048828 0.048828
0 0.457031 0.786133 0.037109 0.037109
0 0.458008 0.875000 0.037109 0.037109
0 0.550781 0.624023 0.048828 0.048828
0 0.552734 0.737793 0.060547 0.061523
0 0.542969 0.858398 0.037109 0.037109
0 0.617676 0.755371 0.061523 0.061523
0 0.609375 0.854492 0.048828 0.048828
0 0.756348 0.689941 0.024414 0.024414
0 0.756348 0.796875 0.036133 0.037109
0 0.086914 0.625000 0.048828 0.048828
0 0.084961 0.712891 0.048828 0.048828
0 0.089355 0.816895 0.036133 0.036133
0 0.083008 0.898926 0.048828 0.049805
0 0.177734 0.835938 0.037109 0.037109
0 0.239746 0.798828 0.036133 0.037109
0 0.187500 0.725586 0.037109 0.037109
0 0.193359 0.603516 0.037109 0.037109
0 0.863281 0.213867 0.048828 0.048828
0 0.866211 0.325195 0.048828 0.048828
0 0.760742 0.577637 0.037109 0.036133
0 0.765625 0.460938 0.048828 0.048828
0 0.765625 0.356445 0.048828 0.048828
0 0.772461 0.245117 0.048828 0.048828
0 0.654297 0.210449 0.023438 0.024414
0 0.648438 0.313477 0.048828 0.048828
0 0.637695 0.426270 0.037109 0.036133
0 0.569336 0.157227 0.048828 0.048828
0 0.568848 0.272949 0.024414 0.024414
0 0.562012 0.399902 0.024414 0.024414
0 0.555664 0.514160 0.048828 0.049805
0 0.476074 0.210449 0.036133 0.036133
0 0.476074 0.340332 0.024414 0.024414
0 0.470215 0.449707 0.024414 0.024414
0 0.402344 0.140137 0.037109 0.036133
0 0.405273 0.259277 0.048828 0.049805
0 0.399414 0.390625 0.037109 0.037109
0 0.401367 0.493164 0.048828 0.048828
0 0.398926 0.623047 0.036133 0.037109
0 0.312012 0.183105 0.036133 0.036133
0 0.871582 0.103027 0.024414 0.024414
0 0.075684 0.104492 0.036133 0.037109
0 0.191895 0.056152 0.036133 0.036133
0 0.311523 0.087402 0.037109 0.036133
0 0.572266 0.050781 0.048828 0.048828
0 0.479980 0.089844 0.036133 0.037109
0 0.403320 0.738281 0.048828 0.048828
0 0.967285 0.484863 0.024414 0.024414
0 0.851074 0.572266 0.036133 0.037109