0 0.572754 0.199707 0.073242 0.073242
0 0.667480 0.262207 0.073242 0.073242
0 0.576172 0.083984 0.060547 0.060547
0 0.752441 0.190918 0.073242 0.073242
0 0.847656 0.286133 0.085938 0.085938
0 0.758301 0.320801 0.073242 0.073242
0 0.849121 0.158203 0.073242 0.074219
0 0.851074 0.380859 0.084961 0.085938
0 0.754395 0.622070 0.073242 0.074219
0 0.751465 0.754395 0.073242 0.073242
0 0.849121 0.793457 0.073242 0.073242
0 0.749512 0.513672 0.073242 0.074219
0 0.857910 0.676270 0.073242 0.073242
0 0.755371 0.427734 0.073242 0.074219
0 0.948730 0.317383 0.073242 0.074219
0 0.947266 0.222168 0.060547 0.061523
0 0.852051 0.907227 0.073242 0.074219
0 0.941406 0.855957 0.060547 0.061523
0 0.647461 0.912109 0.097656 0.097656
0 0.459961 0.915527 0.109375 0.110352
0 0.277832 0.901367 0.122070 0.123047
0 0.088379 0.906250 0.122070 0.123047
0 0.839844 0.482422 0.097656 0.097656
0 0.842285 0.564453 0.084961 0.085938
0 0.937500 0.733398 0.085938 0.085938
0 0.945312 0.647949 0.097656 0.098633
0 0.944336 0.434082 0.109375 0.110352
1 0.665527 0.143066 0.061523 0.061523
0 0.662598 0.384766 0.084961 0.085938
0 0.664062 0.474609 0.085938 0.085938
0 0.654785 0.574219 0.084961 0.085938
0 0.661133 0.686523 0.085938 0.085938
0 0.577637 0.305176 0.084961 0.086914
0 0.572266 0.432617 0.085938 0.085938
0 0.569336 0.519531 0.085938 0.085938
0 0.562988 0.627930 0.084961 0.085938
0 0.566406 0.742188 0.085938 0.085938
0 0.747559 0.862305 0.084961 0.085938
0 0.654785 0.804688 0.122070 0.123047
0 0.561035 0.851562 0.122070 0.123047
0 0.470703 0.142578 0.097656 0.097656
0 0.476562 0.263184 0.097656 0.098633
0 0.474121 0.367676 0.110352 0.110352
0 0.467773 0.470215 0.097656 0.098633
0 0.465820 0.582031 0.109375 0.111328
0 0.459473 0.693848 0.110352 0.110352
0 0.463379 0.811035 0.110352 0.110352
0 0.370117 0.852539 0.085938 0.085938
0 0.366211 0.742188 0.097656 0.097656
0 0.374023 0.639648 0.085938 0.085938
0 0.370605 0.518555 0.084961 0.085938
0 0.375488 0.406250 0.084961 0.085938
0 0.383789 0.302734 0.085938 0.085938
0 0.374512 0.178711 0.084961 0.085938
0 0.291992 0.123047 0.085938 0.085938
0 0.285645 0.255371 0.122070 0.122070
0 0.289551 0.358398 0.122070 0.123047
0 0.281738 0.467773 0.122070 0.123047
0 0.280762 0.579102 0.122070 0.123047
0 0.275879 0.697754 0.110352 0.110352
0 0.270508 0.796387 0.109375 0.110352
0 0.175293 0.851074 0.122070 0.122070
0 0.175293 0.735352 0.122070 0.123047
0 0.175293 0.622070 0.122070 0.123047
0 0.176270 0.519531 0.122070 0.123047
0 0.191895 0.410156 0.122070 0.123047
0 0.192383 0.300781 0.097656 0.097656
0 0.192871 0.143555 0.122070 0.123047
0 0.089355 0.147461 0.122070 0.123047
0 0.086426 0.254883 0.122070 0.123047
0 0.087891 0.356934 0.097656 0.098633
0 0.088379 0.475098 0.122070 0.122070
1 0.079590 0.583008 0.122070 0.123047
0 0.087402 0.671387 0.110352 0.110352
0 0.084473 0.802734 0.122070 0.123047
0 0.851562 0.035156 0.048828 0.048828
0 0.760254 0.076172 0.073242 0.074219
0 0.386230 0.074707 0.084961 0.086914
0 0.183594 0.064453 0.085938 0.085938