0 0.050293 0.954102 0.073242 0.074219
0 0.625977 0.059082 0.109375 0.110352
0 0.533691 0.125977 0.110352 0.111328
0 0.441895 0.081055 0.110352 0.111328
0 0.437988 0.191406 0.110352 0.111328
0 0.340820 0.118164 0.109375 0.111328
0 0.250977 0.064941 0.109375 0.110352
0 0.246094 0.184570 0.109375 0.111328
0 0.151855 0.120117 0.110352 0.111328
0 0.059082 0.063477 0.110352 0.111328
0 0.061523 0.185547 0.109375 0.111328
0 0.737793 0.113281 0.122070 0.123047
0 0.629395 0.188965 0.122070 0.122070
0 0.834473 0.181641 0.122070 0.123047
0 0.062500 0.282715 0.109375 0.110352
0 0.150879 0.221680 0.110352 0.111328
0 0.151855 0.354492 0.122070 0.123047
0 0.153320 0.457520 0.109375 0.110352
0 0.153320 0.556152 0.109375 0.110352
0 0.153320 0.672363 0.097656 0.098633
0 0.250488 0.287109 0.110352 0.111328
0 0.250977 0.398438 0.097656 0.097656
0 0.243164 0.502441 0.097656 0.098633
0 0.241211 0.622559 0.097656 0.098633
0 0.341797 0.229004 0.109375 0.110352
0 0.342773 0.341797 0.109375 0.111328
0 0.341309 0.448242 0.110352 0.111328
0 0.332520 0.566895 0.110352 0.110352
0 0.335449 0.677246 0.110352 0.110352
0 0.441406 0.282715 0.109375 0.110352
0 0.440430 0.399902 0.109375 0.110352
0 0.436523 0.500977 0.109375 0.111328
0 0.434570 0.621094 0.109375 0.111328
0 0.437988 0.727539 0.122070 0.123047
0 0.538574 0.243652 0.110352 0.110352
0 0.533203 0.341309 0.097656 0.098633
0 0.531250 0.445801 0.097656 0.098633
1 0.529297 0.573242 0.109375 0.111328
0 0.537109 0.668945 0.097656 0.097656
0 0.629883 0.294434 0.097656 0.098633
0 0.625488 0.399902 0.110352 0.110352
0 0.630859 0.512207 0.097656 0.098633
0 0.625000 0.624023 0.097656 0.097656
0 0.626953 0.736328 0.109375 0.111328
0 0.733398 0.226074 0.097656 0.098633
0 0.728516 0.348145 0.097656 0.098633
0 0.725586 0.441895 0.109375 0.110352
0 0.720215 0.555664 0.122070 0.123047
0 0.716309 0.669922 0.122070 0.123047
0 0.830566 0.612305 0.122070 0.123047
0 0.831055 0.477051 0.109375 0.110352
0 0.838379 0.378418 0.122070 0.122070
0 0.832031 0.275879 0.097656 0.098633
0 0.830566 0.720703 0.122070 0.123047
0 0.719727 0.791992 0.097656 0.097656
0 0.727539 0.897461 0.097656 0.097656
0 0.624023 0.952148 0.085938 0.085938
0 0.628906 0.840820 0.097656 0.097656
0 0.528320 0.787109 0.097656 0.097656
0 0.530273 0.906738 0.097656 0.098633
0 0.433594 0.945801 0.097656 0.098633
0 0.433105 0.839355 0.110352 0.110352
0 0.339844 0.785645 0.097656 0.098633
0 0.333008 0.880371 0.097656 0.098633
0 0.243164 0.949707 0.097656 0.098633
0 0.251953 0.817871 0.097656 0.098633
0 0.239258 0.731934 0.097656 0.098633
0 0.145508 0.771973 0.097656 0.098633
0 0.145508 0.900879 0.097656 0.098633
0 0.049805 0.827637 0.097656 0.098633
0 0.925293 0.111328 0.122070 0.123047
0 0.918457 0.234375 0.110352 0.111328
0 0.923340 0.334473 0.110352 0.110352
0 0.928223 0.446289 0.122070 0.123047
0 0.914551 0.566895 0.110352 0.110352
0 0.923340 0.673340 0.122070 0.122070
0 0.827637 0.827148 0.122070 0.123047
0 0.916016 0.895996 0.097656 0.098633
0 0.916504 0.792969 0.122070 0.123047