0 0.836426 0.493164 0.073242 0.074219
0 0.766602 0.972656 0.048828 0.048828
0 0.769531 0.771484 0.048828 0.048828
0 0.765625 0.878906 0.048828 0.048828
0 0.765137 0.655762 0.061523 0.061523
0 0.951172 0.754883 0.048828 0.048828
0 0.839844 0.820312 0.037109 0.037109
0 0.950195 0.661133 0.048828 0.048828
0 0.840332 0.706055 0.073242 0.074219
0 0.831055 0.933594 0.048828 0.048828
0 0.840332 0.604492 0.073242 0.074219
0 0.369141 0.084961 0.085938 0.085938
0 0.563965 0.114258 0.073242 0.074219
0 0.240234 0.466309 0.048828 0.049805
0 0.562500 0.752441 0.048828 0.049805
0 0.652832 0.700684 0.061523 0.061523
0 0.451172 0.795410 0.060547 0.061523
0 0.556641 0.951172 0.048828 0.048828
0 0.650391 0.934082 0.060547 0.061523
0 0.559570 0.851074 0.048828 0.049805
0 0.455078 0.715332 0.060547 0.061523
0 0.559570 0.654297 0.037109 0.037109
0 0.648438 0.815918 0.048828 0.049805
0 0.455078 0.593262 0.048828 0.049805
0 0.661621 0.598633 0.036133 0.037109
0 0.961426 0.382324 0.061523 0.061523
0 0.845703 0.388672 0.048828 0.048828
0 0.949219 0.188965 0.048828 0.049805
0 0.851074 0.059082 0.061523 0.061523
0 0.947266 0.073730 0.048828 0.049805
0 0.772461 0.089355 0.048828 0.049805
0 0.567871 0.209961 0.024414 0.025391
0 0.668945 0.154297 0.048828 0.048828
0 0.663086 0.036621 0.048828 0.049805
0 0.846680 0.160645 0.048828 0.049805
0 0.952148 0.549805 0.048828 0.048828
0 0.957031 0.457031 0.048828 0.048828
0 0.954102 0.289551 0.048828 0.049805
0 0.841797 0.274414 0.048828 0.048828
0 0.768066 0.317871 0.024414 0.024414
0 0.772949 0.442871 0.024414 0.024414
0 0.774902 0.557617 0.024414 0.025391
0 0.658691 0.484863 0.024414 0.024414
0 0.658691 0.246582 0.024414 0.024414
0 0.951660 0.841309 0.024414 0.024414
0 0.065430 0.529297 0.048828 0.048828
0 0.063477 0.635742 0.048828 0.048828
0 0.056641 0.732422 0.037109 0.037109
0 0.057617 0.821289 0.037109 0.037109
0 0.150391 0.570312 0.048828 0.048828
0 0.152344 0.684082 0.060547 0.061523
0 0.142578 0.804688 0.037109 0.037109
0 0.217285 0.701660 0.061523 0.061523
0 0.208984 0.800781 0.048828 0.048828
0 0.355957 0.636230 0.024414 0.024414
0 0.355957 0.743164 0.036133 0.037109
0 0.462891 0.160156 0.048828 0.048828
0 0.465820 0.271484 0.048828 0.048828
0 0.360352 0.523926 0.037109 0.036133
0 0.365234 0.407227 0.048828 0.048828
0 0.365234 0.302734 0.048828 0.048828
0 0.372070 0.191406 0.048828 0.048828
0 0.253906 0.156738 0.023438 0.024414
0 0.248047 0.259766 0.048828 0.048828
0 0.237305 0.372559 0.037109 0.036133
0 0.168945 0.103516 0.048828 0.048828
0 0.168457 0.219238 0.024414 0.024414
0 0.161621 0.346191 0.024414 0.024414
0 0.155273 0.460449 0.048828 0.049805
0 0.075684 0.156738 0.036133 0.036133
0 0.075684 0.286621 0.024414 0.024414
0 0.069824 0.395996 0.024414 0.024414
0 0.471191 0.049316 0.024414 0.024414
0 0.079590 0.036133 0.036133 0.037109
0 0.566895 0.431152 0.024414 0.024414
0 0.450684 0.518555 0.036133 0.037109