0 0.352051 0.389648 0.073242 0.074219
0 0.348145 0.598145 0.061523 0.061523
0 0.073242 0.685059 0.048828 0.049805
0 0.172852 0.497070 0.048828 0.048828
0 0.176270 0.615723 0.061523 0.061523
0 0.270996 0.856934 0.061523 0.061523
0 0.073730 0.571777 0.061523 0.061523
0 0.713379 0.712402 0.061523 0.061523
0 0.435059 0.866211 0.084961 0.085938
0 0.909668 0.918945 0.122070 0.123047
0 0.818848 0.869141 0.073242 0.074219
0 0.722168 0.916016 0.073242 0.074219
0 0.628906 0.864746 0.097656 0.098633
0 0.532715 0.917969 0.122070 0.123047
0 0.345703 0.911621 0.085938 0.086914
0 0.171387 0.913086 0.122070 0.123047
0 0.926758 0.175781 0.097656 0.097656
0 0.923340 0.304688 0.122070 0.123047
0 0.923828 0.400879 0.109375 0.110352
0 0.922852 0.513184 0.109375 0.110352
0 0.925781 0.625488 0.109375 0.110352
0 0.826660 0.656738 0.110352 0.110352
0 0.828613 0.556152 0.110352 0.110352
0 0.832520 0.446777 0.110352 0.110352
0 0.833008 0.333496 0.109375 0.110352
0 0.829102 0.223145 0.109375 0.110352
0 0.832031 0.118164 0.097656 0.097656
0 0.733887 0.174316 0.110352 0.110352
0 0.740234 0.284668 0.097656 0.098633
0 0.731445 0.405762 0.097656 0.098633
0 0.732910 0.511230 0.110352 0.110352
0 0.732422 0.622559 0.097656 0.098633
0 0.645020 0.125488 0.110352 0.110352
0 0.635254 0.228027 0.110352 0.110352
0 0.632324 0.343262 0.110352 0.110352
0 0.640625 0.444824 0.109375 0.110352
0 0.636719 0.587402 0.109375 0.110352
0 0.632812 0.684570 0.085938 0.085938
0 0.545898 0.178223 0.109375 0.110352
0 0.543945 0.284668 0.109375 0.110352
0 0.541992 0.400879 0.109375 0.110352
0 0.538086 0.513184 0.109375 0.110352
0 0.547363 0.610840 0.110352 0.110352
0 0.450195 0.232910 0.097656 0.098633
0 0.442383 0.339355 0.109375 0.110352
0 0.439941 0.446777 0.110352 0.110352
0 0.441895 0.568359 0.084961 0.085938
0 0.443848 0.675781 0.073242 0.074219
0 0.354980 0.174805 0.084961 0.085938
0 0.345215 0.290527 0.110352 0.110352
0 0.354004 0.501953 0.073242 0.074219
0 0.356934 0.679688 0.073242 0.074219
0 0.265137 0.122559 0.110352 0.110352
0 0.251465 0.221191 0.110352 0.110352
0 0.252441 0.324219 0.073242 0.074219
0 0.252930 0.424805 0.085938 0.085938
0 0.260742 0.516602 0.085938 0.085938
0 0.263672 0.635254 0.097656 0.098633
0 0.174805 0.404297 0.037109 0.037109
0 0.081543 0.464844 0.036133 0.037109
0 0.177734 0.180176 0.109375 0.110352
0 0.166992 0.280273 0.109375 0.111328
0 0.089355 0.135742 0.122070 0.123047
0 0.078613 0.235352 0.110352 0.111328
0 0.076660 0.341309 0.110352 0.110352
0 0.918945 0.068359 0.109375 0.111328
0 0.545410 0.063965 0.122070 0.122070
0 0.446289 0.117676 0.109375 0.110352
0 0.359863 0.075684 0.110352 0.110352
0 0.172852 0.072754 0.109375 0.110352