0 0.564941 0.125488 0.073242 0.073242
0 0.659668 0.187988 0.073242 0.073242
0 0.744629 0.116699 0.073242 0.073242
0 0.839844 0.211914 0.085938 0.085938
0 0.750488 0.246582 0.073242 0.073242
0 0.841309 0.083984 0.073242 0.074219
0 0.843262 0.306641 0.084961 0.085938
0 0.746582 0.547852 0.073242 0.074219
0 0.743652 0.680176 0.073242 0.073242
0 0.841309 0.719238 0.073242 0.073242
0 0.741699 0.439453 0.073242 0.074219
0 0.850098 0.602051 0.073242 0.073242
0 0.747559 0.353516 0.073242 0.074219
0 0.940918 0.243164 0.073242 0.074219
0 0.939453 0.147949 0.060547 0.061523
0 0.844238 0.833008 0.073242 0.074219
0 0.933594 0.781738 0.060547 0.061523
0 0.930176 0.889160 0.073242 0.073242
0 0.740234 0.892578 0.085938 0.085938
0 0.639648 0.837891 0.097656 0.097656
0 0.550781 0.884766 0.097656 0.097656
0 0.452148 0.841309 0.109375 0.110352
0 0.365234 0.889648 0.097656 0.097656
0 0.270020 0.827148 0.122070 0.123047
0 0.166504 0.885742 0.122070 0.123047
0 0.080566 0.832031 0.122070 0.123047
0 0.832031 0.408203 0.097656 0.097656
0 0.834473 0.490234 0.084961 0.085938
0 0.929688 0.659180 0.085938 0.085938
0 0.937500 0.573730 0.097656 0.098633
0 0.936035 0.463867 0.122070 0.123047
0 0.936523 0.359863 0.109375 0.110352
1 0.657715 0.068848 0.061523 0.061523
0 0.654785 0.310547 0.084961 0.085938
0 0.656250 0.400391 0.085938 0.085938
0 0.646973 0.500000 0.084961 0.085938
0 0.653320 0.612305 0.085938 0.085938
0 0.569824 0.230957 0.084961 0.086914
0 0.564453 0.358398 0.085938 0.085938
0 0.561523 0.445312 0.085938 0.085938
0 0.555176 0.553711 0.084961 0.085938
0 0.558594 0.667969 0.085938 0.085938
0 0.739746 0.788086 0.084961 0.085938
0 0.646973 0.730469 0.122070 0.123047
0 0.553223 0.777344 0.122070 0.123047
0 0.462891 0.068359 0.097656 0.097656
0 0.468750 0.188965 0.097656 0.098633
0 0.466309 0.293457 0.110352 0.110352
0 0.459961 0.395996 0.097656 0.098633
0 0.458008 0.507812 0.109375 0.111328
0 0.451660 0.619629 0.110352 0.110352
0 0.455566 0.736816 0.110352 0.110352
0 0.362305 0.778320 0.085938 0.085938
0 0.358398 0.667969 0.097656 0.097656
0 0.366211 0.565430 0.085938 0.085938
0 0.362793 0.444336 0.084961 0.085938
0 0.367676 0.332031 0.084961 0.085938
0 0.375977 0.228516 0.085938 0.085938
0 0.366699 0.104492 0.084961 0.085938
0 0.284180 0.048828 0.085938 0.085938
0 0.277832 0.181152 0.122070 0.122070
0 0.281738 0.284180 0.122070 0.123047
0 0.273926 0.393555 0.122070 0.123047
0 0.272949 0.504883 0.122070 0.123047
0 0.268066 0.623535 0.110352 0.110352
0 0.262695 0.722168 0.109375 0.110352
0 0.167480 0.776855 0.122070 0.122070
0 0.167480 0.661133 0.122070 0.123047
0 0.167480 0.547852 0.122070 0.123047
0 0.168457 0.445312 0.122070 0.123047
0 0.184082 0.335938 0.122070 0.123047
0 0.184570 0.226562 0.097656 0.097656
0 0.185059 0.069336 0.122070 0.123047
0 0.081543 0.073242 0.122070 0.123047
0 0.078613 0.180664 0.122070 0.123047
0 0.080078 0.282715 0.097656 0.098633
0 0.080566 0.400879 0.122070 0.122070
1 0.071777 0.508789 0.122070 0.123047
0 0.079590 0.597168 0.110352 0.110352
0 0.076660 0.728516 0.122070 0.123047