0 0.287598 0.444336 0.073242 0.074219
0 0.283691 0.652832 0.061523 0.061523
0 0.108398 0.551758 0.048828 0.048828
0 0.111816 0.670410 0.061523 0.061523
0 0.206543 0.911621 0.061523 0.061523
0 0.648926 0.767090 0.061523 0.061523
0 0.370605 0.920898 0.084961 0.085938
0 0.942871 0.936523 0.073242 0.074219
0 0.754395 0.923828 0.073242 0.074219
0 0.564453 0.919434 0.097656 0.098633
0 0.954590 0.169922 0.073242 0.074219
0 0.862305 0.230469 0.097656 0.097656
0 0.858887 0.359375 0.122070 0.123047
0 0.859375 0.455566 0.109375 0.110352
0 0.858398 0.567871 0.109375 0.110352
0 0.861328 0.680176 0.109375 0.110352
0 0.762207 0.711426 0.110352 0.110352
0 0.764160 0.610840 0.110352 0.110352
0 0.768066 0.501465 0.110352 0.110352
0 0.768555 0.388184 0.109375 0.110352
0 0.764648 0.277832 0.109375 0.110352
0 0.767578 0.172852 0.097656 0.097656
0 0.669434 0.229004 0.110352 0.110352
0 0.675781 0.339355 0.097656 0.098633
0 0.666992 0.460449 0.097656 0.098633
0 0.668457 0.565918 0.110352 0.110352
0 0.667969 0.677246 0.097656 0.098633
0 0.580566 0.180176 0.110352 0.110352
0 0.570801 0.282715 0.110352 0.110352
0 0.567871 0.397949 0.110352 0.110352
0 0.576172 0.499512 0.109375 0.110352
0 0.572266 0.642090 0.109375 0.110352
0 0.568359 0.739258 0.085938 0.085938
0 0.481445 0.232910 0.109375 0.110352
0 0.479492 0.339355 0.109375 0.110352
0 0.477539 0.455566 0.109375 0.110352
0 0.473633 0.567871 0.109375 0.110352
0 0.482910 0.665527 0.110352 0.110352
0 0.385742 0.287598 0.097656 0.098633
0 0.377930 0.394043 0.109375 0.110352
0 0.375488 0.501465 0.110352 0.110352
0 0.377441 0.623047 0.084961 0.085938
0 0.379395 0.730469 0.073242 0.074219
0 0.290527 0.229492 0.084961 0.085938
0 0.280762 0.345215 0.110352 0.110352
0 0.289551 0.556641 0.073242 0.074219
0 0.292480 0.734375 0.073242 0.074219
0 0.200684 0.177246 0.110352 0.110352
0 0.187012 0.275879 0.110352 0.110352
0 0.187988 0.378906 0.073242 0.074219
0 0.188477 0.479492 0.085938 0.085938
0 0.196289 0.571289 0.085938 0.085938
0 0.199219 0.689941 0.097656 0.098633
0 0.110352 0.458984 0.037109 0.037109
0 0.113281 0.234863 0.109375 0.110352
0 0.102539 0.334961 0.109375 0.111328
0 0.854492 0.123047 0.109375 0.111328
0 0.761719 0.075195 0.109375 0.111328
0 0.664551 0.108887 0.110352 0.110352
0 0.580566 0.068848 0.110352 0.110352
0 0.480957 0.118652 0.122070 0.122070
0 0.382812 0.062988 0.109375 0.110352
0 0.381836 0.172363 0.109375 0.110352
0 0.295410 0.130371 0.110352 0.110352
0 0.202148 0.070801 0.097656 0.098633
0 0.108398 0.127441 0.109375 0.110352