0 0.225098 0.914551 0.073242 0.073242
0 0.304199 0.739746 0.061523 0.061523
0 0.226562 0.821777 0.048828 0.049805
0 0.313965 0.644043 0.061523 0.061523
0 0.489258 0.782715 0.060547 0.061523
0 0.490234 0.875977 0.048828 0.048828
0 0.582031 0.818359 0.048828 0.048828
0 0.679199 0.866699 0.061523 0.061523
0 0.580566 0.920410 0.061523 0.061523
0 0.590332 0.715332 0.061523 0.061523
0 0.778320 0.812012 0.048828 0.049805
0 0.875488 0.763184 0.073242 0.073242
0 0.778320 0.697754 0.060547 0.061523
0 0.678711 0.759277 0.060547 0.061523
0 0.687500 0.106934 0.109375 0.110352
0 0.495605 0.118164 0.073242 0.074219
0 0.590820 0.156738 0.109375 0.110352
0 0.891113 0.110840 0.110352 0.110352
0 0.133301 0.120117 0.122070 0.123047
0 0.225098 0.157227 0.122070 0.123047
0 0.126465 0.544922 0.122070 0.123047
0 0.134277 0.433594 0.122070 0.123047
0 0.129395 0.315430 0.122070 0.123047
0 0.132812 0.212891 0.097656 0.097656
0 0.229004 0.254883 0.122070 0.123047
0 0.225098 0.396484 0.122070 0.123047
0 0.223633 0.496582 0.097656 0.098633
0 0.235840 0.611328 0.122070 0.123047
0 0.590332 0.255859 0.084961 0.085938
0 0.576660 0.368164 0.122070 0.123047
0 0.584961 0.491699 0.097656 0.098633
0 0.683594 0.211426 0.109375 0.110352
0 0.685547 0.323730 0.097656 0.098633
0 0.685547 0.438965 0.109375 0.110352
0 0.679199 0.540527 0.110352 0.110352
0 0.780762 0.154785 0.110352 0.110352
0 0.780762 0.265137 0.110352 0.110352
0 0.783691 0.382324 0.122070 0.122070
0 0.781250 0.491699 0.097656 0.098633
0 0.876465 0.204590 0.110352 0.110352
0 0.869141 0.323730 0.097656 0.098633
0 0.871094 0.437988 0.097656 0.098633
0 0.869141 0.548340 0.097656 0.098633
0 0.776367 0.623535 0.097656 0.098633
0 0.685059 0.649414 0.084961 0.085938
0 0.228516 0.709473 0.109375 0.110352
0 0.134766 0.645996 0.109375 0.110352
0 0.134277 0.748535 0.110352 0.110352
0 0.128418 0.923340 0.122070 0.122070
0 0.875000 0.652832 0.037109 0.036133
0 0.876953 0.872070 0.037109 0.037109
0 0.589844 0.592285 0.037109 0.036133
0 0.783691 0.917480 0.024414 0.024414
0 0.681152 0.970215 0.024414 0.024414
0 0.487793 0.573242 0.036133 0.037109
0 0.512207 0.713379 0.024414 0.024414
0 0.404297 0.694336 0.037109 0.037109
0 0.408203 0.598633 0.037109 0.037109
0 0.409180 0.482422 0.037109 0.037109
0 0.304199 0.860840 0.036133 0.036133
0 0.411133 0.817383 0.037109 0.037109
0 0.410156 0.928223 0.048828 0.049805
0 0.308105 0.968262 0.036133 0.036133