0 0.087402 0.475098 0.061523 0.061523
0 0.179688 0.467773 0.048828 0.048828
0 0.095703 0.297852 0.048828 0.048828
0 0.091797 0.380859 0.048828 0.048828
0 0.175781 0.379883 0.048828 0.048828
0 0.085449 0.569824 0.061523 0.061523
0 0.170410 0.663574 0.061523 0.061523
0 0.169922 0.561035 0.060547 0.061523
0 0.086426 0.648926 0.061523 0.061523
0 0.092773 0.726074 0.048828 0.049805
0 0.176758 0.746582 0.048828 0.049805
0 0.874023 0.491699 0.048828 0.049805
0 0.877930 0.395020 0.048828 0.049805
0 0.778320 0.333496 0.048828 0.049805
0 0.789062 0.026855 0.048828 0.049805
0 0.784668 0.432129 0.061523 0.061523
0 0.677734 0.069824 0.060547 0.061523
0 0.783203 0.225586 0.048828 0.048828
0 0.674805 0.318848 0.048828 0.049805
0 0.685547 0.399902 0.048828 0.049805
0 0.685547 0.495605 0.048828 0.049805
0 0.579102 0.534180 0.048828 0.048828
0 0.783203 0.533691 0.048828 0.049805
0 0.876953 0.208496 0.060547 0.061523
0 0.786133 0.125488 0.048828 0.049805
0 0.875000 0.090332 0.048828 0.049805
0 0.246094 0.712891 0.048828 0.048828
0 0.255859 0.610352 0.048828 0.048828
0 0.169922 0.916016 0.048828 0.048828
0 0.979980 0.562988 0.024414 0.024414
0 0.877441 0.306641 0.036133 0.037109
0 0.687500 0.593750 0.048828 0.048828
0 0.582031 0.432617 0.048828 0.048828
0 0.493164 0.487305 0.048828 0.048828
0 0.097656 0.201172 0.037109 0.037109
0 0.284180 0.095703 0.037109 0.037109
0 0.369141 0.079102 0.037109 0.037109
0 0.435547 0.075195 0.048828 0.048828
0 0.065918 0.019531 0.036133 0.037109
0 0.887207 0.596191 0.024414 0.024414