0 0.580566 0.837891 0.073242 0.074219
0 0.110352 0.895996 0.060547 0.061523
0 0.401367 0.945312 0.048828 0.048828
0 0.110352 0.966309 0.048828 0.049805
0 0.211914 0.963379 0.060547 0.061523
0 0.873535 0.573730 0.110352 0.110352
0 0.863770 0.676270 0.110352 0.110352
0 0.860840 0.791504 0.110352 0.110352
0 0.869141 0.893066 0.109375 0.110352
0 0.774414 0.626465 0.109375 0.110352
0 0.772461 0.732910 0.109375 0.110352
0 0.770508 0.849121 0.109375 0.110352
0 0.678711 0.681152 0.097656 0.098633
0 0.670898 0.787598 0.109375 0.110352
0 0.668457 0.895020 0.110352 0.110352
0 0.583496 0.623047 0.084961 0.085938
0 0.573730 0.738770 0.110352 0.110352
0 0.582520 0.950195 0.073242 0.074219
0 0.493652 0.570801 0.110352 0.110352
0 0.479980 0.669434 0.110352 0.110352
0 0.480957 0.772461 0.073242 0.074219
0 0.481445 0.873047 0.085938 0.085938
0 0.403320 0.852539 0.037109 0.037109
0 0.310059 0.913086 0.036133 0.037109
0 0.406250 0.628418 0.109375 0.110352
0 0.395508 0.728516 0.109375 0.111328
0 0.317871 0.583984 0.122070 0.123047
0 0.307129 0.683594 0.110352 0.111328
0 0.305176 0.789551 0.110352 0.110352
0 0.219238 0.629883 0.110352 0.111328
0 0.220215 0.732910 0.110352 0.110352
0 0.211426 0.845215 0.110352 0.110352
0 0.120117 0.666992 0.085938 0.085938
0 0.120605 0.773438 0.122070 0.123047
0 0.876465 0.130859 0.110352 0.111328
0 0.784668 0.066406 0.110352 0.111328
0 0.868652 0.243164 0.110352 0.111328
0 0.873535 0.462402 0.110352 0.110352
0 0.875488 0.346191 0.110352 0.110352
0 0.773926 0.295898 0.122070 0.123047
0 0.779785 0.412109 0.122070 0.123047
0 0.773926 0.512207 0.122070 0.122070
0 0.770996 0.187988 0.110352 0.110352
0 0.674316 0.134277 0.110352 0.110352
0 0.685547 0.241699 0.109375 0.110352
0 0.675781 0.348145 0.109375 0.110352
0 0.675781 0.456543 0.109375 0.110352
0 0.674805 0.565918 0.109375 0.110352
0 0.121582 0.119629 0.110352 0.110352
0 0.121582 0.231934 0.110352 0.110352
0 0.222656 0.179199 0.097656 0.098633
0 0.218750 0.067871 0.097656 0.098633
0 0.311523 0.120605 0.109375 0.110352
0 0.317383 0.231934 0.097656 0.098633
0 0.397949 0.181152 0.110352 0.110352
0 0.405762 0.075684 0.110352 0.110352
0 0.499512 0.135254 0.110352 0.110352
0 0.583984 0.183105 0.109375 0.110352
0 0.584961 0.063965 0.109375 0.110352
1 0.591309 0.296387 0.110352 0.110352
0 0.596191 0.396973 0.084961 0.086914
0 0.588379 0.523926 0.110352 0.110352
0 0.495605 0.250488 0.110352 0.110352
0 0.491699 0.353027 0.110352 0.110352
0 0.495117 0.464355 0.097656 0.098633
0 0.405273 0.294434 0.109375 0.110352
0 0.404297 0.410645 0.097656 0.098633
0 0.401367 0.520996 0.109375 0.110352
0 0.314453 0.360840 0.097656 0.098633
0 0.315430 0.451172 0.097656 0.097656
0 0.211426 0.299316 0.110352 0.110352
0 0.221680 0.406250 0.097656 0.097656
0 0.217285 0.517578 0.110352 0.111328
0 0.116211 0.559082 0.097656 0.098633
0 0.116211 0.469727 0.109375 0.111328
0 0.123535 0.353516 0.110352 0.111328