0 0.416016 0.034180 0.048828 0.048828
0 0.036621 0.032715 0.061523 0.061523
0 0.702637 0.218750 0.073242 0.074219
0 0.232910 0.530273 0.084961 0.085938
0 0.414551 0.248535 0.061523 0.061523
0 0.514648 0.193359 0.048828 0.048828
0 0.317871 0.680664 0.084961 0.085938
0 0.245605 0.141113 0.061523 0.061523
0 0.413574 0.145996 0.061523 0.061523
0 0.140137 0.090332 0.061523 0.061523
0 0.612305 0.161133 0.048828 0.048828
0 0.400879 0.848145 0.073242 0.073242
0 0.811035 0.044434 0.061523 0.061523
0 0.804199 0.270996 0.061523 0.061523
0 0.877930 0.468750 0.085938 0.085938
0 0.871094 0.704590 0.097656 0.098633
0 0.879883 0.816406 0.097656 0.097656
0 0.875977 0.920410 0.097656 0.098633
0 0.780273 0.854980 0.097656 0.098633
0 0.783203 0.765137 0.109375 0.110352
0 0.783203 0.635742 0.085938 0.085938
0 0.792480 0.527344 0.084961 0.085938
0 0.698242 0.583496 0.097656 0.098633
0 0.702148 0.694824 0.109375 0.110352
0 0.694336 0.797852 0.097656 0.097656
0 0.695312 0.908691 0.109375 0.110352
0 0.123535 0.897461 0.122070 0.123047
0 0.120605 0.784180 0.122070 0.123047
0 0.129395 0.672363 0.084961 0.086914
0 0.124512 0.545898 0.084961 0.085938
0 0.230469 0.620117 0.085938 0.085938
0 0.235352 0.732422 0.085938 0.085938
0 0.223633 0.841797 0.085938 0.085938
0 0.227539 0.956055 0.085938 0.085938
0 0.316406 0.880859 0.097656 0.097656
0 0.312988 0.759766 0.084961 0.085938
0 0.320801 0.575195 0.084961 0.085938
0 0.404785 0.519531 0.084961 0.085938
0 0.396973 0.636230 0.084961 0.086914
0 0.401855 0.741211 0.084961 0.085938
0 0.592773 0.937988 0.097656 0.098633
0 0.587891 0.834473 0.097656 0.098633
0 0.602539 0.733887 0.097656 0.098633
0 0.606445 0.614258 0.097656 0.097656
0 0.601074 0.523438 0.084961 0.085938
0 0.508301 0.583008 0.122070 0.123047
0 0.507812 0.686035 0.097656 0.098633
0 0.493652 0.887695 0.084961 0.085938
0 0.895508 0.088379 0.048828 0.049805
0 0.899414 0.201172 0.048828 0.048828
0 0.804199 0.155762 0.061523 0.061523
0 0.615234 0.052734 0.037109 0.037109
0 0.512207 0.102539 0.036133 0.037109
0 0.332520 0.082031 0.073242 0.074219
0 0.331055 0.203125 0.037109 0.037109
0 0.244141 0.230957 0.048828 0.049805
0 0.140625 0.271973 0.048828 0.049805
0 0.041992 0.142090 0.048828 0.049805