0 0.059570 0.237793 0.109375 0.110352
0 0.066406 0.333496 0.109375 0.110352
0 0.146484 0.418457 0.109375 0.110352
0 0.149902 0.298340 0.110352 0.110352
0 0.146973 0.196777 0.110352 0.110352
0 0.153809 0.079102 0.110352 0.111328
0 0.245117 0.132812 0.109375 0.111328
0 0.238281 0.241211 0.097656 0.097656
0 0.245117 0.355957 0.097656 0.098633
0 0.243652 0.474121 0.110352 0.110352
0 0.336914 0.522949 0.097656 0.098633
0 0.342773 0.421875 0.097656 0.097656
0 0.331055 0.307617 0.109375 0.111328
0 0.346191 0.187500 0.122070 0.123047
0 0.345215 0.072266 0.073242 0.074219
0 0.430176 0.134277 0.110352 0.110352
0 0.426758 0.237305 0.097656 0.097656
0 0.423828 0.357422 0.109375 0.111328
0 0.427734 0.474121 0.109375 0.110352
0 0.535156 0.415039 0.109375 0.111328
0 0.521973 0.307129 0.110352 0.110352
0 0.524902 0.189941 0.110352 0.110352
0 0.529785 0.088379 0.110352 0.110352
0 0.619141 0.132324 0.109375 0.110352
0 0.623047 0.228027 0.097656 0.098633
0 0.624512 0.364746 0.110352 0.110352
0 0.621582 0.472656 0.110352 0.111328
0 0.518066 0.526367 0.110352 0.111328
0 0.715820 0.525391 0.097656 0.097656
0 0.708984 0.419434 0.109375 0.110352
0 0.714844 0.305176 0.109375 0.110352
0 0.715820 0.193848 0.109375 0.110352
0 0.708984 0.074707 0.097656 0.098633
0 0.808594 0.139160 0.097656 0.098633
0 0.811523 0.245605 0.097656 0.098633
0 0.811523 0.359863 0.109375 0.110352
0 0.806641 0.471191 0.109375 0.110352
0 0.905762 0.524902 0.110352 0.110352
0 0.925293 0.413574 0.073242 0.073242
0 0.901367 0.302246 0.097656 0.098633
0 0.907227 0.191895 0.097656 0.098633
0 0.911621 0.085449 0.110352 0.110352
0 0.910156 0.646973 0.109375 0.110352
0 0.906250 0.746582 0.109375 0.110352
0 0.909180 0.845215 0.097656 0.098633
0 0.807617 0.579590 0.109375 0.110352
0 0.805664 0.687012 0.109375 0.110352
0 0.807617 0.801270 0.097656 0.098633
0 0.804199 0.906250 0.110352 0.111328
0 0.711426 0.638184 0.110352 0.110352
0 0.715820 0.748047 0.097656 0.097656
0 0.709961 0.854492 0.097656 0.097656
0 0.623047 0.580566 0.097656 0.098633
0 0.626953 0.691406 0.097656 0.097656
0 0.627930 0.798828 0.097656 0.097656
0 0.617188 0.911621 0.109375 0.110352
0 0.517578 0.631836 0.109375 0.111328
0 0.512695 0.742188 0.109375 0.111328
0 0.517578 0.851074 0.109375 0.110352
0 0.428711 0.572266 0.109375 0.111328
0 0.421875 0.687988 0.109375 0.110352
0 0.424316 0.788574 0.110352 0.110352
0 0.416504 0.898926 0.110352 0.110352
0 0.330078 0.631348 0.097656 0.098633
0 0.333984 0.735840 0.097656 0.098633
0 0.332031 0.850098 0.097656 0.098633
0 0.240234 0.574707 0.097656 0.098633
0 0.233887 0.680176 0.110352 0.110352
0 0.229492 0.798340 0.109375 0.110352
0 0.236328 0.913574 0.109375 0.110352
0 0.145508 0.519043 0.097656 0.098633
0 0.144531 0.629395 0.109375 0.110352
0 0.145508 0.736816 0.109375 0.110352
0 0.143555 0.850098 0.109375 0.110352
1 0.053711 0.567871 0.097656 0.098633
0 0.056152 0.676270 0.110352 0.110352