0 0.216797 0.056152 0.109375 0.110352
0 0.129395 0.120117 0.110352 0.111328
0 0.313965 0.120117 0.122070 0.123047
0 0.401855 0.077148 0.122070 0.123047
0 0.678223 0.106934 0.110352 0.110352
0 0.873535 0.120117 0.122070 0.123047
0 0.590820 0.254883 0.037109 0.037109
0 0.863281 0.229980 0.109375 0.110352
0 0.862305 0.328613 0.109375 0.110352
0 0.859863 0.451660 0.110352 0.110352
0 0.854004 0.555176 0.110352 0.110352
0 0.768066 0.614746 0.110352 0.110352
0 0.758301 0.501465 0.110352 0.110352
0 0.768066 0.388184 0.110352 0.110352
0 0.772949 0.272949 0.110352 0.110352
0 0.770020 0.165039 0.122070 0.123047
0 0.694336 0.213379 0.109375 0.110352
0 0.681641 0.333496 0.097656 0.098633
0 0.673340 0.452637 0.073242 0.073242
0 0.673828 0.559082 0.097656 0.098633
0 0.580078 0.620117 0.097656 0.097656
0 0.500488 0.567383 0.036133 0.037109
0 0.583008 0.377930 0.085938 0.085938
0 0.581055 0.502930 0.085938 0.085938
0 0.501465 0.220215 0.122070 0.122070
0 0.403809 0.167969 0.122070 0.123047
0 0.397949 0.422363 0.110352 0.110352
0 0.303223 0.341797 0.122070 0.123047
0 0.305664 0.226074 0.109375 0.110352
0 0.305664 0.436523 0.109375 0.111328
0 0.309082 0.557617 0.122070 0.123047
0 0.308105 0.651367 0.122070 0.123047
0 0.212402 0.615723 0.110352 0.110352
0 0.212402 0.506836 0.122070 0.123047
0 0.219238 0.381836 0.122070 0.123047
0 0.211426 0.287109 0.122070 0.123047
0 0.214844 0.170410 0.109375 0.110352
0 0.125488 0.221680 0.110352 0.111328
0 0.118652 0.342773 0.122070 0.123047
0 0.128418 0.445801 0.110352 0.110352
0 0.126465 0.557129 0.110352 0.110352
0 0.115234 0.649902 0.097656 0.098633
0 0.592773 0.159180 0.085938 0.085938
0 0.863770 0.663574 0.110352 0.110352
0 0.765625 0.728027 0.109375 0.110352
0 0.661621 0.676758 0.122070 0.123047
0 0.573730 0.739258 0.073242 0.074219
0 0.668945 0.777832 0.109375 0.110352
0 0.211426 0.741211 0.122070 0.123047
0 0.120605 0.776367 0.122070 0.123047
0 0.303223 0.778320 0.122070 0.123047
0 0.117676 0.896484 0.122070 0.123047
0 0.207520 0.936523 0.122070 0.123047
0 0.210938 0.833984 0.097656 0.097656
0 0.307129 0.875977 0.122070 0.123047
0 0.668457 0.876953 0.084961 0.085938
0 0.761719 0.832520 0.109375 0.110352
0 0.763672 0.944824 0.097656 0.098633
0 0.858887 0.775879 0.110352 0.110352
0 0.858887 0.886230 0.110352 0.110352
0 0.947266 0.944824 0.097656 0.098633