0 0.424316 0.517090 0.061523 0.061523
0 0.516602 0.595703 0.048828 0.048828
0 0.521484 0.477051 0.048828 0.049805
0 0.263672 0.499512 0.060547 0.061523
0 0.167480 0.557129 0.061523 0.061523
0 0.614258 0.526855 0.048828 0.049805
0 0.624512 0.292480 0.073242 0.073242
0 0.626465 0.403809 0.073242 0.073242
0 0.624512 0.056152 0.061523 0.061523
0 0.525391 0.358887 0.060547 0.061523
0 0.625000 0.180176 0.060547 0.061523
0 0.180664 0.261230 0.060547 0.061523
0 0.096680 0.079102 0.048828 0.048828
0 0.273438 0.113281 0.048828 0.048828
0 0.185547 0.150391 0.060547 0.060547
0 0.188965 0.073730 0.061523 0.061523
0 0.341797 0.144531 0.048828 0.048828
0 0.256836 0.401367 0.048828 0.048828
0 0.176270 0.348633 0.073242 0.074219
0 0.698730 0.479980 0.061523 0.061523
0 0.912598 0.455078 0.073242 0.074219
0 0.706055 0.138184 0.060547 0.061523
0 0.808594 0.520508 0.048828 0.048828
0 0.910645 0.583496 0.073242 0.073242
0 0.813477 0.411621 0.060547 0.061523
0 0.914062 0.354980 0.060547 0.061523
0 0.813477 0.083496 0.060547 0.061523
0 0.930664 0.115723 0.060547 0.061523
0 0.811523 0.200684 0.060547 0.061523
0 0.815430 0.309082 0.060547 0.061523
0 0.708008 0.264160 0.060547 0.061523
0 0.703613 0.584473 0.061523 0.061523
0 0.262207 0.729980 0.061523 0.061523
0 0.163574 0.663574 0.061523 0.061523
0 0.515137 0.799805 0.073242 0.074219
0 0.425293 0.730957 0.061523 0.061523
0 0.268555 0.633789 0.060547 0.060547
0 0.261230 0.824707 0.061523 0.061523
0 0.613281 0.745117 0.048828 0.048828
0 0.618164 0.637207 0.048828 0.049805
0 0.333496 0.787109 0.073242 0.074219
0 0.422852 0.618164 0.048828 0.048828
0 0.333984 0.661133 0.060547 0.060547
0 0.521484 0.690918 0.060547 0.061523
0 0.912598 0.692871 0.061523 0.061523
0 0.807129 0.642090 0.061523 0.061523
0 0.911133 0.782715 0.048828 0.049805
0 0.807617 0.823730 0.048828 0.049805
0 0.920898 0.244141 0.048828 0.048828
0 0.709473 0.366211 0.036133 0.037109
0 0.708984 0.693848 0.048828 0.049805
0 0.619141 0.824219 0.048828 0.048828
0 0.427246 0.437500 0.036133 0.037109
0 0.441406 0.315918 0.037109 0.036133
0 0.340820 0.447266 0.048828 0.048828
0 0.350586 0.559570 0.037109 0.037109
0 0.265625 0.308594 0.037109 0.037109
0 0.175781 0.456055 0.048828 0.048828
0 0.092773 0.511719 0.048828 0.048828
0 0.087891 0.609863 0.060547 0.061523
0 0.100586 0.299805 0.048828 0.048828
0 0.706055 0.042969 0.048828 0.048828
0 0.340820 0.026367 0.037109 0.037109
0 0.533691 0.110840 0.036133 0.036133
0 0.436523 0.205078 0.037109 0.037109
0 0.268555 0.214844 0.048828 0.048828
0 0.344727 0.246094 0.037109 0.037109
0 0.097168 0.165527 0.024414 0.024414
0 0.104004 0.395020 0.024414 0.024414