0 0.051270 0.081543 0.061523 0.061523
0 0.040527 0.478516 0.073242 0.074219
0 0.127930 0.783203 0.085938 0.085938
0 0.136230 0.175293 0.061523 0.061523
0 0.135742 0.072754 0.060547 0.061523
0 0.052246 0.160645 0.061523 0.061523
0 0.038574 0.817871 0.073242 0.073242
0 0.058594 0.237793 0.048828 0.049805
0 0.142578 0.258301 0.048828 0.049805
0 0.129395 0.655273 0.073242 0.074219
0 0.131348 0.877930 0.084961 0.085938
0 0.544922 0.045898 0.048828 0.048828
0 0.749023 0.045410 0.048828 0.049805
0 0.211914 0.224609 0.048828 0.048828
0 0.229004 0.814453 0.073242 0.074219
0 0.221680 0.122070 0.048828 0.048828
0 0.227539 0.719238 0.060547 0.061523
0 0.422363 0.723633 0.084961 0.085938
0 0.733887 0.878906 0.084961 0.085938
0 0.224609 0.931152 0.109375 0.110352
0 0.135742 0.427734 0.048828 0.048828
0 0.131836 0.532227 0.048828 0.048828
0 0.040527 0.573242 0.073242 0.074219
0 0.919922 0.668945 0.085938 0.085938
0 0.913574 0.785156 0.084961 0.085938
0 0.905273 0.890625 0.097656 0.097656
0 0.815430 0.722656 0.085938 0.085938
0 0.812500 0.833008 0.085938 0.085938
0 0.804688 0.953125 0.085938 0.085938
0 0.731445 0.756348 0.097656 0.098633
0 0.727539 0.665527 0.097656 0.098633
0 0.619141 0.683594 0.085938 0.085938
0 0.422363 0.922852 0.122070 0.123047
0 0.332031 0.880859 0.109375 0.111328
0 0.605957 0.942383 0.084961 0.085938
0 0.945801 0.074707 0.024414 0.024414
0 0.653320 0.105469 0.048828 0.048828
0 0.853027 0.107910 0.024414 0.024414