0 0.263672 0.492676 0.060547 0.061523
0 0.372070 0.409668 0.060547 0.061523
0 0.086914 0.414062 0.048828 0.048828
0 0.448730 0.461426 0.061523 0.061523
0 0.094727 0.504883 0.048828 0.048828
0 0.561035 0.437988 0.061523 0.061523
0 0.175781 0.468750 0.048828 0.048828
0 0.653320 0.430664 0.048828 0.048828
0 0.273438 0.310059 0.060547 0.061523
0 0.178223 0.259277 0.061523 0.061523
0 0.182129 0.356934 0.061523 0.061523
0 0.464844 0.265625 0.048828 0.048828
0 0.384766 0.290039 0.048828 0.048828
0 0.274414 0.051270 0.048828 0.049805
0 0.569336 0.260742 0.048828 0.048828
0 0.470703 0.132812 0.048828 0.048828
0 0.565430 0.343750 0.048828 0.048828
0 0.649414 0.342773 0.048828 0.048828
0 0.169434 0.676270 0.061523 0.061523
0 0.559082 0.532715 0.061523 0.061523
0 0.087891 0.675781 0.060547 0.060547
0 0.374023 0.621582 0.060547 0.061523
0 0.092773 0.596191 0.060547 0.061523
0 0.263184 0.576660 0.061523 0.061523
0 0.261230 0.681152 0.061523 0.061523
0 0.548340 0.929688 0.073242 0.074219
0 0.371094 0.527832 0.060547 0.061523
0 0.179199 0.583496 0.061523 0.061523
0 0.265137 0.875977 0.073242 0.074219
0 0.370605 0.697754 0.061523 0.061523
0 0.457520 0.874512 0.061523 0.061523
0 0.462891 0.968262 0.060547 0.061523
0 0.458008 0.564941 0.060547 0.061523
0 0.462891 0.660645 0.060547 0.061523
0 0.644043 0.626465 0.061523 0.061523
0 0.643555 0.523926 0.060547 0.061523
0 0.560059 0.611816 0.061523 0.061523
0 0.566406 0.688965 0.048828 0.049805
0 0.650391 0.709473 0.048828 0.049805
0 0.719727 0.675781 0.048828 0.048828
0 0.729492 0.573242 0.048828 0.048828
0 0.643555 0.878906 0.048828 0.048828
0 0.368652 0.914062 0.084961 0.085938
0 0.182617 0.930664 0.097656 0.097656
0 0.087891 0.860352 0.085938 0.085938
0 0.966797 0.450195 0.048828 0.048828
0 0.571289 0.164062 0.037109 0.037109
0 0.461914 0.367188 0.048828 0.048828
0 0.387695 0.174805 0.037109 0.037109
0 0.757812 0.058594 0.037109 0.037109
0 0.842773 0.041992 0.037109 0.037109
0 0.909180 0.038086 0.048828 0.048828
0 0.382812 0.082520 0.048828 0.049805
0 0.477539 0.019531 0.037109 0.037109
0 0.182129 0.021484 0.036133 0.037109