0 0.238281 0.040039 0.048828 0.048828
0 0.504395 0.683105 0.073242 0.073242
0 0.312988 0.211426 0.061523 0.061523
0 0.702637 0.067871 0.061523 0.061523
0 0.126465 0.194824 0.061523 0.061523
0 0.231445 0.210938 0.060547 0.060547
0 0.517578 0.156738 0.060547 0.061523
0 0.236328 0.131348 0.060547 0.061523
0 0.039551 0.104004 0.061523 0.061523
0 0.406738 0.111816 0.061523 0.061523
0 0.404785 0.216309 0.061523 0.061523
0 0.599121 0.745605 0.073242 0.073242
0 0.507812 0.567383 0.060547 0.060547
0 0.129883 0.118164 0.060547 0.060547
0 0.691895 0.464844 0.073242 0.074219
0 0.514648 0.062988 0.060547 0.061523
0 0.322754 0.118652 0.061523 0.061523
0 0.408691 0.411133 0.073242 0.074219
0 0.514160 0.232910 0.061523 0.061523
0 0.684082 0.674316 0.073242 0.073242
0 0.601074 0.409668 0.061523 0.061523
0 0.606445 0.503418 0.060547 0.061523
0 0.601562 0.100098 0.060547 0.061523
0 0.606445 0.195801 0.060547 0.061523
0 0.779297 0.769531 0.085938 0.085938
0 0.787598 0.161621 0.061523 0.061523
0 0.787109 0.059082 0.060547 0.061523
0 0.703613 0.146973 0.061523 0.061523
0 0.689941 0.804199 0.073242 0.073242
0 0.709961 0.224121 0.048828 0.049805
0 0.793945 0.244629 0.048828 0.049805
0 0.780762 0.641602 0.073242 0.074219
0 0.782715 0.864258 0.084961 0.085938
0 0.687012 0.911133 0.073242 0.074219
0 0.863281 0.210938 0.048828 0.048828
0 0.880371 0.800781 0.073242 0.074219
0 0.873047 0.108398 0.048828 0.048828
0 0.878906 0.705566 0.060547 0.061523
0 0.875977 0.917480 0.109375 0.110352
1 0.597168 0.626465 0.061523 0.061523
0 0.594238 0.868164 0.084961 0.085938
0 0.509277 0.788574 0.084961 0.086914
0 0.503906 0.916016 0.085938 0.085938
0 0.402344 0.625977 0.097656 0.097656
0 0.408203 0.746582 0.097656 0.098633
0 0.405762 0.851074 0.110352 0.110352
0 0.307129 0.889648 0.084961 0.085938
0 0.315430 0.786133 0.085938 0.085938
0 0.306152 0.662109 0.084961 0.085938
0 0.223633 0.606445 0.085938 0.085938
0 0.217285 0.738770 0.122070 0.122070
0 0.221191 0.841797 0.122070 0.123047
0 0.123535 0.893555 0.122070 0.123047
0 0.124023 0.784180 0.097656 0.097656
0 0.124512 0.626953 0.122070 0.123047
0 0.787109 0.414062 0.048828 0.048828
0 0.783203 0.518555 0.048828 0.048828
0 0.691895 0.559570 0.073242 0.074219
0 0.512207 0.449219 0.084961 0.085938
0 0.409668 0.504883 0.084961 0.085938
0 0.317871 0.558105 0.084961 0.086914
0 0.326172 0.465820 0.097656 0.097656
0 0.231445 0.395508 0.085938 0.085938
0 0.223633 0.498047 0.097656 0.097656
0 0.113770 0.450195 0.084961 0.085938
0 0.115234 0.547852 0.085938 0.085938