0 0.487793 0.172852 0.073242 0.074219
0 0.857422 0.153809 0.048828 0.049805
0 0.771484 0.166504 0.060547 0.061523
0 0.930176 0.872559 0.061523 0.061523
0 0.769531 0.854980 0.060547 0.061523
0 0.411133 0.863281 0.048828 0.048828
0 0.490234 0.928711 0.048828 0.048828
0 0.673340 0.912598 0.061523 0.061523
0 0.493164 0.804199 0.060547 0.061523
0 0.417969 0.652344 0.048828 0.048828
0 0.420898 0.451172 0.048828 0.048828
0 0.416992 0.558594 0.048828 0.048828
0 0.413086 0.768066 0.060547 0.061523
0 0.686523 0.616699 0.060547 0.061523
0 0.772461 0.374512 0.060547 0.061523
0 0.857422 0.277832 0.060547 0.061523
0 0.775391 0.261230 0.060547 0.061523
0 0.416504 0.335449 0.061523 0.061523
0 0.602539 0.434570 0.048828 0.048828
0 0.491211 0.500000 0.037109 0.037109
0 0.601562 0.340820 0.048828 0.048828
0 0.779297 0.468750 0.048828 0.048828
0 0.691406 0.505859 0.060547 0.060547
0 0.945801 0.220215 0.061523 0.061523
0 0.491699 0.385742 0.073242 0.074219
0 0.694824 0.429199 0.061523 0.061523
0 0.490234 0.716309 0.060547 0.061523
0 0.847656 0.500000 0.048828 0.048828
0 0.762695 0.756836 0.048828 0.048828
0 0.482422 0.613281 0.048828 0.048828
0 0.682129 0.704102 0.073242 0.074219
0 0.491699 0.284180 0.073242 0.074219
0 0.298828 0.896973 0.048828 0.049805
0 0.302734 0.800293 0.048828 0.049805
0 0.203125 0.738770 0.048828 0.049805
0 0.213867 0.432129 0.048828 0.049805
0 0.209473 0.837402 0.061523 0.061523
0 0.304199 0.380371 0.061523 0.061523
0 0.102539 0.475098 0.060547 0.061523
0 0.208008 0.630859 0.048828 0.048828
0 0.099609 0.724121 0.048828 0.049805
0 0.110352 0.805176 0.048828 0.049805
0 0.110352 0.900879 0.048828 0.049805
0 0.208008 0.938965 0.048828 0.049805
0 0.301758 0.613770 0.060547 0.061523
0 0.210938 0.530762 0.048828 0.049805
0 0.106445 0.395020 0.060547 0.061523
0 0.210938 0.333984 0.037109 0.037109
0 0.299805 0.495605 0.048828 0.049805
0 0.106445 0.272949 0.048828 0.049805
0 0.312988 0.278320 0.036133 0.037109
0 0.612793 0.062012 0.061523 0.061523
0 0.497070 0.068359 0.048828 0.048828
0 0.952637 0.100098 0.061523 0.061523
0 0.928711 0.973633 0.048828 0.048828
0 0.933105 0.792969 0.036133 0.037109
0 0.947266 0.671387 0.037109 0.036133
0 0.846680 0.802734 0.048828 0.048828
0 0.856445 0.915039 0.037109 0.037109
0 0.771484 0.664062 0.037109 0.037109
0 0.681641 0.811523 0.048828 0.048828
0 0.598633 0.867188 0.048828 0.048828
0 0.593750 0.965332 0.060547 0.061523
0 0.606445 0.655273 0.048828 0.048828
0 0.404785 0.968262 0.024414 0.024414
0 0.302246 0.711914 0.036133 0.037109
0 0.861328 0.050293 0.048828 0.049805
0 0.946777 0.319824 0.036133 0.036133
0 0.775391 0.048340 0.048828 0.049805
0 0.846680 0.381836 0.037109 0.037109
0 0.695312 0.025879 0.048828 0.049805
0 0.689941 0.129395 0.061523 0.061523
0 0.693359 0.209961 0.048828 0.048828
0 0.695312 0.291992 0.048828 0.048828
0 0.603516 0.229492 0.048828 0.048828
0 0.608398 0.136719 0.048828 0.048828
0 0.424316 0.122559 0.024414 0.024414
0 0.426270 0.237305 0.024414 0.025391
0 0.310059 0.164551 0.024414 0.024414
0 0.942383 0.560547 0.037109 0.037109
0 0.774414 0.570312 0.048828 0.048828
0 0.850586 0.601562 0.037109 0.037109
0 0.603027 0.520996 0.024414 0.024414
0 0.609863 0.750488 0.024414 0.024414
0 0.218262 0.110840 0.024414 0.024414
0 0.102051 0.198242 0.036133 0.037109