0 0.721191 0.109863 0.061523 0.061523
0 0.813477 0.188477 0.048828 0.048828
0 0.818359 0.069824 0.048828 0.049805
0 0.560547 0.092285 0.060547 0.061523
0 0.202148 0.100586 0.048828 0.048828
0 0.281250 0.166016 0.048828 0.048828
0 0.464355 0.149902 0.061523 0.061523
0 0.911133 0.119629 0.048828 0.049805
0 0.284180 0.041504 0.060547 0.061523
0 0.089844 0.134277 0.048828 0.049805
0 0.093750 0.037598 0.048828 0.049805
0 0.559082 0.322754 0.061523 0.061523
0 0.460449 0.256348 0.061523 0.061523
0 0.812012 0.392578 0.073242 0.074219
0 0.722168 0.323730 0.061523 0.061523
0 0.565430 0.226562 0.060547 0.060547
0 0.558105 0.417480 0.061523 0.061523
0 0.910156 0.337891 0.048828 0.048828
0 0.915039 0.229980 0.048828 0.049805
0 0.630371 0.379883 0.073242 0.074219
0 0.719727 0.210938 0.048828 0.048828
0 0.630859 0.253906 0.060547 0.060547
0 0.818359 0.283691 0.060547 0.061523
0 0.909668 0.702148 0.122070 0.123047
0 0.901855 0.807617 0.122070 0.123047
0 0.906738 0.932617 0.122070 0.123047
0 0.814941 0.875000 0.122070 0.123047
0 0.809082 0.796875 0.122070 0.123047
0 0.714355 0.699219 0.110352 0.111328
0 0.715332 0.816406 0.122070 0.123047
0 0.726074 0.924316 0.122070 0.122070
0 0.635254 0.854492 0.084961 0.085938
0 0.634277 0.757812 0.084961 0.085938
0 0.532227 0.805664 0.097656 0.097656
0 0.530762 0.925781 0.084961 0.085938
0 0.443848 0.750977 0.122070 0.123047
0 0.438965 0.869141 0.122070 0.123047
0 0.354980 0.805664 0.122070 0.123047
0 0.350098 0.927734 0.122070 0.123047
0 0.251953 0.863770 0.097656 0.098633
0 0.247559 0.744141 0.084961 0.085938
0 0.169922 0.799805 0.085938 0.085938
0 0.163574 0.916016 0.084961 0.085938
0 0.065430 0.853516 0.085938 0.085938
0 0.916016 0.416992 0.048828 0.048828
0 0.724121 0.030273 0.036133 0.037109
0 0.637695 0.040039 0.048828 0.048828
0 0.647461 0.152344 0.037109 0.037109
0 0.472656 0.048828 0.048828 0.048828
0 0.389648 0.104492 0.048828 0.048828
0 0.384766 0.202637 0.060547 0.061523
0 0.195801 0.205566 0.024414 0.024414
0 0.103027 0.238770 0.024414 0.024414