0 0.301758 0.089844 0.048828 0.048828
0 0.375977 0.152344 0.048828 0.048828
0 0.380371 0.928223 0.061523 0.061523
0 0.369629 0.814941 0.061523 0.061523
0 0.091309 0.885254 0.061523 0.061523
0 0.173828 0.945801 0.060547 0.061523
0 0.475586 0.207031 0.048828 0.048828
0 0.475586 0.325684 0.060547 0.061523
0 0.476562 0.100586 0.048828 0.048828
0 0.476074 0.657715 0.061523 0.061523
0 0.569336 0.375488 0.048828 0.049805
0 0.474609 0.420410 0.060547 0.061523
0 0.476562 0.766113 0.060547 0.061523
0 0.485840 0.539551 0.073242 0.073242
0 0.560547 0.815918 0.060547 0.061523
0 0.560547 0.924316 0.048828 0.049805
0 0.477539 0.887207 0.048828 0.049805
0 0.279297 0.876953 0.037109 0.037109
0 0.867676 0.776367 0.122070 0.123047
0 0.856934 0.875977 0.110352 0.111328
0 0.769043 0.822266 0.110352 0.111328
0 0.770020 0.925293 0.110352 0.110352
0 0.669922 0.859375 0.085938 0.085938
0 0.667969 0.104004 0.109375 0.110352
0 0.670410 0.212402 0.110352 0.110352
0 0.671387 0.312012 0.110352 0.110352
0 0.671387 0.424316 0.110352 0.110352
0 0.772461 0.371582 0.097656 0.098633
0 0.768555 0.260254 0.097656 0.098633
0 0.762695 0.151855 0.109375 0.110352
0 0.862793 0.087402 0.110352 0.110352
0 0.865234 0.208496 0.109375 0.110352
0 0.861328 0.312988 0.109375 0.110352
0 0.867188 0.424316 0.097656 0.098633
0 0.864258 0.553223 0.097656 0.098633
0 0.865234 0.643555 0.097656 0.097656
0 0.761230 0.491699 0.110352 0.110352
0 0.771484 0.598633 0.097656 0.097656
0 0.767090 0.709961 0.110352 0.111328
0 0.666016 0.751465 0.097656 0.098633
0 0.666016 0.662109 0.109375 0.111328
0 0.673340 0.545898 0.110352 0.111328
0 0.386719 0.257812 0.037109 0.037109
0 0.565430 0.266602 0.037109 0.037109
0 0.565430 0.496582 0.048828 0.049805
0 0.569336 0.601562 0.048828 0.048828
0 0.563965 0.706543 0.061523 0.061523
0 0.571289 0.042969 0.048828 0.048828
0 0.572266 0.143555 0.048828 0.048828
0 0.102539 0.654297 0.048828 0.048828
0 0.178711 0.818359 0.037109 0.037109
0 0.094238 0.767090 0.024414 0.024414