0 0.156250 0.786621 0.048828 0.049805
0 0.065918 0.736816 0.061523 0.061523
0 0.072266 0.518555 0.048828 0.048828
0 0.073730 0.192383 0.122070 0.123047
0 0.073730 0.304688 0.122070 0.123047
0 0.168457 0.124023 0.122070 0.123047
0 0.158691 0.234375 0.122070 0.123047
0 0.165039 0.353027 0.109375 0.110352
0 0.256348 0.403809 0.110352 0.110352
0 0.252441 0.288086 0.110352 0.111328
0 0.264160 0.183594 0.110352 0.111328
0 0.267090 0.073730 0.110352 0.110352
0 0.354492 0.142090 0.109375 0.110352
0 0.354980 0.257812 0.122070 0.123047
0 0.362793 0.348633 0.110352 0.111328
0 0.457520 0.082031 0.122070 0.123047
0 0.456543 0.187500 0.122070 0.123047
0 0.444336 0.294434 0.109375 0.110352
0 0.452637 0.390625 0.122070 0.123047
0 0.639160 0.082520 0.122070 0.122070
0 0.544434 0.138184 0.110352 0.110352
0 0.628418 0.197754 0.122070 0.122070
0 0.549316 0.278320 0.122070 0.123047
0 0.553223 0.379883 0.122070 0.123047
0 0.647949 0.279785 0.110352 0.110352
0 0.736328 0.243652 0.109375 0.110352
0 0.743164 0.121582 0.109375 0.110352
0 0.835449 0.072266 0.122070 0.123047
0 0.837891 0.177246 0.109375 0.110352
0 0.844727 0.272949 0.109375 0.110352
1 0.826660 0.407715 0.122070 0.122070
0 0.924805 0.357910 0.109375 0.110352
0 0.928223 0.237793 0.110352 0.110352
0 0.925293 0.136230 0.110352 0.110352
0 0.923828 0.458496 0.097656 0.098633
0 0.922852 0.568848 0.109375 0.110352
0 0.923828 0.676270 0.109375 0.110352
0 0.921875 0.789551 0.109375 0.110352
1 0.832031 0.507324 0.097656 0.098633
0 0.834473 0.615723 0.110352 0.110352
0 0.831543 0.739746 0.110352 0.110352
0 0.825684 0.850098 0.110352 0.110352
0 0.744141 0.470215 0.097656 0.098633
0 0.732422 0.565918 0.097656 0.098633
0 0.728516 0.684082 0.097656 0.098633
0 0.638184 0.530273 0.122070 0.123047
0 0.636719 0.617676 0.097656 0.098633
0 0.634766 0.729492 0.097656 0.097656
0 0.632812 0.835938 0.097656 0.097656
0 0.727051 0.785645 0.110352 0.110352
0 0.727539 0.905273 0.109375 0.111328
0 0.916504 0.899902 0.110352 0.110352
0 0.534668 0.582031 0.122070 0.123047
0 0.449707 0.614258 0.110352 0.111328
0 0.355957 0.665039 0.122070 0.123047
0 0.252930 0.729980 0.109375 0.110352
0 0.346680 0.772949 0.097656 0.098633
0 0.443359 0.722656 0.097656 0.097656
0 0.261719 0.833496 0.109375 0.110352
0 0.258301 0.952148 0.084961 0.085938
0 0.352539 0.897949 0.097656 0.098633
0 0.439941 0.835449 0.110352 0.110352
0 0.541504 0.892578 0.122070 0.123047
0 0.543457 0.785156 0.122070 0.123047
0 0.156250 0.662109 0.048828 0.048828
0 0.159180 0.457031 0.048828 0.048828
0 0.155273 0.565430 0.048828 0.048828
0 0.074219 0.625488 0.048828 0.049805
0 0.080078 0.404297 0.048828 0.048828
0 0.069336 0.847656 0.048828 0.048828
0 0.155762 0.889160 0.024414 0.024414
0 0.068359 0.958984 0.048828 0.048828