0 0.722168 0.213867 0.073242 0.074219
0 0.645508 0.904297 0.048828 0.048828
0 0.724609 0.969727 0.048828 0.048828
0 0.907715 0.953613 0.061523 0.061523
0 0.727539 0.845215 0.060547 0.061523
0 0.652344 0.693359 0.048828 0.048828
0 0.655273 0.492188 0.048828 0.048828
0 0.651367 0.599609 0.048828 0.048828
0 0.647461 0.809082 0.060547 0.061523
0 0.920898 0.657715 0.060547 0.061523
0 0.650879 0.376465 0.061523 0.061523
0 0.836914 0.475586 0.048828 0.048828
0 0.725586 0.541016 0.037109 0.037109
0 0.835938 0.381836 0.048828 0.048828
0 0.925781 0.546875 0.060547 0.060547
0 0.726074 0.426758 0.073242 0.074219
0 0.929199 0.470215 0.061523 0.061523
0 0.724609 0.757324 0.060547 0.061523
0 0.716797 0.654297 0.048828 0.048828
0 0.916504 0.745117 0.073242 0.074219
0 0.726074 0.325195 0.073242 0.074219
0 0.125977 0.187012 0.048828 0.049805
0 0.533203 0.937988 0.048828 0.049805
0 0.537109 0.841309 0.048828 0.049805
0 0.437500 0.779785 0.048828 0.049805
0 0.448242 0.473145 0.048828 0.049805
0 0.443848 0.878418 0.061523 0.061523
0 0.538574 0.421387 0.061523 0.061523
0 0.336914 0.516113 0.060547 0.061523
0 0.442383 0.671875 0.048828 0.048828
0 0.333984 0.765137 0.048828 0.049805
0 0.344727 0.846191 0.048828 0.049805
0 0.344727 0.941895 0.048828 0.049805
0 0.536133 0.654785 0.060547 0.061523
0 0.445312 0.571777 0.048828 0.049805
0 0.340820 0.436035 0.060547 0.061523
0 0.445312 0.375000 0.037109 0.037109
0 0.534180 0.536621 0.048828 0.049805
0 0.340820 0.313965 0.048828 0.049805
0 0.547363 0.319336 0.036133 0.037109
0 0.847168 0.103027 0.061523 0.061523
0 0.731445 0.109375 0.048828 0.048828
0 0.916016 0.852539 0.048828 0.048828
0 0.833008 0.908203 0.048828 0.048828
0 0.840820 0.696289 0.048828 0.048828
0 0.536621 0.752930 0.036133 0.037109
0 0.241211 0.878906 0.048828 0.048828
0 0.152344 0.933594 0.048828 0.048828
0 0.929688 0.066895 0.048828 0.049805
0 0.924316 0.170410 0.061523 0.061523
0 0.927734 0.250977 0.048828 0.048828
0 0.929688 0.333008 0.048828 0.048828
0 0.837891 0.270508 0.048828 0.048828
0 0.842773 0.177734 0.048828 0.048828
0 0.653809 0.038574 0.024414 0.024414
0 0.658691 0.163574 0.024414 0.024414
0 0.660645 0.278320 0.024414 0.025391
0 0.544434 0.205566 0.024414 0.024414
0 0.837402 0.562012 0.024414 0.024414
0 0.844238 0.791504 0.024414 0.024414
0 0.036133 0.291016 0.048828 0.048828
0 0.038086 0.404785 0.060547 0.061523
0 0.028320 0.525391 0.037109 0.037109
0 0.103027 0.422363 0.061523 0.061523
0 0.094727 0.521484 0.048828 0.048828
0 0.241699 0.356934 0.024414 0.024414
0 0.241699 0.463867 0.036133 0.037109
0 0.246094 0.244629 0.037109 0.036133
0 0.250977 0.127930 0.048828 0.048828
0 0.123047 0.093262 0.037109 0.036133
0 0.047363 0.066895 0.024414 0.024414
0 0.041016 0.181152 0.048828 0.049805
0 0.452637 0.151855 0.024414 0.024414
0 0.336426 0.239258 0.036133 0.037109