0 0.078613 0.369141 0.061523 0.060547
0 0.450195 0.400879 0.060547 0.061523
0 0.173828 0.388672 0.048828 0.048828
0 0.558594 0.317871 0.060547 0.061523
0 0.273438 0.322266 0.048828 0.048828
0 0.635254 0.369629 0.061523 0.061523
0 0.281250 0.413086 0.048828 0.048828
0 0.747559 0.346191 0.061523 0.061523
0 0.362305 0.376953 0.048828 0.048828
0 0.169922 0.263672 0.048828 0.048828
0 0.839844 0.338867 0.048828 0.048828
0 0.459961 0.218262 0.060547 0.061523
0 0.364746 0.167480 0.061523 0.061523
0 0.368652 0.265137 0.061523 0.061523
0 0.651367 0.173828 0.048828 0.048828
0 0.571289 0.198242 0.048828 0.048828
0 0.089844 0.244141 0.048828 0.048828
0 0.755859 0.168945 0.048828 0.048828
0 0.657227 0.041016 0.048828 0.048828
0 0.751953 0.251953 0.048828 0.048828
0 0.835938 0.250977 0.048828 0.048828
0 0.355957 0.584473 0.061523 0.061523
0 0.745605 0.440918 0.061523 0.061523
0 0.169434 0.567871 0.061523 0.061523
0 0.274414 0.583984 0.060547 0.060547
0 0.560547 0.529785 0.060547 0.061523
0 0.279297 0.504395 0.060547 0.061523
0 0.082520 0.477051 0.061523 0.061523
0 0.066895 0.782715 0.073242 0.073242
0 0.072754 0.585449 0.061523 0.061523
0 0.449707 0.484863 0.061523 0.061523
0 0.447754 0.589355 0.061523 0.061523
0 0.550781 0.940430 0.060547 0.060547
0 0.172852 0.491211 0.060547 0.060547
0 0.734863 0.837891 0.073242 0.074219
0 0.557617 0.436035 0.060547 0.061523
0 0.365723 0.491699 0.061523 0.061523
0 0.451660 0.784180 0.073242 0.074219
0 0.557129 0.605957 0.061523 0.061523
0 0.644043 0.782715 0.061523 0.061523
0 0.649414 0.876465 0.060547 0.061523
0 0.644531 0.473145 0.060547 0.061523
0 0.649414 0.568848 0.060547 0.061523
0 0.830566 0.534668 0.061523 0.061523
0 0.830078 0.432129 0.060547 0.061523
0 0.746582 0.520020 0.061523 0.061523
0 0.752930 0.597168 0.048828 0.049805
0 0.836914 0.617676 0.048828 0.049805
0 0.906250 0.583984 0.048828 0.048828
0 0.916016 0.481445 0.048828 0.048828
0 0.830078 0.787109 0.048828 0.048828
0 0.826172 0.891602 0.048828 0.048828
0 0.734863 0.932617 0.073242 0.074219
0 0.555176 0.822266 0.084961 0.085938
0 0.452637 0.877930 0.084961 0.085938
0 0.360840 0.931152 0.084961 0.086914
0 0.369141 0.838867 0.097656 0.097656
0 0.274414 0.768555 0.085938 0.085938
0 0.266602 0.871094 0.097656 0.097656
0 0.156738 0.823242 0.084961 0.085938
0 0.158203 0.920898 0.085938 0.085938
0 0.072754 0.884277 0.110352 0.110352
0 0.757812 0.072266 0.037109 0.037109
0 0.648438 0.275391 0.048828 0.048828
0 0.574219 0.083008 0.037109 0.037109
0 0.173828 0.059082 0.048828 0.049805
0 0.173828 0.158203 0.048828 0.048828
0 0.081055 0.049805 0.037109 0.037109
0 0.088867 0.154297 0.048828 0.048828