0 0.472168 0.377441 0.073242 0.073242
0 0.566895 0.439941 0.073242 0.073242
0 0.475586 0.261719 0.060547 0.060547
0 0.659668 0.159180 0.073242 0.074219
0 0.376465 0.105469 0.073242 0.074219
0 0.651855 0.368652 0.073242 0.073242
0 0.568848 0.104004 0.061523 0.061523
0 0.574219 0.197754 0.060547 0.061523
0 0.747070 0.463867 0.085938 0.085938
0 0.657715 0.498535 0.073242 0.073242
0 0.748535 0.335938 0.073242 0.074219
0 0.750488 0.558594 0.084961 0.085938
0 0.653809 0.799805 0.073242 0.074219
0 0.650879 0.932129 0.073242 0.073242
0 0.648926 0.691406 0.073242 0.074219
0 0.757324 0.854004 0.073242 0.073242
0 0.654785 0.605469 0.073242 0.074219
0 0.848145 0.495117 0.073242 0.074219
0 0.846680 0.399902 0.060547 0.061523
0 0.739258 0.660156 0.097656 0.097656
0 0.741699 0.742188 0.084961 0.085938
0 0.836914 0.911133 0.085938 0.085938
0 0.844727 0.825684 0.097656 0.098633
0 0.843262 0.715820 0.122070 0.123047
0 0.843750 0.611816 0.109375 0.110352
1 0.564941 0.320801 0.061523 0.061523
0 0.562012 0.562500 0.084961 0.085938
0 0.563477 0.652344 0.085938 0.085938
0 0.554199 0.751953 0.084961 0.085938
0 0.560547 0.864258 0.085938 0.085938
0 0.477051 0.482910 0.084961 0.086914
0 0.471680 0.610352 0.085938 0.085938
0 0.468750 0.697266 0.085938 0.085938
0 0.462402 0.805664 0.084961 0.085938
0 0.465820 0.919922 0.085938 0.085938
0 0.370117 0.320312 0.097656 0.097656
0 0.375977 0.440918 0.097656 0.098633
0 0.373535 0.545410 0.110352 0.110352
0 0.367188 0.647949 0.097656 0.098633
0 0.365234 0.759766 0.109375 0.111328
0 0.358887 0.871582 0.110352 0.110352
0 0.265625 0.919922 0.097656 0.097656
0 0.273438 0.817383 0.085938 0.085938
0 0.270020 0.696289 0.084961 0.085938
0 0.274902 0.583984 0.084961 0.085938
0 0.283203 0.480469 0.085938 0.085938
0 0.273926 0.356445 0.084961 0.085938
0 0.191406 0.300781 0.085938 0.085938
0 0.185059 0.433105 0.122070 0.122070
0 0.188965 0.536133 0.122070 0.123047
0 0.181152 0.645508 0.122070 0.123047
0 0.180176 0.756836 0.122070 0.123047
0 0.175293 0.875488 0.110352 0.110352
0 0.074707 0.913086 0.122070 0.123047
0 0.074707 0.799805 0.122070 0.123047
0 0.075684 0.697266 0.122070 0.123047
0 0.091309 0.587891 0.122070 0.123047
0 0.091797 0.478516 0.097656 0.097656
0 0.092285 0.321289 0.122070 0.123047
0 0.754883 0.108398 0.048828 0.048828
0 0.750977 0.212891 0.048828 0.048828
0 0.659668 0.253906 0.073242 0.074219
0 0.479980 0.143555 0.084961 0.085938
0 0.377441 0.199219 0.084961 0.085938
0 0.285645 0.252441 0.084961 0.086914
0 0.293945 0.160156 0.097656 0.097656
0 0.199219 0.089844 0.085938 0.085938
0 0.191406 0.192383 0.097656 0.097656
0 0.081543 0.144531 0.084961 0.085938
0 0.083008 0.242188 0.085938 0.085938
0 0.933105 0.681152 0.122070 0.122070
0 0.937988 0.883789 0.122070 0.123047