0 0.121094 0.926270 0.060547 0.061523
0 0.120117 0.697266 0.048828 0.048828
0 0.115234 0.484863 0.048828 0.049805
0 0.031250 0.216797 0.048828 0.048828
0 0.215332 0.102051 0.110352 0.110352
0 0.411621 0.088867 0.122070 0.123047
0 0.512207 0.078125 0.122070 0.123047
1 0.785645 0.105957 0.122070 0.122070
0 0.883789 0.056152 0.109375 0.110352
0 0.882812 0.156738 0.097656 0.098633
0 0.881836 0.267090 0.109375 0.110352
0 0.882812 0.374512 0.109375 0.110352
0 0.880859 0.487793 0.109375 0.110352
1 0.791016 0.205566 0.097656 0.098633
0 0.793457 0.313965 0.110352 0.110352
0 0.790527 0.437988 0.110352 0.110352
0 0.784668 0.548340 0.110352 0.110352
0 0.703125 0.168457 0.097656 0.098633
0 0.691406 0.264160 0.097656 0.098633
0 0.687500 0.382324 0.097656 0.098633
0 0.597168 0.228516 0.122070 0.123047
0 0.595703 0.315918 0.097656 0.098633
0 0.593750 0.427734 0.097656 0.097656
0 0.591797 0.534180 0.097656 0.097656
0 0.577148 0.654297 0.097656 0.097656
0 0.686035 0.483887 0.110352 0.110352
0 0.686523 0.603516 0.109375 0.111328
0 0.783691 0.653809 0.110352 0.110352
0 0.875488 0.598145 0.110352 0.110352
0 0.493652 0.280273 0.122070 0.123047
0 0.408691 0.312500 0.110352 0.111328
0 0.314941 0.363281 0.122070 0.123047
0 0.211914 0.428223 0.109375 0.110352
0 0.305664 0.471191 0.097656 0.098633
0 0.402344 0.420898 0.097656 0.097656
0 0.220703 0.531738 0.109375 0.110352
0 0.217285 0.650391 0.084961 0.085938
0 0.311523 0.596191 0.097656 0.098633
0 0.398926 0.533691 0.110352 0.110352
0 0.397949 0.647949 0.110352 0.110352
0 0.500488 0.590820 0.122070 0.123047
0 0.502441 0.483398 0.122070 0.123047
0 0.115234 0.360352 0.048828 0.048828
0 0.873535 0.930176 0.110352 0.110352
0 0.875000 0.818848 0.097656 0.098633
0 0.879395 0.710449 0.110352 0.110352
0 0.777832 0.754395 0.110352 0.110352
0 0.786133 0.860840 0.109375 0.110352
0 0.684082 0.826172 0.122070 0.123047
0 0.694336 0.713379 0.109375 0.110352
0 0.693848 0.933594 0.122070 0.123047
0 0.588867 0.885254 0.097656 0.098633
0 0.591797 0.766113 0.109375 0.110352
0 0.399902 0.754883 0.122070 0.123047
0 0.502930 0.826660 0.097656 0.098633
0 0.504395 0.704102 0.122070 0.123047
0 0.506348 0.929688 0.110352 0.111328
0 0.400391 0.875000 0.109375 0.111328
0 0.310547 0.929688 0.109375 0.111328
0 0.306641 0.816406 0.109375 0.111328
0 0.309570 0.702148 0.109375 0.111328
0 0.218750 0.757812 0.097656 0.097656
0 0.207031 0.880859 0.097656 0.097656
0 0.118164 0.155273 0.048828 0.048828
0 0.114258 0.263672 0.048828 0.048828
0 0.033203 0.323730 0.048828 0.049805
0 0.039062 0.102539 0.048828 0.048828
0 0.028320 0.545898 0.048828 0.048828
0 0.114746 0.587402 0.024414 0.024414
0 0.109375 0.813477 0.048828 0.048828
0 0.025391 0.783203 0.037109 0.037109
0 0.027344 0.657227 0.048828 0.048828