0 0.194824 0.577148 0.073242 0.074219
0 0.190918 0.785645 0.061523 0.061523
0 0.556152 0.899902 0.061523 0.061523
0 0.938965 0.698730 0.110352 0.110352
0 0.865234 0.860840 0.097656 0.098633
0 0.857422 0.768066 0.109375 0.110352
0 0.861816 0.653320 0.122070 0.123047
0 0.860840 0.532227 0.122070 0.123047
0 0.860840 0.420898 0.122070 0.123047
0 0.861816 0.302734 0.073242 0.074219
0 0.769531 0.363281 0.097656 0.097656
0 0.766113 0.492188 0.122070 0.123047
0 0.766602 0.588379 0.109375 0.110352
0 0.765625 0.700684 0.109375 0.110352
0 0.768555 0.812988 0.109375 0.110352
0 0.669434 0.844238 0.110352 0.110352
0 0.671387 0.743652 0.110352 0.110352
0 0.675293 0.634277 0.110352 0.110352
0 0.675781 0.520996 0.109375 0.110352
0 0.671875 0.410645 0.109375 0.110352
0 0.674805 0.305664 0.097656 0.097656
0 0.576660 0.361816 0.110352 0.110352
0 0.583008 0.472168 0.097656 0.098633
0 0.574219 0.593262 0.097656 0.098633
0 0.575684 0.698730 0.110352 0.110352
0 0.575195 0.810059 0.097656 0.098633
0 0.487793 0.312988 0.110352 0.110352
0 0.478027 0.415527 0.110352 0.110352
0 0.475098 0.530762 0.110352 0.110352
0 0.483398 0.632324 0.109375 0.110352
0 0.479492 0.774902 0.109375 0.110352
0 0.475586 0.872070 0.085938 0.085938
0 0.388672 0.365723 0.109375 0.110352
0 0.386719 0.472168 0.109375 0.110352
0 0.384766 0.588379 0.109375 0.110352
0 0.380859 0.700684 0.109375 0.110352
0 0.390137 0.798340 0.110352 0.110352
0 0.292969 0.420410 0.097656 0.098633
0 0.285156 0.526855 0.109375 0.110352
0 0.282715 0.634277 0.110352 0.110352
0 0.284668 0.755859 0.084961 0.085938
0 0.286621 0.863281 0.073242 0.074219
0 0.197754 0.362305 0.084961 0.085938
0 0.187988 0.478027 0.110352 0.110352
0 0.196777 0.689453 0.073242 0.074219
0 0.199707 0.867188 0.073242 0.074219
0 0.107910 0.310059 0.110352 0.110352
0 0.094238 0.408691 0.110352 0.110352
0 0.095215 0.511719 0.073242 0.074219
0 0.095703 0.612305 0.085938 0.085938
0 0.103516 0.704102 0.085938 0.085938
0 0.106445 0.822754 0.097656 0.098633
0 0.854980 0.098633 0.122070 0.123047
0 0.864746 0.192383 0.122070 0.123047
0 0.774414 0.149414 0.097656 0.097656
0 0.761719 0.255859 0.109375 0.111328
0 0.677734 0.101562 0.097656 0.097656
0 0.668945 0.208008 0.109375 0.111328
0 0.577148 0.145508 0.109375 0.111328
0 0.571777 0.241699 0.110352 0.110352
0 0.487793 0.201660 0.110352 0.110352
0 0.489746 0.085449 0.110352 0.110352
0 0.394043 0.151367 0.122070 0.123047
0 0.388184 0.251465 0.122070 0.122070
0 0.290039 0.087402 0.109375 0.110352
0 0.290039 0.195801 0.109375 0.110352
0 0.289062 0.305176 0.109375 0.110352
0 0.210449 0.136230 0.084961 0.086914
0 0.202637 0.263184 0.110352 0.110352
0 0.105957 0.092285 0.110352 0.110352
0 0.109375 0.203613 0.097656 0.098633