0 0.555664 0.067383 0.109375 0.111328
0 0.097168 0.142578 0.122070 0.123047
0 0.379883 0.080566 0.097656 0.098633
0 0.373535 0.172363 0.110352 0.110352
0 0.294434 0.097168 0.073242 0.073242
0 0.463379 0.125977 0.122070 0.123047
0 0.568848 0.185547 0.122070 0.123047
0 0.663574 0.131836 0.122070 0.123047
0 0.770020 0.185547 0.122070 0.123047
0 0.754395 0.066406 0.122070 0.123047
0 0.853027 0.129395 0.110352 0.110352
0 0.941406 0.064941 0.097656 0.098633
0 0.286133 0.320312 0.037109 0.037109
0 0.937012 0.616211 0.122070 0.123047
0 0.942383 0.500000 0.097656 0.097656
0 0.937012 0.287109 0.122070 0.123047
0 0.851074 0.238281 0.122070 0.123047
0 0.847168 0.338867 0.122070 0.123047
0 0.847168 0.455078 0.122070 0.123047
0 0.845215 0.572266 0.122070 0.123047
0 0.835449 0.684570 0.122070 0.123047
0 0.755371 0.289062 0.110352 0.111328
0 0.755371 0.394531 0.110352 0.111328
1 0.749023 0.513184 0.109375 0.110352
0 0.748047 0.626465 0.109375 0.110352
0 0.657227 0.678223 0.109375 0.110352
0 0.657227 0.557129 0.109375 0.110352
0 0.664062 0.457520 0.109375 0.110352
0 0.660156 0.347656 0.109375 0.111328
0 0.664062 0.239258 0.109375 0.111328
0 0.558594 0.295410 0.109375 0.110352
0 0.557617 0.394043 0.109375 0.110352
0 0.555176 0.517090 0.110352 0.110352
0 0.549316 0.620605 0.110352 0.110352
0 0.463379 0.680176 0.110352 0.110352
0 0.453613 0.566895 0.110352 0.110352
0 0.463379 0.453613 0.110352 0.110352
0 0.468262 0.338379 0.110352 0.110352
0 0.465332 0.230469 0.122070 0.123047
0 0.389648 0.278809 0.109375 0.110352
0 0.376953 0.398926 0.097656 0.098633
0 0.368652 0.518066 0.073242 0.073242
0 0.369141 0.624512 0.097656 0.098633
0 0.275391 0.685547 0.097656 0.097656
0 0.195801 0.632812 0.036133 0.037109
0 0.278320 0.443359 0.085938 0.085938
0 0.276367 0.568359 0.085938 0.085938
0 0.196777 0.285645 0.122070 0.122070
0 0.099121 0.233398 0.122070 0.123047
0 0.093262 0.487793 0.110352 0.110352
0 0.288086 0.224609 0.085938 0.085938
0 0.755859 0.732910 0.109375 0.110352
0 0.559082 0.729004 0.110352 0.110352
0 0.460938 0.793457 0.109375 0.110352
0 0.356934 0.742188 0.122070 0.123047
0 0.269043 0.804688 0.073242 0.074219
0 0.364258 0.843262 0.109375 0.110352
0 0.664551 0.797363 0.110352 0.110352
0 0.363770 0.942383 0.084961 0.085938
0 0.457031 0.897949 0.109375 0.110352
0 0.554199 0.841309 0.110352 0.110352
0 0.649902 0.891113 0.110352 0.110352
0 0.741211 0.843750 0.109375 0.111328
0 0.851074 0.790039 0.122070 0.123047
0 0.849121 0.881836 0.122070 0.123047