0 0.887695 0.114746 0.097656 0.098633
0 0.888184 0.227051 0.110352 0.110352
0 0.794922 0.284668 0.109375 0.110352
0 0.794922 0.172363 0.097656 0.098633
0 0.797852 0.061035 0.097656 0.098633
0 0.699219 0.107910 0.109375 0.110352
1 0.704102 0.229980 0.109375 0.110352
0 0.598145 0.275391 0.110352 0.111328
0 0.600586 0.166016 0.097656 0.097656
0 0.602539 0.063965 0.109375 0.110352
0 0.511230 0.122070 0.110352 0.111328
0 0.510742 0.224609 0.097656 0.097656
0 0.414551 0.282227 0.073242 0.074219
0 0.417969 0.175781 0.085938 0.085938
0 0.419922 0.073242 0.085938 0.085938
0 0.320312 0.116699 0.109375 0.110352
0 0.323242 0.222168 0.097656 0.098633
0 0.230469 0.050293 0.097656 0.098633
0 0.236816 0.169922 0.122070 0.123047
0 0.232910 0.269043 0.110352 0.110352
0 0.129395 0.224121 0.110352 0.110352
0 0.132324 0.108887 0.110352 0.110352
0 0.126953 0.669434 0.109375 0.110352
0 0.133789 0.547363 0.109375 0.110352
0 0.125977 0.446777 0.109375 0.110352
0 0.130859 0.339355 0.109375 0.110352
0 0.229980 0.385742 0.122070 0.123047
0 0.226074 0.498047 0.122070 0.123047
0 0.228516 0.603027 0.109375 0.110352
0 0.235352 0.698730 0.109375 0.110352
1 0.217285 0.833496 0.122070 0.122070
0 0.315430 0.783691 0.109375 0.110352
0 0.318848 0.663574 0.110352 0.110352
0 0.315918 0.562012 0.110352 0.110352
0 0.322754 0.444336 0.110352 0.111328
0 0.319824 0.339844 0.110352 0.111328
0 0.412109 0.386719 0.109375 0.111328
0 0.414062 0.498047 0.109375 0.111328
0 0.407227 0.606445 0.097656 0.097656
0 0.414062 0.721191 0.097656 0.098633
0 0.412598 0.839355 0.110352 0.110352
0 0.505859 0.888184 0.097656 0.098633
0 0.511719 0.787109 0.097656 0.097656
0 0.500000 0.672852 0.109375 0.111328
0 0.515137 0.552734 0.122070 0.123047
0 0.514160 0.437500 0.073242 0.074219
0 0.505859 0.343262 0.097656 0.098633
0 0.599121 0.403320 0.122070 0.123047
0 0.599121 0.499512 0.110352 0.110352
0 0.595703 0.602539 0.097656 0.097656
0 0.592773 0.722656 0.109375 0.111328
0 0.596680 0.839355 0.109375 0.110352
0 0.704102 0.780273 0.109375 0.111328
0 0.690918 0.672363 0.110352 0.110352
0 0.693848 0.555176 0.110352 0.110352
0 0.698730 0.453613 0.110352 0.110352
0 0.699219 0.332520 0.109375 0.110352
0 0.791992 0.391113 0.109375 0.110352
0 0.788086 0.497559 0.109375 0.110352
0 0.791992 0.593262 0.097656 0.098633
0 0.793457 0.729980 0.110352 0.110352
0 0.790527 0.837891 0.110352 0.111328
0 0.687012 0.891602 0.110352 0.111328
0 0.884766 0.890625 0.097656 0.097656
0 0.877930 0.784668 0.109375 0.110352
0 0.883789 0.670410 0.109375 0.110352
0 0.884766 0.559082 0.109375 0.110352
0 0.877930 0.439941 0.097656 0.098633
0 0.887695 0.333496 0.097656 0.098633
0 0.791992 0.945801 0.097656 0.098633
0 0.597656 0.937500 0.109375 0.111328
0 0.409180 0.939941 0.097656 0.098633
0 0.314453 0.884277 0.097656 0.098633
1 0.222656 0.933105 0.097656 0.098633
0 0.134766 0.895996 0.097656 0.098633