0 0.154785 0.108398 0.122070 0.123047
0 0.261230 0.162109 0.122070 0.123047
0 0.344238 0.105957 0.110352 0.110352
0 0.538574 0.110352 0.122070 0.123047
0 0.627441 0.054199 0.096680 0.098633
0 0.711426 0.108887 0.122070 0.122070
0 0.816895 0.142578 0.122070 0.123047
0 0.915527 0.100586 0.122070 0.123047
0 0.913086 0.199707 0.097656 0.098633
0 0.919922 0.314941 0.097656 0.098633
0 0.909180 0.423340 0.109375 0.110352
0 0.913086 0.546387 0.097656 0.098633
0 0.918945 0.663574 0.109375 0.110352
0 0.813965 0.614258 0.122070 0.123047
0 0.812012 0.488770 0.122070 0.122070
0 0.813965 0.374512 0.122070 0.122070
0 0.817383 0.266113 0.109375 0.110352
0 0.721680 0.222168 0.109375 0.110352
0 0.715820 0.323730 0.097656 0.098633
0 0.723145 0.437500 0.122070 0.123047
0 0.722168 0.556641 0.122070 0.123047
0 0.722168 0.666016 0.122070 0.123047
0 0.612305 0.601074 0.109375 0.110352
0 0.627930 0.497559 0.109375 0.110352
0 0.622070 0.388184 0.097656 0.098633
0 0.620605 0.278809 0.110352 0.110352
0 0.625488 0.159668 0.122070 0.122070
0 0.533691 0.218750 0.122070 0.123047
0 0.527344 0.336426 0.109375 0.110352
0 0.529297 0.437012 0.097656 0.098633
0 0.521973 0.547852 0.122070 0.123047
0 0.529785 0.656250 0.122070 0.123047
0 0.428223 0.592773 0.122070 0.123047
0 0.433594 0.476562 0.097656 0.097656
0 0.432129 0.368164 0.122070 0.123047
0 0.428223 0.263672 0.122070 0.123047
0 0.435059 0.158203 0.122070 0.123047
0 0.342285 0.214844 0.122070 0.123047
0 0.338379 0.315430 0.122070 0.123047
0 0.338379 0.431641 0.122070 0.123047
0 0.336426 0.548828 0.122070 0.123047
0 0.326660 0.661133 0.122070 0.123047
0 0.246582 0.265625 0.110352 0.111328
0 0.246582 0.371094 0.110352 0.111328
1 0.240234 0.489746 0.109375 0.110352
0 0.239258 0.603027 0.109375 0.110352
0 0.148438 0.654785 0.109375 0.110352
0 0.148438 0.533691 0.109375 0.110352
0 0.155273 0.434082 0.109375 0.110352
0 0.151367 0.324219 0.109375 0.111328
0 0.155273 0.215820 0.109375 0.111328
0 0.247070 0.709473 0.109375 0.110352
0 0.155762 0.773926 0.110352 0.110352
0 0.141113 0.867676 0.110352 0.110352
0 0.232422 0.820312 0.109375 0.111328
0 0.234375 0.930176 0.109375 0.110352
0 0.342285 0.766602 0.122070 0.123047
0 0.340332 0.858398 0.122070 0.123047
0 0.430176 0.707031 0.122070 0.123047
0 0.434082 0.803711 0.122070 0.123047
0 0.430176 0.921875 0.122070 0.123047
0 0.520020 0.760742 0.122070 0.123047
0 0.611816 0.840820 0.122070 0.123047
0 0.614746 0.720703 0.122070 0.123047
0 0.528809 0.871582 0.110352 0.110352
0 0.616211 0.939941 0.109375 0.110352
0 0.719238 0.787598 0.122070 0.122070
0 0.719238 0.879883 0.122070 0.123047
0 0.895996 0.772461 0.122070 0.123047
0 0.900879 0.880371 0.122070 0.122070
0 0.806152 0.936035 0.110352 0.110352
0 0.807129 0.824707 0.110352 0.110352
0 0.819824 0.712402 0.110352 0.110352