0 0.462891 0.773438 0.048828 0.048828
0 0.099121 0.036133 0.061523 0.060547
0 0.188965 0.199219 0.061523 0.060547
0 0.391602 0.027832 0.048828 0.049805
0 0.287109 0.249023 0.060547 0.060547
0 0.291992 0.065430 0.048828 0.048828
0 0.396484 0.109375 0.048828 0.048828
0 0.382812 0.193359 0.048828 0.048828
0 0.480957 0.126953 0.036133 0.037109
0 0.366699 0.941895 0.061523 0.061523
0 0.461426 0.879395 0.061523 0.061523
0 0.881836 0.254395 0.060547 0.061523
0 0.878906 0.153809 0.048828 0.049805
0 0.952148 0.793945 0.048828 0.048828
0 0.950195 0.900391 0.048828 0.048828
0 0.573242 0.835938 0.048828 0.048828
0 0.571289 0.923828 0.048828 0.048828
0 0.673828 0.936523 0.037109 0.037109
0 0.679688 0.814453 0.037109 0.037109
0 0.962402 0.421387 0.036133 0.036133
0 0.962402 0.551270 0.024414 0.024414
0 0.956543 0.660645 0.024414 0.024414
0 0.888672 0.351074 0.037109 0.036133
0 0.891602 0.470215 0.048828 0.049805
0 0.885742 0.601562 0.037109 0.037109
0 0.887695 0.704102 0.048828 0.048828
0 0.885254 0.833984 0.036133 0.037109
0 0.798340 0.394043 0.036133 0.036133
0 0.964355 0.101562 0.036133 0.037109
0 0.884277 0.036133 0.036133 0.037109
0 0.781250 0.090820 0.037109 0.037109
0 0.683594 0.144043 0.037109 0.036133
0 0.583496 0.190918 0.036133 0.036133
0 0.562012 0.315430 0.036133 0.037109
0 0.678223 0.267090 0.036133 0.036133
0 0.796875 0.209473 0.048828 0.049805
0 0.797852 0.298340 0.037109 0.036133
0 0.965820 0.199219 0.048828 0.048828
0 0.966309 0.300781 0.036133 0.037109
0 0.096680 0.333008 0.048828 0.048828
0 0.189941 0.085938 0.036133 0.037109
0 0.297852 0.159180 0.037109 0.037109
0 0.387207 0.338867 0.024414 0.025391
0 0.468262 0.338867 0.036133 0.037109
0 0.630371 0.037598 0.036133 0.036133
0 0.189453 0.525391 0.037109 0.037109
0 0.179688 0.617676 0.037109 0.036133
0 0.188477 0.730957 0.037109 0.036133
0 0.185547 0.812988 0.037109 0.036133
0 0.183594 0.902344 0.037109 0.037109
0 0.177734 0.980469 0.037109 0.037109
0 0.278320 0.933105 0.048828 0.049805
0 0.290039 0.816895 0.048828 0.049805
0 0.294922 0.718262 0.037109 0.036133
0 0.298828 0.636719 0.037109 0.037109
0 0.309082 0.519531 0.036133 0.037109
0 0.392090 0.555664 0.036133 0.037109
0 0.396973 0.645508 0.036133 0.037109
0 0.387207 0.739258 0.036133 0.037109
0 0.378418 0.840332 0.036133 0.036133
0 0.462891 0.677734 0.037109 0.037109
0 0.462891 0.592773 0.037109 0.037109
0 0.461914 0.519531 0.037109 0.037109
0 0.092285 0.958008 0.036133 0.037109
0 0.889648 0.949219 0.048828 0.048828