0 0.149902 0.868652 0.061523 0.061523
0 0.086426 0.138184 0.122070 0.122070
0 0.089355 0.240723 0.110352 0.110352
0 0.082031 0.371582 0.097656 0.098633
0 0.080566 0.483887 0.110352 0.110352
0 0.173340 0.421875 0.084961 0.085938
0 0.176758 0.320801 0.097656 0.098633
0 0.174805 0.202637 0.097656 0.098633
0 0.179688 0.093262 0.097656 0.098633
0 0.285156 0.134277 0.097656 0.098633
0 0.275391 0.258789 0.085938 0.085938
0 0.278320 0.357910 0.097656 0.098633
0 0.274414 0.479980 0.097656 0.098633
0 0.368652 0.418945 0.122070 0.123047
0 0.365723 0.314453 0.122070 0.123047
0 0.365723 0.195312 0.122070 0.123047
0 0.362793 0.095703 0.110352 0.111328
0 0.463379 0.140625 0.122070 0.123047
0 0.464355 0.266602 0.122070 0.123047
0 0.456543 0.370605 0.110352 0.110352
0 0.457520 0.481445 0.122070 0.123047
0 0.560547 0.419434 0.109375 0.110352
0 0.566406 0.310547 0.097656 0.097656
0 0.557129 0.206055 0.122070 0.123047
0 0.558105 0.098633 0.122070 0.123047
0 0.748535 0.084473 0.110352 0.110352
0 0.659668 0.136230 0.110352 0.110352
0 0.652832 0.257812 0.122070 0.123047
0 0.648926 0.366211 0.122070 0.123047
0 0.647461 0.483887 0.109375 0.110352
0 0.754395 0.410156 0.122070 0.123047
0 0.747559 0.314453 0.122070 0.123047
0 0.750000 0.182129 0.097656 0.098633
0 0.837402 0.155273 0.122070 0.123047
0 0.839355 0.256836 0.122070 0.123047
0 0.835449 0.361328 0.122070 0.123047
0 0.831543 0.479492 0.122070 0.123047
0 0.931152 0.430664 0.122070 0.123047
0 0.931152 0.316406 0.122070 0.123047
0 0.937012 0.201660 0.122070 0.122070
0 0.937012 0.092285 0.122070 0.122070
0 0.936035 0.875977 0.110352 0.111328
0 0.922852 0.534668 0.097656 0.098633
0 0.934570 0.647949 0.097656 0.098633
0 0.926758 0.753906 0.097656 0.097656
0 0.838867 0.582520 0.097656 0.098633
0 0.841797 0.694336 0.097656 0.097656
0 0.838867 0.807617 0.109375 0.111328
0 0.844727 0.903320 0.085938 0.085938
0 0.762207 0.587891 0.122070 0.123047
0 0.750977 0.729492 0.109375 0.111328
0 0.747559 0.851562 0.122070 0.123047
0 0.646484 0.577148 0.097656 0.097656
0 0.655273 0.682617 0.097656 0.097656
0 0.649414 0.810059 0.097656 0.098633
0 0.651855 0.912598 0.110352 0.110352
0 0.560547 0.522461 0.097656 0.097656
0 0.559082 0.653809 0.110352 0.110352
0 0.555664 0.757324 0.097656 0.098633
0 0.550781 0.863770 0.097656 0.098633
0 0.458496 0.586426 0.110352 0.110352
0 0.455566 0.701660 0.110352 0.110352
0 0.455566 0.810059 0.122070 0.122070
0 0.455566 0.926270 0.122070 0.122070
0 0.362305 0.532715 0.109375 0.110352
0 0.358398 0.630371 0.097656 0.098633
0 0.369141 0.744629 0.097656 0.098633
0 0.366211 0.860840 0.097656 0.098633
0 0.263672 0.586426 0.097656 0.098633
0 0.265625 0.689941 0.097656 0.098633
0 0.270508 0.808105 0.097656 0.098633
0 0.174316 0.526855 0.084961 0.086914
0 0.064453 0.583496 0.048828 0.049805
0 0.178223 0.969727 0.036133 0.037109
0 0.062012 0.793945 0.036133 0.037109
0 0.169922 0.649414 0.037109 0.037109
0 0.074707 0.895020 0.024414 0.024414
0 0.264648 0.920898 0.037109 0.037109