0 0.579590 0.836914 0.073242 0.074219
0 0.949219 0.817871 0.048828 0.049805
0 0.863281 0.830566 0.060547 0.061523
0 0.949219 0.941895 0.060547 0.061523
0 0.867188 0.925293 0.060547 0.061523
0 0.583496 0.948242 0.073242 0.074219
0 0.406250 0.278809 0.060547 0.061523
0 0.112305 0.428711 0.085938 0.085938
0 0.308594 0.355957 0.060547 0.061523
0 0.307129 0.458008 0.073242 0.074219
0 0.211914 0.280273 0.048828 0.048828
0 0.198242 0.937012 0.048828 0.049805
0 0.404785 0.942383 0.036133 0.037109
0 0.704590 0.726074 0.061523 0.061523
0 0.690430 0.083008 0.048828 0.048828
0 0.592285 0.172363 0.061523 0.061523
0 0.500488 0.127441 0.061523 0.061523
0 0.858887 0.600098 0.061523 0.061523
0 0.784180 0.406738 0.060547 0.061523
0 0.588867 0.732422 0.048828 0.048828
0 0.692383 0.532715 0.048828 0.049805
0 0.875977 0.505371 0.060547 0.061523
0 0.789551 0.073242 0.036133 0.037109
0 0.594238 0.402832 0.061523 0.061523
0 0.871094 0.047852 0.037109 0.037109
0 0.782227 0.178711 0.048828 0.048828
0 0.690430 0.417480 0.048828 0.049805
0 0.514648 0.341309 0.048828 0.049805
0 0.407227 0.048828 0.085938 0.085938
0 0.317871 0.105469 0.122070 0.123047
0 0.214355 0.058105 0.110352 0.110352
0 0.118164 0.129395 0.085938 0.086914
0 0.111816 0.222656 0.084961 0.085938
0 0.111328 0.336426 0.097656 0.098633
0 0.973633 0.158203 0.048828 0.048828
0 0.864746 0.168945 0.036133 0.037109
0 0.876465 0.294922 0.036133 0.037109
0 0.875977 0.377930 0.048828 0.048828
0 0.781250 0.288086 0.037109 0.037109
0 0.683594 0.338867 0.048828 0.048828
0 0.686523 0.234375 0.037109 0.037109
0 0.593750 0.078125 0.048828 0.048828
0 0.588867 0.285645 0.048828 0.049805
0 0.515625 0.433105 0.048828 0.049805
0 0.511230 0.241699 0.061523 0.061523
0 0.397461 0.166504 0.048828 0.049805
0 0.312500 0.229004 0.060547 0.061523
0 0.311035 0.553711 0.024414 0.025391
0 0.412109 0.498047 0.048828 0.048828
0 0.406250 0.380371 0.048828 0.049805
0 0.589844 0.504395 0.048828 0.049805
0 0.783203 0.504395 0.048828 0.049805
0 0.957520 0.585938 0.036133 0.037109
0 0.953125 0.714355 0.048828 0.049805
0 0.867188 0.712402 0.048828 0.049805
0 0.787109 0.689941 0.048828 0.049805
0 0.781738 0.793457 0.061523 0.061523
0 0.785156 0.874023 0.048828 0.048828
0 0.787109 0.956055 0.048828 0.048828
0 0.695312 0.893555 0.048828 0.048828
0 0.700195 0.800781 0.048828 0.048828
0 0.697266 0.633301 0.048828 0.049805
0 0.584961 0.618164 0.048828 0.048828
0 0.511230 0.661621 0.024414 0.024414
0 0.516113 0.786621 0.024414 0.024414
0 0.518066 0.901367 0.024414 0.025391
0 0.401855 0.828613 0.024414 0.024414
0 0.401855 0.590332 0.024414 0.024414
0 0.099121 0.979980 0.024414 0.024414
0 0.206055 0.503906 0.048828 0.048828
0 0.208984 0.615234 0.048828 0.048828
0 0.103516 0.867676 0.037109 0.036133
0 0.108398 0.750977 0.048828 0.048828
0 0.108398 0.646484 0.048828 0.048828
0 0.115234 0.535156 0.048828 0.048828
1 0.212891 0.182617 0.048828 0.048828
0 0.214355 0.393066 0.024414 0.024414
0 0.310059 0.774902 0.024414 0.024414
0 0.193848 0.862305 0.036133 0.037109