0 0.421875 0.202148 0.048828 0.048828
0 0.037598 0.916992 0.061523 0.060547
0 0.409180 0.948730 0.060547 0.061523
0 0.132812 0.936523 0.048828 0.048828
0 0.517578 0.865723 0.060547 0.061523
0 0.232422 0.870117 0.048828 0.048828
0 0.594238 0.917480 0.061523 0.061523
0 0.240234 0.960938 0.048828 0.048828
0 0.706543 0.894043 0.061523 0.061523
0 0.321289 0.924805 0.048828 0.048828
0 0.128906 0.811523 0.048828 0.048828
0 0.798828 0.886719 0.048828 0.048828
0 0.418945 0.766113 0.060547 0.061523
0 0.325684 0.370605 0.061523 0.061523
0 0.323730 0.715332 0.061523 0.061523
0 0.327637 0.812988 0.061523 0.061523
0 0.420410 0.308105 0.061523 0.061523
0 0.610352 0.721680 0.048828 0.048828
0 0.530273 0.746094 0.048828 0.048828
0 0.420898 0.406738 0.048828 0.049805
0 0.419922 0.507324 0.048828 0.049805
0 0.048828 0.791992 0.048828 0.048828
0 0.714844 0.716797 0.048828 0.048828
0 0.616211 0.588867 0.048828 0.048828
0 0.710938 0.799805 0.048828 0.048828
0 0.794922 0.798828 0.048828 0.048828
0 0.716797 0.620117 0.037109 0.037109
0 0.607422 0.823242 0.048828 0.048828
0 0.533203 0.630859 0.037109 0.037109
0 0.132812 0.606934 0.048828 0.049805
0 0.132812 0.706055 0.048828 0.048828
0 0.040039 0.597656 0.037109 0.037109
0 0.047852 0.702148 0.048828 0.048828
0 0.911133 0.222656 0.048828 0.048828
0 0.909180 0.329102 0.048828 0.048828
0 0.902344 0.425781 0.037109 0.037109
0 0.903320 0.514648 0.037109 0.037109
0 0.532227 0.264648 0.048828 0.048828
0 0.530273 0.352539 0.048828 0.048828
0 0.534668 0.456543 0.036133 0.036133
0 0.528320 0.538574 0.048828 0.049805
0 0.623047 0.475586 0.037109 0.037109
0 0.685059 0.438477 0.036133 0.037109
0 0.632812 0.365234 0.037109 0.037109
0 0.638672 0.243164 0.037109 0.037109
0 0.915527 0.089355 0.024414 0.024414
0 0.844727 0.030273 0.037109 0.037109
0 0.846680 0.132812 0.048828 0.048828
0 0.844238 0.262695 0.036133 0.037109
0 0.138672 0.046387 0.037109 0.036133
0 0.147461 0.159668 0.037109 0.036133
0 0.144531 0.241699 0.037109 0.036133
0 0.142578 0.331055 0.037109 0.037109
0 0.136719 0.409180 0.037109 0.037109
0 0.237305 0.361816 0.048828 0.049805
0 0.249023 0.245605 0.048828 0.049805
0 0.253906 0.146973 0.037109 0.036133
0 0.257812 0.065430 0.037109 0.037109
0 0.355957 0.074219 0.036133 0.037109
0 0.346191 0.167969 0.036133 0.037109
0 0.337402 0.269043 0.036133 0.036133
0 0.421875 0.106445 0.037109 0.037109
0 0.421875 0.021484 0.037109 0.037109
0 0.051270 0.386719 0.036133 0.037109
0 0.327637 0.477539 0.036133 0.037109
0 0.234375 0.471680 0.037109 0.037109
0 0.133301 0.502930 0.036133 0.037109
0 0.043457 0.500977 0.036133 0.037109
0 0.848633 0.377930 0.048828 0.048828