0 0.705566 0.065430 0.084961 0.085938
0 0.788574 0.232910 0.073242 0.073242
0 0.500488 0.721680 0.073242 0.074219
0 0.330566 0.172852 0.122070 0.123047
0 0.330566 0.282227 0.122070 0.123047
0 0.324707 0.389648 0.122070 0.123047
0 0.314941 0.484863 0.122070 0.122070
0 0.318848 0.597656 0.122070 0.123047
0 0.228027 0.664062 0.084961 0.085938
0 0.230957 0.549805 0.122070 0.123047
0 0.227051 0.448242 0.122070 0.123047
0 0.230957 0.320801 0.122070 0.122070
0 0.233887 0.220703 0.122070 0.123047
0 0.238770 0.115234 0.122070 0.123047
0 0.149902 0.164551 0.122070 0.122070
0 0.138184 0.280273 0.122070 0.123047
0 0.134277 0.382812 0.122070 0.123047
0 0.131348 0.497559 0.110352 0.110352
0 0.136230 0.598145 0.110352 0.110352
0 0.132324 0.708008 0.122070 0.123047
0 0.044434 0.530273 0.084961 0.085938
0 0.052246 0.330078 0.084961 0.085938
0 0.052734 0.214844 0.085938 0.085938
0 0.059082 0.094727 0.084961 0.085938
0 0.128418 0.823242 0.084961 0.085938
0 0.231445 0.873535 0.097656 0.098633
0 0.320801 0.832520 0.110352 0.110352
0 0.313965 0.927246 0.110352 0.110352
0 0.414062 0.868652 0.097656 0.098633
0 0.515625 0.936523 0.109375 0.111328
0 0.413574 0.117188 0.122070 0.123047
0 0.419922 0.220703 0.085938 0.085938
0 0.413574 0.337891 0.122070 0.123047
0 0.410645 0.442383 0.122070 0.123047
0 0.411621 0.548828 0.122070 0.123047
0 0.503418 0.504883 0.122070 0.123047
0 0.511230 0.614258 0.122070 0.123047
0 0.506348 0.382324 0.122070 0.122070
0 0.511230 0.282227 0.122070 0.123047
0 0.508301 0.168945 0.122070 0.123047
0 0.517090 0.057129 0.084961 0.086914
0 0.623047 0.117188 0.085938 0.085938
0 0.611328 0.226562 0.085938 0.085938
0 0.615234 0.340820 0.085938 0.085938
0 0.613770 0.457031 0.084961 0.085938
1 0.608398 0.555176 0.060547 0.061523
0 0.601562 0.673828 0.097656 0.097656
0 0.686035 0.590820 0.122070 0.123047
0 0.692383 0.500977 0.109375 0.111328
1 0.699219 0.387695 0.085938 0.085938
0 0.704102 0.265625 0.097656 0.097656
0 0.700684 0.144531 0.084961 0.085938
0 0.789551 0.125977 0.084961 0.085938
0 0.875977 0.375977 0.048828 0.048828
0 0.783203 0.346680 0.085938 0.085938
0 0.789551 0.450195 0.122070 0.123047
0 0.786621 0.563477 0.122070 0.123047
0 0.786133 0.670410 0.097656 0.098633
0 0.876953 0.616699 0.097656 0.098633
0 0.879395 0.504883 0.122070 0.123047
0 0.895508 0.070801 0.097656 0.098633
0 0.593750 0.787109 0.097656 0.097656
0 0.598633 0.884766 0.097656 0.097656
0 0.693359 0.835449 0.097656 0.098633
0 0.687012 0.723633 0.122070 0.123047
0 0.785156 0.791016 0.097656 0.097656
0 0.785156 0.890137 0.097656 0.098633
0 0.870117 0.945801 0.097656 0.098633
0 0.876465 0.839355 0.122070 0.122070
0 0.875977 0.729980 0.097656 0.098633
0 0.881348 0.272461 0.084961 0.085938