0 0.196289 0.462402 0.048828 0.049805
0 0.291016 0.540527 0.048828 0.049805
0 0.188477 0.693848 0.048828 0.049805
0 0.083008 0.530762 0.037109 0.036133
0 0.289551 0.635254 0.036133 0.036133
0 0.078613 0.963867 0.061523 0.060547
0 0.281250 0.792480 0.048828 0.049805
0 0.181641 0.830078 0.048828 0.048828
0 0.286133 0.874023 0.048828 0.048828
0 0.272461 0.958008 0.048828 0.048828
0 0.370605 0.891602 0.036133 0.037109
0 0.745605 0.699707 0.061523 0.061523
0 0.579102 0.137207 0.097656 0.098633
0 0.476562 0.204590 0.097656 0.098633
0 0.490234 0.085938 0.085938 0.085938
0 0.382812 0.143066 0.097656 0.098633
0 0.390137 0.249512 0.084961 0.086914
0 0.294434 0.092285 0.110352 0.110352
0 0.191406 0.143066 0.109375 0.110352
0 0.095703 0.087402 0.097656 0.098633
0 0.094727 0.198242 0.048828 0.048828
0 0.685059 0.071777 0.110352 0.110352
0 0.677734 0.202637 0.097656 0.098633
0 0.575195 0.251953 0.085938 0.085938
0 0.676270 0.314941 0.110352 0.110352
0 0.769043 0.252930 0.084961 0.085938
0 0.772461 0.151855 0.097656 0.098633
0 0.871094 0.089844 0.085938 0.085938
0 0.874023 0.188965 0.097656 0.098633
0 0.870117 0.311035 0.097656 0.098633
0 0.859375 0.417480 0.097656 0.098633
0 0.861328 0.520996 0.097656 0.098633
0 0.866211 0.639160 0.097656 0.098633
0 0.770020 0.357910 0.084961 0.086914
0 0.660156 0.414551 0.048828 0.049805
0 0.579102 0.372559 0.097656 0.098633
0 0.768555 0.918457 0.048828 0.049805
0 0.854004 0.866211 0.036133 0.037109
0 0.773926 0.800781 0.036133 0.037109
0 0.670898 0.855469 0.037109 0.037109
0 0.573242 0.908691 0.037109 0.036133
0 0.473145 0.955566 0.036133 0.036133
0 0.686523 0.974121 0.048828 0.049805
0 0.855469 0.963867 0.048828 0.048828
0 0.079102 0.739258 0.037109 0.037109
0 0.201172 0.568848 0.048828 0.049805
0 0.392090 0.706543 0.036133 0.036133
0 0.458984 0.541992 0.037109 0.037109
0 0.607422 0.499023 0.037109 0.037109
0 0.657715 0.625000 0.036133 0.037109
0 0.765625 0.480469 0.037109 0.037109
0 0.576172 0.684570 0.037109 0.037109
0 0.670410 0.726074 0.024414 0.024414
0 0.361816 0.586914 0.036133 0.037109
0 0.079590 0.850586 0.036133 0.037109
0 0.187500 0.923828 0.037109 0.037109
0 0.520020 0.802246 0.036133 0.036133
0 0.860352 0.751953 0.037109 0.037109
0 0.484375 0.313477 0.097656 0.097656