0 0.062988 0.389648 0.073242 0.074219
0 0.349609 0.869629 0.048828 0.049805
0 0.444336 0.947754 0.048828 0.049805
0 0.236328 0.937988 0.037109 0.036133
0 0.064941 0.145020 0.110352 0.110352
0 0.166016 0.107910 0.097656 0.098633
0 0.253906 0.058105 0.097656 0.098633
0 0.348145 0.112793 0.110352 0.110352
0 0.447266 0.056641 0.109375 0.111328
0 0.450684 0.163086 0.122070 0.123047
0 0.549805 0.104492 0.097656 0.097656
0 0.637695 0.059570 0.097656 0.097656
0 0.639648 0.171875 0.109375 0.111328
0 0.729004 0.105469 0.122070 0.123047
0 0.843262 0.156250 0.122070 0.123047
0 0.732422 0.227539 0.097656 0.097656
0 0.740234 0.333008 0.097656 0.097656
0 0.728516 0.456055 0.097656 0.097656
0 0.732422 0.544434 0.097656 0.098633
0 0.629883 0.611816 0.097656 0.098633
0 0.643555 0.493164 0.085938 0.085938
0 0.636719 0.387695 0.085938 0.085938
0 0.641602 0.276367 0.097656 0.097656
0 0.541016 0.222656 0.097656 0.097656
0 0.542969 0.342285 0.097656 0.098633
0 0.542969 0.434082 0.097656 0.098633
0 0.536133 0.550293 0.097656 0.098633
0 0.543457 0.656738 0.084961 0.086914
0 0.447754 0.499512 0.110352 0.110352
0 0.446289 0.381348 0.097656 0.098633
0 0.445801 0.274902 0.110352 0.110352
0 0.352539 0.221191 0.097656 0.098633
0 0.345703 0.315918 0.097656 0.098633
0 0.348633 0.444824 0.109375 0.110352
0 0.344727 0.550293 0.109375 0.110352
0 0.249023 0.494629 0.097656 0.098633
0 0.255859 0.385254 0.097656 0.098633
0 0.264648 0.253418 0.097656 0.098633
0 0.251953 0.167480 0.097656 0.098633
0 0.158203 0.207520 0.097656 0.098633
0 0.158203 0.336426 0.097656 0.098633
0 0.162109 0.430176 0.097656 0.098633
0 0.154297 0.546875 0.097656 0.097656
0 0.048340 0.596680 0.084961 0.085938
0 0.054199 0.498047 0.084961 0.085938
0 0.062500 0.263184 0.097656 0.098633
0 0.248047 0.605469 0.048828 0.048828
0 0.146484 0.668945 0.048828 0.048828
0 0.936035 0.108887 0.122070 0.122070
0 0.840332 0.262695 0.122070 0.123047
0 0.835449 0.376465 0.122070 0.122070
0 0.838379 0.479004 0.110352 0.110352
0 0.831055 0.609863 0.097656 0.098633
0 0.728516 0.659180 0.085938 0.085938
0 0.829590 0.722168 0.110352 0.110352
0 0.922363 0.660156 0.084961 0.085938
0 0.925781 0.559082 0.097656 0.098633
0 0.923828 0.440918 0.097656 0.098633
0 0.928711 0.331543 0.097656 0.098633
0 0.929199 0.228516 0.122070 0.123047
0 0.923340 0.765137 0.084961 0.086914
0 0.813477 0.821777 0.048828 0.049805
0 0.732422 0.779785 0.097656 0.098633
0 0.612305 0.949219 0.037109 0.037109
0 0.760742 0.906250 0.037109 0.037109
0 0.918945 0.887695 0.037109 0.037109
0 0.637695 0.720703 0.097656 0.097656