0 0.722656 0.178711 0.085938 0.085938
0 0.918945 0.105957 0.060547 0.061523
0 0.917480 0.208008 0.073242 0.074219
0 0.822266 0.030273 0.048828 0.048828
0 0.593750 0.560059 0.048828 0.049805
0 0.916016 0.846191 0.048828 0.049805
0 0.804688 0.889160 0.060547 0.061523
0 0.913086 0.944824 0.048828 0.049805
0 0.808594 0.809082 0.060547 0.061523
0 0.913086 0.748047 0.037109 0.037109
0 0.808594 0.687012 0.048828 0.049805
0 0.721680 0.086426 0.097656 0.098633
0 0.616211 0.128906 0.085938 0.085938
0 0.348633 0.083496 0.060547 0.061523
0 0.921387 0.303711 0.024414 0.025391
0 0.418945 0.623047 0.048828 0.048828
0 0.416992 0.729492 0.048828 0.048828
0 0.410156 0.826172 0.037109 0.037109
0 0.411133 0.915039 0.037109 0.037109
0 0.503906 0.664062 0.048828 0.048828
0 0.505859 0.777832 0.060547 0.061523
0 0.496094 0.898438 0.037109 0.037109
0 0.570801 0.795410 0.061523 0.061523
0 0.562500 0.894531 0.048828 0.048828
0 0.709473 0.729980 0.024414 0.024414
0 0.709473 0.836914 0.036133 0.037109
0 0.040039 0.665039 0.048828 0.048828
0 0.038086 0.752930 0.048828 0.048828
0 0.042480 0.856934 0.036133 0.036133
0 0.036133 0.938965 0.048828 0.049805
0 0.130859 0.875977 0.037109 0.037109
0 0.192871 0.838867 0.036133 0.037109
0 0.140625 0.765625 0.037109 0.037109
0 0.146484 0.643555 0.037109 0.037109
0 0.816406 0.253906 0.048828 0.048828
0 0.819336 0.365234 0.048828 0.048828
0 0.713867 0.617676 0.037109 0.036133
0 0.718750 0.500977 0.048828 0.048828
0 0.718750 0.396484 0.048828 0.048828
0 0.725586 0.285156 0.048828 0.048828
0 0.607422 0.250488 0.023438 0.024414
0 0.601562 0.353516 0.048828 0.048828
0 0.590820 0.466309 0.037109 0.036133
0 0.522461 0.197266 0.048828 0.048828
0 0.521973 0.312988 0.024414 0.024414
0 0.515137 0.439941 0.024414 0.024414
0 0.508789 0.554199 0.048828 0.049805
0 0.429199 0.250488 0.036133 0.036133
0 0.429199 0.380371 0.024414 0.024414
0 0.423340 0.489746 0.024414 0.024414
0 0.355469 0.180176 0.037109 0.036133
0 0.358398 0.299316 0.048828 0.049805
0 0.352539 0.430664 0.037109 0.037109
0 0.354492 0.533203 0.048828 0.048828
0 0.352051 0.663086 0.036133 0.037109
0 0.265137 0.223145 0.036133 0.036133
0 0.824707 0.143066 0.024414 0.024414
0 0.050293 0.020020 0.036133 0.036133
0 0.028809 0.144531 0.036133 0.037109
0 0.145020 0.096191 0.036133 0.036133
0 0.263672 0.038574 0.048828 0.049805
0 0.264648 0.127441 0.037109 0.036133
0 0.525391 0.090820 0.048828 0.048828
0 0.432617 0.028320 0.048828 0.048828
0 0.433105 0.129883 0.036133 0.037109
0 0.356445 0.778320 0.048828 0.048828
0 0.920410 0.524902 0.024414 0.024414
0 0.804199 0.612305 0.036133 0.037109