0 0.239746 0.186035 0.061523 0.061523
0 0.933594 0.450684 0.060547 0.061523
0 0.639648 0.600586 0.085938 0.085938
0 0.835938 0.527832 0.060547 0.061523
0 0.834473 0.629883 0.073242 0.074219
0 0.739258 0.452148 0.048828 0.048828
0 0.928711 0.125000 0.109375 0.111328
0 0.934570 0.220703 0.085938 0.085938
0 0.837402 0.168945 0.122070 0.123047
0 0.845215 0.277344 0.122070 0.123047
0 0.739258 0.127441 0.097656 0.098633
0 0.741699 0.229980 0.110352 0.110352
0 0.645508 0.074707 0.097656 0.098633
0 0.640625 0.181152 0.097656 0.098633
0 0.645508 0.301270 0.085938 0.086914
0 0.545410 0.127441 0.122070 0.122070
0 0.545410 0.243652 0.122070 0.122070
0 0.458984 0.062012 0.097656 0.098633
0 0.456055 0.178223 0.097656 0.098633
0 0.453125 0.303223 0.097656 0.098633
0 0.360352 0.125488 0.097656 0.098633
0 0.639160 0.394531 0.084961 0.085938
0 0.638672 0.508301 0.097656 0.098633
0 0.533203 0.550781 0.085938 0.085938
0 0.544922 0.460938 0.085938 0.085938
0 0.551758 0.350586 0.085938 0.085938
0 0.460938 0.402832 0.097656 0.098633
0 0.265625 0.505371 0.060547 0.061523
0 0.262695 0.404785 0.048828 0.049805
0 0.924805 0.338379 0.048828 0.049805
0 0.839844 0.400879 0.060547 0.061523
0 0.838379 0.725586 0.024414 0.025391
0 0.939453 0.669922 0.048828 0.048828
0 0.933594 0.552246 0.048828 0.049805
0 0.929199 0.762207 0.024414 0.024414
0 0.733398 0.675781 0.048828 0.048828
0 0.736328 0.787109 0.048828 0.048828
0 0.635742 0.922852 0.048828 0.048828
0 0.635742 0.818359 0.048828 0.048828
0 0.642578 0.707031 0.048828 0.048828
0 0.524414 0.672363 0.023438 0.024414
0 0.518555 0.775391 0.048828 0.048828
0 0.507812 0.888184 0.037109 0.036133
0 0.439453 0.619141 0.048828 0.048828
0 0.438965 0.734863 0.024414 0.024414
0 0.432129 0.861816 0.024414 0.024414
0 0.346191 0.672363 0.036133 0.036133
0 0.346191 0.802246 0.024414 0.024414
0 0.340332 0.911621 0.024414 0.024414
0 0.272461 0.602051 0.037109 0.036133
0 0.275391 0.721191 0.048828 0.049805
0 0.269531 0.852539 0.037109 0.037109
0 0.271484 0.955078 0.048828 0.048828
0 0.182129 0.645020 0.036133 0.036133
1 0.740234 0.354492 0.048828 0.048828
0 0.741699 0.564941 0.024414 0.024414
0 0.348145 0.352539 0.036133 0.037109
0 0.268066 0.287109 0.036133 0.037109
0 0.165039 0.341797 0.037109 0.037109
0 0.067383 0.395020 0.037109 0.036133
0 0.062012 0.518066 0.036133 0.036133
0 0.180664 0.460449 0.048828 0.049805
0 0.181641 0.549316 0.037109 0.036133
0 0.442383 0.512695 0.048828 0.048828
0 0.349609 0.450195 0.048828 0.048828
0 0.350098 0.551758 0.036133 0.037109
0 0.151855 0.111328 0.036133 0.037109
0 0.070312 0.170898 0.037109 0.037109
0 0.164551 0.212402 0.024414 0.024414
0 0.354492 0.238281 0.037109 0.037109
0 0.837402 0.946777 0.024414 0.024414