0 0.563965 0.913574 0.061523 0.061523
0 0.573730 0.817871 0.061523 0.061523
0 0.749023 0.956543 0.060547 0.061523
0 0.850098 0.889160 0.061523 0.061523
0 0.938477 0.933105 0.060547 0.061523
0 0.855469 0.111816 0.097656 0.098633
0 0.761719 0.172852 0.097656 0.097656
0 0.682129 0.120117 0.036133 0.037109
0 0.762695 0.055664 0.085938 0.085938
0 0.490723 0.110352 0.122070 0.123047
0 0.489746 0.204102 0.122070 0.123047
0 0.394043 0.168457 0.110352 0.110352
0 0.308105 0.109863 0.110352 0.110352
0 0.296875 0.202637 0.097656 0.098633
1 0.207520 0.157715 0.122070 0.122070
0 0.200684 0.063477 0.122070 0.123047
0 0.111816 0.101074 0.122070 0.122070
0 0.111328 0.202637 0.097656 0.098633
0 0.843262 0.229492 0.122070 0.123047
0 0.755371 0.291992 0.073242 0.074219
0 0.850586 0.330566 0.109375 0.110352
0 0.393066 0.293945 0.122070 0.123047
0 0.302246 0.329102 0.122070 0.123047
0 0.484863 0.331055 0.122070 0.123047
0 0.111816 0.321289 0.122070 0.123047
0 0.114746 0.436523 0.122070 0.123047
0 0.110840 0.546387 0.122070 0.122070
0 0.110840 0.657227 0.122070 0.123047
0 0.109863 0.770508 0.122070 0.123047
0 0.203613 0.737793 0.122070 0.122070
0 0.215820 0.619629 0.097656 0.098633
0 0.205566 0.516602 0.122070 0.123047
0 0.212402 0.387695 0.122070 0.123047
0 0.217285 0.262695 0.122070 0.123047
0 0.299316 0.449219 0.122070 0.123047
0 0.293457 0.549805 0.122070 0.123047
0 0.301270 0.668945 0.122070 0.123047
0 0.386230 0.718750 0.122070 0.123047
0 0.394043 0.607422 0.122070 0.123047
0 0.389160 0.489258 0.122070 0.123047
0 0.392578 0.386719 0.097656 0.097656
0 0.488770 0.428711 0.122070 0.123047
0 0.484863 0.570312 0.122070 0.123047
0 0.483398 0.670410 0.097656 0.098633
0 0.495605 0.785156 0.122070 0.123047
0 0.292480 0.758301 0.084961 0.086914
0 0.850098 0.429688 0.084961 0.085938
0 0.836426 0.541992 0.122070 0.123047
0 0.844727 0.665527 0.097656 0.098633
0 0.943359 0.385254 0.109375 0.110352
0 0.945312 0.497559 0.097656 0.098633
0 0.938965 0.714355 0.110352 0.110352
0 0.944824 0.823242 0.084961 0.085938
0 0.488281 0.883301 0.109375 0.110352
0 0.394531 0.819824 0.109375 0.110352
0 0.394043 0.922363 0.110352 0.110352
0 0.294922 0.879395 0.097656 0.098633
0 0.196289 0.878418 0.097656 0.098633
0 0.108398 0.881348 0.097656 0.098633
0 0.849609 0.766113 0.037109 0.036133
0 0.747559 0.747070 0.036133 0.037109
0 0.771973 0.887207 0.024414 0.024414
0 0.664062 0.868164 0.037109 0.037109
0 0.667969 0.772461 0.037109 0.037109
0 0.668945 0.656250 0.037109 0.037109