0 0.381836 0.909668 0.048828 0.049805
0 0.210938 0.694824 0.060547 0.061523
0 0.208984 0.922363 0.048828 0.049805
0 0.104004 0.751465 0.073242 0.073242
0 0.291504 0.859863 0.061523 0.061523
0 0.297852 0.641602 0.048828 0.048828
0 0.103516 0.967773 0.048828 0.048828
0 0.119629 0.099121 0.110352 0.110352
0 0.104980 0.192871 0.110352 0.110352
0 0.097656 0.312012 0.097656 0.098633
0 0.099609 0.426270 0.097656 0.098633
0 0.097656 0.536621 0.097656 0.098633
0 0.196289 0.145508 0.109375 0.111328
0 0.198242 0.255371 0.109375 0.110352
0 0.205566 0.370117 0.122070 0.123047
0 0.216309 0.476074 0.110352 0.110352
0 0.306152 0.091797 0.122070 0.123047
0 0.304199 0.183594 0.122070 0.123047
0 0.299316 0.315430 0.122070 0.123047
0 0.299316 0.427734 0.122070 0.123047
0 0.397949 0.128906 0.122070 0.123047
0 0.394043 0.247070 0.122070 0.123047
0 0.384277 0.357422 0.122070 0.123047
0 0.390625 0.476074 0.109375 0.110352
0 0.481934 0.526855 0.110352 0.110352
0 0.478027 0.411133 0.110352 0.111328
0 0.489746 0.306641 0.110352 0.111328
0 0.483887 0.085938 0.122070 0.123047
0 0.575684 0.166016 0.122070 0.123047
0 0.492676 0.196777 0.110352 0.110352
0 0.580078 0.265137 0.109375 0.110352
0 0.580566 0.380859 0.122070 0.123047
0 0.588379 0.471680 0.110352 0.111328
0 0.683105 0.112793 0.122070 0.122070
0 0.683105 0.205078 0.122070 0.123047
0 0.682129 0.310547 0.122070 0.123047
0 0.669922 0.417480 0.109375 0.110352
0 0.678223 0.513672 0.122070 0.123047
0 0.859863 0.097656 0.122070 0.123047
0 0.864746 0.205566 0.122070 0.122070
0 0.770020 0.261230 0.110352 0.110352
0 0.770996 0.149902 0.110352 0.110352
0 0.854004 0.320801 0.122070 0.122070
0 0.774902 0.401367 0.122070 0.123047
0 0.778809 0.502930 0.122070 0.123047
0 0.873535 0.402832 0.110352 0.110352
0 0.863770 0.653320 0.122070 0.123047
0 0.862305 0.740723 0.097656 0.098633
0 0.860352 0.852539 0.097656 0.097656
0 0.760254 0.705078 0.122070 0.123047
0 0.675293 0.737305 0.110352 0.111328
0 0.581543 0.788086 0.122070 0.123047
0 0.478516 0.853027 0.109375 0.110352
0 0.572266 0.895996 0.097656 0.098633
0 0.668945 0.845703 0.097656 0.097656
0 0.769043 0.908203 0.122070 0.123047
0 0.381836 0.785156 0.048828 0.048828
0 0.384766 0.580078 0.048828 0.048828
0 0.380859 0.688477 0.048828 0.048828
0 0.299805 0.748535 0.048828 0.049805
0 0.219238 0.788574 0.024414 0.024414
0 0.205078 0.594727 0.048828 0.048828
0 0.305664 0.527344 0.048828 0.048828
0 0.103516 0.641113 0.037109 0.036133
0 0.105469 0.860352 0.037109 0.037109
0 0.294922 0.970703 0.048828 0.048828