0 0.222656 0.320312 0.048828 0.048828
0 0.219727 0.884277 0.060547 0.061523
0 0.126465 0.488770 0.061523 0.061523
0 0.124512 0.833496 0.061523 0.061523
0 0.128418 0.931152 0.061523 0.061523
0 0.221191 0.426270 0.061523 0.061523
0 0.411133 0.839844 0.048828 0.048828
0 0.331055 0.864258 0.048828 0.048828
0 0.221680 0.524902 0.048828 0.049805
0 0.220703 0.625488 0.048828 0.049805
0 0.515625 0.834961 0.048828 0.048828
0 0.416992 0.707031 0.048828 0.048828
0 0.511719 0.917969 0.048828 0.048828
0 0.595703 0.916992 0.048828 0.048828
0 0.886719 0.277832 0.048828 0.049805
0 0.517578 0.738281 0.037109 0.037109
0 0.408203 0.941406 0.048828 0.048828
0 0.333984 0.749023 0.037109 0.037109
0 0.711914 0.340820 0.048828 0.048828
0 0.709961 0.447266 0.048828 0.048828
0 0.703125 0.543945 0.037109 0.037109
0 0.704102 0.632812 0.037109 0.037109
0 0.796875 0.381836 0.048828 0.048828
0 0.798828 0.495605 0.060547 0.061523
0 0.789062 0.616211 0.037109 0.037109
0 0.863770 0.513184 0.061523 0.061523
0 0.855469 0.612305 0.048828 0.048828
0 0.333008 0.382812 0.048828 0.048828
0 0.331055 0.470703 0.048828 0.048828
0 0.335449 0.574707 0.036133 0.036133
0 0.329102 0.656738 0.048828 0.049805
0 0.423828 0.593750 0.037109 0.037109
0 0.485840 0.556641 0.036133 0.037109
0 0.433594 0.483398 0.037109 0.037109
0 0.439453 0.361328 0.037109 0.037109
0 0.894531 0.071289 0.048828 0.048828
0 0.883789 0.184082 0.037109 0.036133
0 0.814941 0.030762 0.024414 0.024414
0 0.808105 0.157715 0.024414 0.024414
0 0.801758 0.271973 0.048828 0.049805
0 0.722168 0.098145 0.024414 0.024414
0 0.716309 0.207520 0.024414 0.024414
0 0.645508 0.148438 0.037109 0.037109
0 0.647461 0.250977 0.048828 0.048828
0 0.645020 0.380859 0.036133 0.037109
0 0.038086 0.479980 0.048828 0.049805
0 0.049805 0.363770 0.048828 0.049805
0 0.054688 0.265137 0.037109 0.036133
0 0.058594 0.183594 0.037109 0.037109
0 0.068848 0.066406 0.036133 0.037109
0 0.151855 0.102539 0.036133 0.037109
0 0.156738 0.192383 0.036133 0.037109
0 0.146973 0.286133 0.036133 0.037109
0 0.138184 0.387207 0.036133 0.036133
0 0.222656 0.224609 0.037109 0.037109
0 0.222656 0.139648 0.037109 0.037109
0 0.221680 0.066406 0.037109 0.037109
0 0.128418 0.595703 0.036133 0.037109
0 0.035156 0.589844 0.037109 0.037109
0 0.649414 0.496094 0.048828 0.048828