0 0.160156 0.913574 0.048828 0.049805
0 0.064453 0.102051 0.097656 0.098633
0 0.158691 0.156738 0.110352 0.110352
0 0.257812 0.100586 0.109375 0.111328
0 0.261230 0.207031 0.122070 0.123047
0 0.360352 0.148438 0.097656 0.097656
0 0.448242 0.103516 0.097656 0.097656
0 0.450195 0.215820 0.109375 0.111328
0 0.539551 0.149414 0.122070 0.123047
0 0.653809 0.091797 0.122070 0.123047
0 0.653809 0.200195 0.122070 0.123047
0 0.542969 0.271484 0.097656 0.097656
0 0.550781 0.376953 0.097656 0.097656
0 0.539062 0.500000 0.097656 0.097656
0 0.542969 0.588379 0.097656 0.098633
0 0.440430 0.655762 0.097656 0.098633
0 0.454102 0.537109 0.085938 0.085938
0 0.447266 0.431641 0.085938 0.085938
0 0.452148 0.320312 0.097656 0.097656
0 0.351562 0.266602 0.097656 0.097656
0 0.353516 0.386230 0.097656 0.098633
0 0.353516 0.478027 0.097656 0.098633
0 0.346680 0.594238 0.097656 0.098633
0 0.354004 0.700684 0.084961 0.086914
0 0.258301 0.543457 0.110352 0.110352
0 0.256836 0.425293 0.097656 0.098633
0 0.256348 0.318848 0.110352 0.110352
0 0.163086 0.265137 0.097656 0.098633
0 0.156250 0.359863 0.097656 0.098633
0 0.159180 0.488770 0.109375 0.110352
0 0.155273 0.594238 0.109375 0.110352
0 0.059570 0.538574 0.097656 0.098633
0 0.066406 0.429199 0.097656 0.098633
0 0.075195 0.297363 0.097656 0.098633
0 0.062500 0.211426 0.097656 0.098633
0 0.058594 0.649414 0.048828 0.048828
0 0.746582 0.152832 0.122070 0.122070
0 0.835449 0.091309 0.110352 0.110352
0 0.931152 0.161133 0.122070 0.123047
0 0.650879 0.306641 0.122070 0.123047
0 0.645996 0.420410 0.122070 0.122070
0 0.648926 0.522949 0.110352 0.110352
0 0.641602 0.653809 0.097656 0.098633
0 0.539062 0.703125 0.085938 0.085938
0 0.640137 0.766113 0.110352 0.110352
0 0.732910 0.704102 0.084961 0.085938
0 0.736328 0.603027 0.097656 0.098633
0 0.734375 0.484863 0.097656 0.098633
0 0.739258 0.375488 0.097656 0.098633
0 0.739746 0.272461 0.122070 0.123047
0 0.835449 0.201172 0.096680 0.097656
0 0.826172 0.311523 0.097656 0.097656
0 0.844727 0.416504 0.097656 0.098633
0 0.834961 0.541016 0.085938 0.085938
0 0.837891 0.640137 0.097656 0.098633
0 0.833984 0.762207 0.097656 0.098633
0 0.928223 0.701172 0.122070 0.123047
0 0.925293 0.596680 0.122070 0.123047
0 0.925293 0.477539 0.122070 0.123047
0 0.922363 0.377930 0.110352 0.111328
0 0.927246 0.262695 0.122070 0.123047
0 0.921875 0.814941 0.109375 0.110352
0 0.917969 0.912598 0.097656 0.098633
0 0.823242 0.868652 0.097656 0.098633
0 0.733887 0.809082 0.084961 0.086914
0 0.624023 0.865723 0.048828 0.049805
0 0.542969 0.823730 0.097656 0.098633
0 0.571289 0.950195 0.037109 0.037109
0 0.729492 0.931641 0.037109 0.037109
0 0.448242 0.764648 0.097656 0.097656