0 0.365723 0.895508 0.073242 0.074219
0 0.735352 0.876465 0.048828 0.049805
0 0.649414 0.889160 0.060547 0.061523
0 0.823730 0.942871 0.061523 0.061523
0 0.192383 0.337402 0.060547 0.061523
0 0.094727 0.414551 0.060547 0.061523
0 0.093262 0.516602 0.073242 0.074219
0 0.490723 0.784668 0.061523 0.061523
0 0.476562 0.141602 0.048828 0.048828
0 0.378418 0.230957 0.061523 0.061523
0 0.286621 0.186035 0.061523 0.061523
0 0.645020 0.658691 0.061523 0.061523
0 0.570312 0.465332 0.060547 0.061523
0 0.375000 0.791016 0.048828 0.048828
0 0.478516 0.591309 0.048828 0.049805
0 0.662109 0.563965 0.060547 0.061523
0 0.937012 0.312012 0.061523 0.061523
0 0.845703 0.176758 0.037109 0.037109
0 0.575684 0.131836 0.036133 0.037109
0 0.830566 0.822754 0.061523 0.061523
0 0.380371 0.461426 0.061523 0.061523
0 0.935547 0.212402 0.048828 0.049805
0 0.657227 0.106445 0.037109 0.037109
0 0.568359 0.237305 0.048828 0.048828
0 0.476562 0.476074 0.048828 0.049805
0 0.933105 0.438965 0.061523 0.061523
0 0.929688 0.531250 0.048828 0.048828
0 0.300781 0.399902 0.048828 0.049805
0 0.937988 0.116699 0.061523 0.061523
0 0.468750 0.062012 0.109375 0.110352
0 0.284668 0.080078 0.110352 0.111328
0 0.193359 0.107422 0.085938 0.085938
0 0.104004 0.164062 0.122070 0.123047
0 0.840332 0.051270 0.036133 0.036133
0 0.838867 0.275391 0.037109 0.037109
0 0.836914 0.391602 0.037109 0.037109
0 0.838867 0.496094 0.037109 0.037109
0 0.834961 0.593750 0.037109 0.037109
0 0.759766 0.216797 0.048828 0.048828
0 0.650879 0.227539 0.036133 0.037109
0 0.662598 0.353516 0.036133 0.037109
0 0.662109 0.436523 0.048828 0.048828
0 0.755859 0.329590 0.060547 0.061523
0 0.567383 0.346680 0.037109 0.037109
0 0.469727 0.397461 0.048828 0.048828
0 0.472656 0.292969 0.037109 0.037109
0 0.379883 0.136719 0.048828 0.048828
0 0.375000 0.344238 0.048828 0.049805
0 0.301758 0.491699 0.048828 0.049805
0 0.297363 0.300293 0.061523 0.061523
0 0.183594 0.225098 0.048828 0.049805
0 0.098633 0.287598 0.060547 0.061523
0 0.097168 0.612305 0.024414 0.025391
0 0.198242 0.556641 0.048828 0.048828
0 0.192383 0.438965 0.048828 0.049805
0 0.375977 0.562988 0.048828 0.049805
0 0.569336 0.562988 0.048828 0.049805
0 0.743652 0.644531 0.036133 0.037109
0 0.739258 0.772949 0.048828 0.049805
0 0.923828 0.858398 0.037109 0.037109
0 0.653320 0.770996 0.048828 0.049805
0 0.573242 0.748535 0.048828 0.049805
0 0.567871 0.852051 0.061523 0.061523
0 0.571289 0.932617 0.048828 0.048828
0 0.481445 0.952148 0.048828 0.048828
0 0.486328 0.859375 0.048828 0.048828
0 0.483398 0.691895 0.048828 0.049805
0 0.371094 0.676758 0.048828 0.048828
0 0.297363 0.720215 0.024414 0.024414
0 0.302246 0.845215 0.024414 0.024414
0 0.304199 0.959961 0.024414 0.025391
0 0.187988 0.887207 0.024414 0.024414
0 0.187988 0.648926 0.024414 0.024414
0 0.096191 0.833496 0.024414 0.024414