0 0.186523 0.220703 0.048828 0.048828
0 0.173828 0.967285 0.060547 0.061523
0 0.282227 0.884277 0.060547 0.061523
0 0.358887 0.936035 0.061523 0.061523
0 0.471191 0.912598 0.061523 0.061523
0 0.085938 0.943359 0.048828 0.048828
0 0.563477 0.905273 0.048828 0.048828
0 0.183594 0.784668 0.060547 0.061523
0 0.090332 0.389160 0.061523 0.061523
0 0.088379 0.733887 0.061523 0.061523
0 0.092285 0.831543 0.061523 0.061523
0 0.185059 0.326660 0.061523 0.061523
0 0.375000 0.740234 0.048828 0.048828
0 0.294922 0.764648 0.048828 0.048828
0 0.185547 0.425293 0.048828 0.049805
0 0.184570 0.525879 0.048828 0.049805
0 0.479492 0.735352 0.048828 0.048828
0 0.380859 0.607422 0.048828 0.048828
0 0.475586 0.818359 0.048828 0.048828
0 0.559570 0.817383 0.048828 0.048828
0 0.850586 0.178223 0.048828 0.049805
0 0.962891 0.971680 0.048828 0.048828
0 0.965820 0.870117 0.048828 0.048828
0 0.876953 0.924805 0.048828 0.048828
0 0.481445 0.638672 0.037109 0.037109
0 0.372070 0.841797 0.048828 0.048828
0 0.297852 0.649414 0.037109 0.037109
0 0.675781 0.241211 0.048828 0.048828
0 0.673828 0.347656 0.048828 0.048828
0 0.666992 0.444336 0.037109 0.037109
0 0.667969 0.533203 0.037109 0.037109
0 0.760742 0.282227 0.048828 0.048828
0 0.762695 0.395996 0.060547 0.061523
0 0.752930 0.516602 0.037109 0.037109
0 0.827637 0.413574 0.061523 0.061523
0 0.819336 0.512695 0.048828 0.048828
0 0.966309 0.348145 0.024414 0.024414
0 0.966309 0.455078 0.036133 0.037109
0 0.296875 0.283203 0.048828 0.048828
0 0.294922 0.371094 0.048828 0.048828
0 0.299316 0.475098 0.036133 0.036133
0 0.292969 0.557129 0.048828 0.049805
0 0.387695 0.494141 0.037109 0.037109
0 0.449707 0.457031 0.036133 0.037109
0 0.397461 0.383789 0.037109 0.037109
0 0.403320 0.261719 0.037109 0.037109
0 0.970703 0.235840 0.037109 0.036133
0 0.847656 0.084473 0.037109 0.036133
0 0.771973 0.058105 0.024414 0.024414
0 0.765625 0.172363 0.048828 0.049805
0 0.680176 0.107910 0.024414 0.024414
0 0.609375 0.048828 0.037109 0.037109
0 0.611328 0.151367 0.048828 0.048828
0 0.608887 0.281250 0.036133 0.037109
0 0.022461 0.083984 0.037109 0.037109
0 0.120605 0.092773 0.036133 0.037109
0 0.110840 0.186523 0.036133 0.037109
0 0.102051 0.287598 0.036133 0.036133
0 0.186523 0.125000 0.037109 0.037109
0 0.186523 0.040039 0.037109 0.037109
0 0.092285 0.496094 0.036133 0.037109
0 0.613281 0.396484 0.048828 0.048828