0 0.564941 0.375000 0.073242 0.074219
0 0.296875 0.052246 0.048828 0.049805
0 0.494629 0.224121 0.061523 0.061523
0 0.561035 0.814941 0.061523 0.061523
0 0.287109 0.756836 0.085938 0.085938
0 0.937012 0.079590 0.061523 0.061523
0 0.658691 0.233398 0.084961 0.085938
0 0.945801 0.283203 0.073242 0.074219
0 0.943848 0.397461 0.073242 0.074219
0 0.945312 0.493652 0.097656 0.098633
0 0.936035 0.602051 0.110352 0.110352
0 0.934570 0.715332 0.109375 0.110352
0 0.938477 0.827148 0.085938 0.085938
0 0.930664 0.946777 0.097656 0.098633
0 0.833496 0.891602 0.122070 0.123047
0 0.847168 0.764160 0.073242 0.073242
0 0.852051 0.662598 0.110352 0.110352
0 0.854980 0.539062 0.122070 0.123047
0 0.853516 0.435059 0.109375 0.110352
0 0.854492 0.340332 0.097656 0.098633
0 0.852539 0.231934 0.097656 0.098633
0 0.756348 0.285156 0.122070 0.123047
0 0.760254 0.376465 0.122070 0.122070
0 0.755371 0.480957 0.110352 0.110352
0 0.744629 0.593750 0.110352 0.111328
0 0.746094 0.713379 0.109375 0.110352
0 0.748535 0.821777 0.110352 0.110352
0 0.748535 0.930664 0.110352 0.111328
0 0.654297 0.875977 0.085938 0.085938
0 0.657715 0.774414 0.073242 0.074219
0 0.660645 0.657227 0.084961 0.085938
0 0.659668 0.534180 0.084961 0.085938
0 0.658203 0.432617 0.085938 0.085938
0 0.671387 0.332520 0.110352 0.110352
0 0.569336 0.278809 0.085938 0.086914
0 0.570312 0.485352 0.085938 0.085938
0 0.565430 0.598633 0.097656 0.097656
0 0.563965 0.710938 0.084961 0.085938
0 0.561035 0.933105 0.110352 0.110352
0 0.467773 0.867676 0.109375 0.110352
0 0.469238 0.752441 0.110352 0.110352
0 0.478516 0.636230 0.097656 0.098633
0 0.486328 0.537598 0.109375 0.110352
0 0.481445 0.452637 0.109375 0.110352
0 0.486816 0.328125 0.110352 0.111328
0 0.395020 0.280273 0.122070 0.123047
0 0.392090 0.389160 0.110352 0.110352
0 0.383301 0.487793 0.110352 0.110352
0 0.380371 0.604980 0.110352 0.110352
0 0.374023 0.704102 0.085938 0.085938
0 0.387695 0.818359 0.109375 0.111328
0 0.384766 0.912109 0.097656 0.097656
0 0.279297 0.866211 0.085938 0.085938
0 0.280762 0.663574 0.110352 0.110352
0 0.287598 0.536133 0.110352 0.111328
0 0.302734 0.425293 0.097656 0.098633
0 0.297852 0.325195 0.097656 0.097656
0 0.189453 0.272949 0.097656 0.098633
0 0.190430 0.379883 0.085938 0.085938
0 0.202148 0.477539 0.097656 0.097656
0 0.199219 0.590332 0.109375 0.110352
0 0.194336 0.697266 0.109375 0.111328
0 0.191406 0.810547 0.109375 0.111328
1 0.193848 0.940430 0.084961 0.085938
0 0.094727 0.862305 0.085938 0.085938
0 0.091797 0.753418 0.097656 0.098633
0 0.095703 0.642578 0.097656 0.097656
0 0.102539 0.533203 0.109375 0.111328
0 0.100586 0.431641 0.097656 0.097656
0 0.111816 0.335938 0.084961 0.085938
0 0.100098 0.254883 0.084961 0.085938
0 0.856445 0.051758 0.085938 0.085938
0 0.667480 0.042969 0.073242 0.074219
0 0.580566 0.046875 0.073242 0.074219
0 0.192383 0.061035 0.048828 0.049805