0 0.224609 0.061523 0.109375 0.111328
0 0.416504 0.062012 0.110352 0.110352
0 0.602539 0.060059 0.109375 0.110352
0 0.801270 0.058594 0.084961 0.085938
0 0.886230 0.562988 0.110352 0.110352
0 0.886719 0.451660 0.109375 0.110352
0 0.888672 0.337402 0.109375 0.110352
0 0.888672 0.231934 0.109375 0.110352
0 0.892578 0.116699 0.109375 0.110352
0 0.800293 0.168945 0.084961 0.085938
0 0.793457 0.278809 0.110352 0.110352
0 0.793945 0.390137 0.097656 0.098633
0 0.794434 0.502441 0.110352 0.110352
0 0.701172 0.560059 0.109375 0.110352
0 0.701172 0.447754 0.097656 0.098633
0 0.704102 0.336426 0.097656 0.098633
0 0.708008 0.232910 0.097656 0.098633
0 0.706055 0.114746 0.097656 0.098633
0 0.613281 0.174316 0.097656 0.098633
0 0.609375 0.285645 0.109375 0.110352
0 0.605469 0.383301 0.109375 0.110352
1 0.610352 0.505371 0.109375 0.110352
0 0.504395 0.550781 0.110352 0.111328
0 0.506836 0.441406 0.097656 0.097656
0 0.508789 0.339355 0.109375 0.110352
0 0.513672 0.239746 0.109375 0.110352
0 0.512695 0.108887 0.109375 0.110352
0 0.419434 0.174316 0.110352 0.110352
0 0.415039 0.283203 0.097656 0.097656
0 0.417480 0.397461 0.110352 0.111328
0 0.416992 0.500000 0.097656 0.097656
0 0.320801 0.557617 0.073242 0.074219
0 0.324219 0.451172 0.085938 0.085938
0 0.326172 0.348633 0.085938 0.085938
0 0.333496 0.231445 0.084961 0.085938
0 0.320312 0.120605 0.097656 0.098633
0 0.228516 0.165039 0.109375 0.111328
0 0.229492 0.280273 0.109375 0.111328
0 0.226562 0.392090 0.109375 0.110352
0 0.229492 0.497559 0.097656 0.098633
0 0.139648 0.105469 0.109375 0.111328
0 0.137695 0.227539 0.109375 0.111328
0 0.136719 0.325684 0.097656 0.098633
0 0.143066 0.445312 0.122070 0.123047
0 0.139160 0.544434 0.110352 0.110352
0 0.040039 0.272461 0.048828 0.048828
0 0.136230 0.661133 0.122070 0.123047
0 0.132324 0.773438 0.122070 0.123047
0 0.134766 0.878418 0.109375 0.110352
0 0.225098 0.938965 0.110352 0.110352
0 0.222168 0.837402 0.110352 0.110352
0 0.229004 0.719727 0.110352 0.111328
0 0.226074 0.615234 0.110352 0.111328
0 0.318359 0.662109 0.109375 0.111328
0 0.320312 0.773438 0.109375 0.111328
0 0.313477 0.881836 0.097656 0.097656
0 0.421387 0.828125 0.122070 0.123047
0 0.420410 0.712891 0.073242 0.074219
0 0.412109 0.618652 0.097656 0.098633
0 0.505371 0.678711 0.122070 0.123047
0 0.505371 0.774902 0.110352 0.110352
0 0.501953 0.877930 0.097656 0.097656
0 0.600098 0.830566 0.110352 0.110352
0 0.604980 0.729004 0.110352 0.110352
0 0.605469 0.607910 0.109375 0.110352
0 0.698242 0.666504 0.109375 0.110352
0 0.694336 0.772949 0.109375 0.110352
0 0.698242 0.868652 0.097656 0.098633
0 0.791016 0.834473 0.109375 0.110352
0 0.784180 0.715332 0.097656 0.098633
0 0.793945 0.608887 0.097656 0.098633
0 0.891602 0.665527 0.097656 0.098633
0 0.883789 0.779785 0.097656 0.098633
0 0.886719 0.886230 0.097656 0.098633