0 0.215332 0.105957 0.061523 0.061523
0 0.191895 0.453125 0.073242 0.074219
0 0.101562 0.395508 0.048828 0.048828
0 0.300293 0.176270 0.061523 0.061523
0 0.300293 0.278809 0.061523 0.061523
0 0.495117 0.266113 0.060547 0.061523
0 0.961426 0.416504 0.061523 0.061523
0 0.954590 0.826172 0.073242 0.074219
0 0.293457 0.505371 0.061523 0.061523
0 0.686523 0.503418 0.048828 0.049805
0 0.786133 0.315430 0.048828 0.048828
0 0.474121 0.442871 0.073242 0.073242
0 0.495117 0.336426 0.048828 0.049805
0 0.789551 0.434082 0.061523 0.061523
0 0.596680 0.333496 0.060547 0.061523
0 0.884277 0.675293 0.061523 0.061523
0 0.687012 0.390137 0.061523 0.061523
0 0.587402 0.425293 0.073242 0.073242
0 0.871094 0.903809 0.109375 0.110352
0 0.876465 0.779297 0.110352 0.111328
0 0.784668 0.731445 0.122070 0.123047
0 0.781738 0.840332 0.110352 0.110352
0 0.772949 0.938965 0.110352 0.110352
0 0.692383 0.876465 0.097656 0.098633
0 0.687500 0.776367 0.097656 0.097656
0 0.579102 0.724121 0.097656 0.098633
0 0.580078 0.831055 0.085938 0.085938
0 0.591797 0.928711 0.097656 0.097656
0 0.490234 0.882812 0.097656 0.097656
0 0.501465 0.787109 0.084961 0.085938
0 0.489746 0.706055 0.084961 0.085938
0 0.367188 0.703125 0.085938 0.085938
0 0.360352 0.938965 0.097656 0.098633
0 0.272461 0.870117 0.085938 0.085938
0 0.281738 0.761719 0.084961 0.085938
0 0.187500 0.817871 0.097656 0.098633
0 0.191406 0.929199 0.109375 0.110352
0 0.095703 0.848633 0.097656 0.097656
0 0.090332 0.757812 0.084961 0.085938
0 0.865723 0.142578 0.073242 0.074219
0 0.866211 0.243164 0.085938 0.085938
0 0.874023 0.334961 0.085938 0.085938
0 0.876953 0.453613 0.097656 0.098633
0 0.788086 0.222656 0.037109 0.037109
0 0.694824 0.283203 0.036133 0.037109
0 0.582031 0.512207 0.048828 0.049805
0 0.395508 0.102051 0.048828 0.049805
0 0.394531 0.196777 0.048828 0.049805
0 0.384766 0.322754 0.048828 0.049805
0 0.388672 0.435547 0.048828 0.048828
0 0.293457 0.390137 0.061523 0.061523
0 0.312500 0.064941 0.048828 0.049805
0 0.114258 0.054688 0.037109 0.037109
0 0.103516 0.160156 0.048828 0.048828
0 0.104492 0.287109 0.037109 0.037109
0 0.780273 0.098633 0.109375 0.111328
0 0.689941 0.159668 0.110352 0.110352
0 0.604980 0.103027 0.110352 0.110352
0 0.596191 0.215332 0.110352 0.110352
0 0.505371 0.143555 0.122070 0.123047