0 0.630371 0.371094 0.073242 0.074219
0 0.914062 0.364746 0.060547 0.061523
0 0.560547 0.850586 0.048828 0.048828
0 0.563477 0.649414 0.048828 0.048828
0 0.559570 0.756836 0.048828 0.048828
0 0.555664 0.966309 0.060547 0.061523
0 0.829102 0.814941 0.060547 0.061523
0 0.915039 0.572754 0.060547 0.061523
0 0.917969 0.459473 0.060547 0.061523
0 0.559082 0.533691 0.061523 0.061523
0 0.745117 0.632812 0.048828 0.048828
0 0.633789 0.698242 0.037109 0.037109
0 0.744141 0.539062 0.048828 0.048828
0 0.921875 0.666992 0.048828 0.048828
0 0.833984 0.704102 0.060547 0.060547
0 0.634277 0.583984 0.073242 0.074219
0 0.837402 0.627441 0.061523 0.061523
0 0.632812 0.914551 0.060547 0.061523
0 0.905273 0.955078 0.048828 0.048828
0 0.625000 0.811523 0.048828 0.048828
0 0.824707 0.902344 0.073242 0.074219
0 0.634277 0.482422 0.073242 0.074219
0 0.034180 0.344238 0.048828 0.049805
0 0.345703 0.937012 0.048828 0.049805
0 0.356445 0.630371 0.048828 0.049805
0 0.446777 0.578613 0.061523 0.061523
0 0.245117 0.673340 0.060547 0.061523
0 0.350586 0.829102 0.048828 0.048828
0 0.242188 0.922363 0.048828 0.049805
0 0.444336 0.812012 0.060547 0.061523
0 0.353516 0.729004 0.048828 0.049805
0 0.249023 0.593262 0.060547 0.061523
0 0.353516 0.532227 0.037109 0.037109
0 0.442383 0.693848 0.048828 0.049805
0 0.249023 0.471191 0.048828 0.049805
0 0.455566 0.476562 0.036133 0.037109
0 0.755371 0.260254 0.061523 0.061523
0 0.909668 0.134277 0.061523 0.061523
0 0.639648 0.266602 0.048828 0.048828
0 0.743164 0.066895 0.048828 0.049805
0 0.926758 0.039551 0.060547 0.061523
0 0.914062 0.862305 0.037109 0.037109
0 0.749023 0.853516 0.048828 0.048828
0 0.444824 0.910156 0.036133 0.037109
0 0.361816 0.087891 0.024414 0.025391
0 0.462891 0.032227 0.048828 0.048828
0 0.640625 0.038574 0.048828 0.049805
0 0.833984 0.038574 0.048828 0.049805
0 0.917969 0.246582 0.048828 0.049805
0 0.837891 0.224121 0.048828 0.049805
0 0.832520 0.327637 0.061523 0.061523
0 0.835938 0.408203 0.048828 0.048828
0 0.837891 0.490234 0.048828 0.048828
0 0.746094 0.427734 0.048828 0.048828
0 0.750977 0.334961 0.048828 0.048828
0 0.748047 0.167480 0.048828 0.049805
0 0.635742 0.152344 0.048828 0.048828
0 0.562012 0.195801 0.024414 0.024414
0 0.566895 0.320801 0.024414 0.024414
0 0.568848 0.435547 0.024414 0.025391
0 0.452637 0.362793 0.024414 0.024414
0 0.452637 0.124512 0.024414 0.024414
0 0.916992 0.768555 0.048828 0.048828
0 0.745605 0.719238 0.024414 0.024414
0 0.752441 0.948730 0.024414 0.024414
0 0.149902 0.514160 0.024414 0.024414
0 0.149902 0.621094 0.036133 0.037109
0 0.256836 0.038086 0.048828 0.048828
0 0.259766 0.149414 0.048828 0.048828
0 0.154297 0.401855 0.037109 0.036133
0 0.159180 0.285156 0.048828 0.048828
0 0.159180 0.180664 0.048828 0.048828
0 0.166016 0.069336 0.048828 0.048828
0 0.047852 0.034668 0.023438 0.024414
0 0.041992 0.137695 0.048828 0.048828
0 0.031250 0.250488 0.037109 0.036133
0 0.360840 0.309082 0.024414 0.024414
0 0.244629 0.396484 0.036133 0.037109