0 0.181152 0.187012 0.061523 0.061523
0 0.875000 0.451660 0.060547 0.061523
0 0.581055 0.601562 0.085938 0.085938
0 0.777344 0.528809 0.060547 0.061523
0 0.775879 0.630859 0.073242 0.074219
0 0.680664 0.453125 0.048828 0.048828
0 0.870117 0.125977 0.109375 0.111328
0 0.875977 0.221680 0.085938 0.085938
0 0.778809 0.169922 0.122070 0.123047
0 0.786621 0.278320 0.122070 0.123047
0 0.680664 0.128418 0.097656 0.098633
0 0.683105 0.230957 0.110352 0.110352
0 0.586914 0.075684 0.097656 0.098633
0 0.582031 0.182129 0.097656 0.098633
0 0.586914 0.302246 0.085938 0.086914
0 0.486816 0.128418 0.122070 0.122070
0 0.486816 0.244629 0.122070 0.122070
0 0.400391 0.062988 0.097656 0.098633
0 0.397461 0.179199 0.097656 0.098633
0 0.394531 0.304199 0.097656 0.098633
0 0.301758 0.126465 0.097656 0.098633
0 0.580566 0.395508 0.084961 0.085938
0 0.580078 0.509277 0.097656 0.098633
0 0.474609 0.551758 0.085938 0.085938
0 0.486328 0.461914 0.085938 0.085938
0 0.493164 0.351562 0.085938 0.085938
0 0.402344 0.403809 0.097656 0.098633
0 0.207031 0.506348 0.060547 0.061523
0 0.204102 0.405762 0.048828 0.049805
0 0.866211 0.339355 0.048828 0.049805
0 0.781250 0.401855 0.060547 0.061523
0 0.779785 0.726562 0.024414 0.025391
0 0.880859 0.670898 0.048828 0.048828
0 0.875000 0.553223 0.048828 0.049805
0 0.979980 0.834473 0.024414 0.024414
0 0.984863 0.959473 0.024414 0.024414
0 0.870605 0.763184 0.024414 0.024414
0 0.674805 0.676758 0.048828 0.048828
0 0.677734 0.788086 0.048828 0.048828
0 0.577148 0.923828 0.048828 0.048828
0 0.577148 0.819336 0.048828 0.048828
0 0.583984 0.708008 0.048828 0.048828
0 0.465820 0.673340 0.023438 0.024414
0 0.459961 0.776367 0.048828 0.048828
0 0.449219 0.889160 0.037109 0.036133
0 0.380859 0.620117 0.048828 0.048828
0 0.380371 0.735840 0.024414 0.024414
0 0.373535 0.862793 0.024414 0.024414
0 0.287598 0.673340 0.036133 0.036133
0 0.287598 0.803223 0.024414 0.024414
0 0.281738 0.912598 0.024414 0.024414
0 0.213867 0.603027 0.037109 0.036133
0 0.216797 0.722168 0.048828 0.049805
0 0.210938 0.853516 0.037109 0.037109
0 0.212891 0.956055 0.048828 0.048828
0 0.123535 0.645996 0.036133 0.036133
1 0.681641 0.355469 0.048828 0.048828
0 0.683105 0.565918 0.024414 0.024414
0 0.289551 0.353516 0.036133 0.037109
0 0.209473 0.288086 0.036133 0.037109
0 0.106445 0.342773 0.037109 0.037109
0 0.122070 0.461426 0.048828 0.049805
0 0.123047 0.550293 0.037109 0.036133
0 0.383789 0.513672 0.048828 0.048828
0 0.291016 0.451172 0.048828 0.048828
0 0.291504 0.552734 0.036133 0.037109
0 0.093262 0.112305 0.036133 0.037109
0 0.105957 0.213379 0.024414 0.024414
0 0.295898 0.239258 0.037109 0.037109
0 0.778809 0.947754 0.024414 0.024414