0 0.493652 0.655762 0.073242 0.073242
0 0.302246 0.184082 0.061523 0.061523
0 0.691895 0.040527 0.061523 0.061523
0 0.115723 0.167480 0.061523 0.061523
0 0.220703 0.183594 0.060547 0.060547
0 0.506836 0.129395 0.060547 0.061523
0 0.225586 0.104004 0.060547 0.061523
0 0.395996 0.084473 0.061523 0.061523
0 0.394043 0.188965 0.061523 0.061523
0 0.588379 0.718262 0.073242 0.073242
0 0.497070 0.540039 0.060547 0.060547
0 0.119141 0.090820 0.060547 0.060547
0 0.681152 0.437500 0.073242 0.074219
0 0.503906 0.035645 0.060547 0.061523
0 0.312012 0.091309 0.061523 0.061523
0 0.397949 0.383789 0.073242 0.074219
0 0.503418 0.205566 0.061523 0.061523
0 0.673340 0.646973 0.073242 0.073242
0 0.590332 0.382324 0.061523 0.061523
0 0.595703 0.476074 0.060547 0.061523
0 0.590820 0.072754 0.060547 0.061523
0 0.595703 0.168457 0.060547 0.061523
0 0.768555 0.742188 0.085938 0.085938
0 0.776855 0.134277 0.061523 0.061523
0 0.776367 0.031738 0.060547 0.061523
0 0.692871 0.119629 0.061523 0.061523
0 0.679199 0.776855 0.073242 0.073242
0 0.699219 0.196777 0.048828 0.049805
0 0.783203 0.217285 0.048828 0.049805
0 0.770020 0.614258 0.073242 0.074219
0 0.771973 0.836914 0.084961 0.085938
0 0.676270 0.883789 0.073242 0.074219
0 0.852539 0.183594 0.048828 0.048828
0 0.869629 0.773438 0.073242 0.074219
0 0.862305 0.081055 0.048828 0.048828
0 0.868164 0.678223 0.060547 0.061523
0 0.760742 0.938477 0.097656 0.097656
0 0.865234 0.890137 0.109375 0.110352
1 0.586426 0.599121 0.061523 0.061523
0 0.583496 0.840820 0.084961 0.085938
0 0.584961 0.930664 0.085938 0.085938
0 0.498535 0.761230 0.084961 0.086914
0 0.493164 0.888672 0.085938 0.085938
0 0.391602 0.598633 0.097656 0.097656
0 0.397461 0.719238 0.097656 0.098633
0 0.395020 0.823730 0.110352 0.110352
0 0.388672 0.926270 0.097656 0.098633
0 0.296387 0.862305 0.084961 0.085938
0 0.304688 0.758789 0.085938 0.085938
0 0.295410 0.634766 0.084961 0.085938
0 0.212891 0.579102 0.085938 0.085938
0 0.206543 0.711426 0.122070 0.122070
0 0.210449 0.814453 0.122070 0.123047
0 0.202637 0.923828 0.122070 0.123047
0 0.112793 0.866211 0.122070 0.123047
0 0.113281 0.756836 0.097656 0.097656
0 0.113770 0.599609 0.122070 0.123047
0 0.776367 0.386719 0.048828 0.048828
0 0.772461 0.491211 0.048828 0.048828
0 0.681152 0.532227 0.073242 0.074219
0 0.501465 0.421875 0.084961 0.085938
0 0.398926 0.477539 0.084961 0.085938
0 0.307129 0.530762 0.084961 0.086914
0 0.315430 0.438477 0.097656 0.097656
0 0.220703 0.368164 0.085938 0.085938
0 0.212891 0.470703 0.097656 0.097656
0 0.103027 0.422852 0.084961 0.085938
0 0.104492 0.520508 0.085938 0.085938