0 0.579590 0.294434 0.061523 0.061523
0 0.568848 0.181152 0.061523 0.061523
0 0.374023 0.409668 0.060547 0.061523
0 0.193848 0.405273 0.073242 0.074219
0 0.290527 0.251465 0.061523 0.061523
0 0.099121 0.326172 0.073242 0.074219
0 0.269531 0.457031 0.048828 0.048828
0 0.373047 0.312012 0.060547 0.061523
0 0.189941 0.182617 0.073242 0.074219
0 0.097168 0.454590 0.073242 0.073242
0 0.279785 0.356445 0.061523 0.060547
0 0.100586 0.226074 0.060547 0.061523
0 0.197754 0.282227 0.073242 0.074219
0 0.556152 0.641602 0.073242 0.074219
0 0.086426 0.953125 0.084961 0.085938
0 0.268066 0.671387 0.061523 0.061523
0 0.368164 0.616211 0.048828 0.048828
0 0.099121 0.563965 0.061523 0.061523
0 0.267090 0.568848 0.061523 0.061523
0 0.465820 0.583984 0.048828 0.048828
0 0.675781 0.132324 0.060547 0.061523
0 0.664551 0.364746 0.061523 0.061523
0 0.664551 0.467285 0.061523 0.061523
0 0.859375 0.454590 0.060547 0.061523
0 0.657715 0.693848 0.061523 0.061523
0 0.838379 0.631348 0.073242 0.073242
0 0.859375 0.524902 0.048828 0.049805
0 0.960938 0.521973 0.060547 0.061523
0 0.951660 0.613770 0.073242 0.073242
0 0.943359 0.912598 0.097656 0.098633
0 0.854004 0.894531 0.084961 0.085938
0 0.731445 0.891602 0.085938 0.085938
0 0.645996 0.950195 0.084961 0.085938
0 0.258301 0.942383 0.084961 0.085938
0 0.454590 0.946289 0.084961 0.085938
0 0.946289 0.700684 0.048828 0.049805
0 0.759766 0.182129 0.060547 0.061523
0 0.759766 0.290527 0.048828 0.049805
0 0.758789 0.385254 0.048828 0.049805
0 0.749023 0.511230 0.048828 0.049805
0 0.752930 0.624023 0.048828 0.048828
0 0.657715 0.578613 0.061523 0.061523
0 0.676758 0.253418 0.048828 0.049805
0 0.478516 0.243164 0.037109 0.037109
0 0.467773 0.348633 0.048828 0.048828
0 0.468750 0.475586 0.037109 0.037109
0 0.365723 0.525391 0.036133 0.037109
0 0.869141 0.225586 0.085938 0.085938
0 0.869629 0.332031 0.122070 0.123047
0 0.186035 0.504883 0.073242 0.074219
0 0.184570 0.625977 0.037109 0.037109
0 0.097656 0.653809 0.048828 0.049805
0 0.107422 0.115234 0.048828 0.048828
0 0.865234 0.117676 0.097656 0.098633
0 0.763184 0.072754 0.061523 0.061523
0 0.377930 0.184570 0.037109 0.037109
0 0.293457 0.133301 0.024414 0.024414
0 0.190430 0.071777 0.048828 0.049805