0 0.125977 0.156250 0.037109 0.037109
0 0.882324 0.078125 0.122070 0.123047
0 0.875977 0.195801 0.109375 0.110352
0 0.877930 0.296387 0.097656 0.098633
0 0.870605 0.407227 0.122070 0.123047
0 0.878418 0.515625 0.122070 0.123047
0 0.776855 0.452148 0.122070 0.123047
0 0.782227 0.335938 0.097656 0.097656
0 0.780762 0.227539 0.122070 0.123047
0 0.776855 0.123047 0.122070 0.123047
0 0.690918 0.074219 0.122070 0.123047
0 0.687012 0.174805 0.122070 0.123047
0 0.687012 0.291016 0.122070 0.123047
0 0.685059 0.408203 0.122070 0.123047
0 0.675293 0.520508 0.122070 0.123047
0 0.595215 0.125000 0.110352 0.111328
0 0.595215 0.230469 0.110352 0.111328
1 0.588867 0.349121 0.109375 0.110352
0 0.587891 0.462402 0.109375 0.110352
0 0.497070 0.514160 0.109375 0.110352
0 0.497070 0.393066 0.109375 0.110352
0 0.503906 0.293457 0.109375 0.110352
0 0.500000 0.183594 0.109375 0.111328
0 0.503906 0.075195 0.109375 0.111328
0 0.398438 0.131348 0.109375 0.110352
0 0.397461 0.229980 0.109375 0.110352
0 0.395020 0.353027 0.110352 0.110352
0 0.389160 0.456543 0.110352 0.110352
0 0.303223 0.516113 0.110352 0.110352
0 0.293457 0.402832 0.110352 0.110352
0 0.303223 0.289551 0.110352 0.110352
0 0.308105 0.174316 0.110352 0.110352
0 0.305176 0.066406 0.122070 0.123047
0 0.229492 0.114746 0.109375 0.110352
0 0.216797 0.234863 0.097656 0.098633
0 0.208496 0.354004 0.073242 0.073242
0 0.208984 0.460449 0.097656 0.098633
0 0.115234 0.521484 0.097656 0.097656
0 0.035645 0.468750 0.036133 0.037109
0 0.118164 0.279297 0.085938 0.085938
0 0.116211 0.404297 0.085938 0.085938
0 0.127930 0.060547 0.085938 0.085938
0 0.595703 0.568848 0.109375 0.110352
0 0.398926 0.564941 0.110352 0.110352
0 0.300781 0.629395 0.109375 0.110352
0 0.196777 0.578125 0.122070 0.123047
0 0.108887 0.640625 0.073242 0.074219
0 0.204102 0.679199 0.109375 0.110352
0 0.504395 0.633301 0.110352 0.110352
0 0.203613 0.778320 0.084961 0.085938
0 0.189941 0.890625 0.122070 0.123047
0 0.296875 0.733887 0.109375 0.110352
0 0.298828 0.846191 0.097656 0.098633
0 0.394043 0.677246 0.110352 0.110352
0 0.394043 0.787598 0.110352 0.110352
0 0.396973 0.904785 0.122070 0.122070
0 0.489746 0.727051 0.110352 0.110352
0 0.482422 0.846191 0.097656 0.098633
0 0.581055 0.679688 0.109375 0.111328
0 0.583008 0.789551 0.109375 0.110352
0 0.590332 0.904297 0.122070 0.123047
0 0.690918 0.625977 0.122070 0.123047
0 0.688965 0.717773 0.122070 0.123047
0 0.684082 0.849609 0.122070 0.123047
0 0.778809 0.566406 0.122070 0.123047
0 0.782715 0.663086 0.122070 0.123047
0 0.778809 0.781250 0.122070 0.123047
0 0.769043 0.891602 0.122070 0.123047
0 0.874512 0.840820 0.110352 0.111328
0 0.868652 0.620117 0.122070 0.123047
0 0.877441 0.730957 0.110352 0.110352