0 0.738770 0.845703 0.073242 0.074219
0 0.742676 0.957031 0.073242 0.074219
0 0.565430 0.287598 0.060547 0.061523
0 0.271484 0.437500 0.085938 0.085938
0 0.467773 0.364746 0.060547 0.061523
0 0.466309 0.466797 0.073242 0.074219
0 0.371094 0.289062 0.048828 0.048828
0 0.142578 0.818848 0.048828 0.049805
0 0.357422 0.945801 0.048828 0.049805
0 0.563965 0.951172 0.036133 0.037109
0 0.863770 0.734863 0.061523 0.061523
0 0.849609 0.091797 0.048828 0.048828
0 0.751465 0.181152 0.061523 0.061523
0 0.659668 0.136230 0.061523 0.061523
0 0.943359 0.415527 0.060547 0.061523
0 0.748047 0.741211 0.048828 0.048828
0 0.851562 0.541504 0.048828 0.049805
0 0.948730 0.082031 0.036133 0.037109
0 0.753418 0.411621 0.061523 0.061523
0 0.941406 0.187500 0.048828 0.048828
0 0.849609 0.426270 0.048828 0.049805
0 0.673828 0.350098 0.048828 0.049805
0 0.566406 0.057617 0.085938 0.085938
0 0.477051 0.114258 0.122070 0.123047
0 0.373535 0.066895 0.110352 0.110352
0 0.277344 0.138184 0.085938 0.086914
0 0.177246 0.080566 0.122070 0.122070
0 0.084961 0.140137 0.097656 0.098633
0 0.270996 0.231445 0.084961 0.085938
0 0.270508 0.345215 0.097656 0.098633
0 0.165039 0.387695 0.085938 0.085938
0 0.176758 0.297852 0.085938 0.085938
0 0.183594 0.187500 0.085938 0.085938
0 0.092773 0.239746 0.097656 0.098633
0 0.940430 0.296875 0.037109 0.037109
0 0.842773 0.347656 0.048828 0.048828
0 0.845703 0.243164 0.037109 0.037109
0 0.752930 0.086914 0.048828 0.048828
0 0.748047 0.294434 0.048828 0.049805
0 0.674805 0.441895 0.048828 0.049805
0 0.670410 0.250488 0.061523 0.061523
0 0.556641 0.175293 0.048828 0.049805
0 0.471680 0.237793 0.060547 0.061523
0 0.470215 0.562500 0.024414 0.025391
0 0.571289 0.506836 0.048828 0.048828
0 0.565430 0.389160 0.048828 0.049805
0 0.749023 0.513184 0.048828 0.049805
0 0.942383 0.513184 0.048828 0.049805
0 0.946289 0.698730 0.048828 0.049805
0 0.940918 0.802246 0.061523 0.061523
0 0.944336 0.882812 0.048828 0.048828
0 0.946289 0.964844 0.048828 0.048828
0 0.854492 0.902344 0.048828 0.048828
0 0.859375 0.809570 0.048828 0.048828
0 0.856445 0.642090 0.048828 0.049805
0 0.744141 0.626953 0.048828 0.048828
0 0.670410 0.670410 0.024414 0.024414
0 0.675293 0.795410 0.024414 0.024414
0 0.677246 0.910156 0.024414 0.025391
0 0.561035 0.837402 0.024414 0.024414
0 0.561035 0.599121 0.024414 0.024414
0 0.052734 0.922852 0.048828 0.048828
0 0.365234 0.512695 0.048828 0.048828
0 0.368164 0.624023 0.048828 0.048828
0 0.262695 0.876465 0.037109 0.036133
0 0.267578 0.759766 0.048828 0.048828
0 0.267578 0.655273 0.048828 0.048828
0 0.274414 0.543945 0.048828 0.048828
0 0.156250 0.509277 0.023438 0.024414
0 0.150391 0.612305 0.048828 0.048828
0 0.139648 0.725098 0.037109 0.036133
0 0.071289 0.456055 0.048828 0.048828
0 0.070801 0.571777 0.024414 0.024414
0 0.063965 0.698730 0.024414 0.024414
0 0.057617 0.812988 0.048828 0.049805
1 0.372070 0.191406 0.048828 0.048828
0 0.373535 0.401855 0.024414 0.024414
0 0.074219 0.349609 0.048828 0.048828
0 0.469238 0.783691 0.024414 0.024414
0 0.353027 0.871094 0.036133 0.037109