0 0.303711 0.789062 0.048828 0.048828
0 0.127930 0.805664 0.048828 0.048828
0 0.125977 0.920410 0.048828 0.049805
0 0.208008 0.973145 0.048828 0.049805
0 0.298828 0.576660 0.048828 0.049805
0 0.127930 0.361816 0.060547 0.061523
0 0.125977 0.589355 0.048828 0.049805
0 0.208496 0.526855 0.061523 0.061523
0 0.214844 0.308594 0.048828 0.048828
0 0.133301 0.143066 0.110352 0.110352
0 0.216309 0.094727 0.122070 0.123047
0 0.307617 0.143066 0.109375 0.110352
0 0.398926 0.193848 0.110352 0.110352
0 0.395020 0.078125 0.110352 0.111328
0 0.505371 0.138672 0.110352 0.111328
0 0.586914 0.084473 0.109375 0.110352
0 0.595215 0.180664 0.122070 0.123047
0 0.691895 0.068359 0.122070 0.123047
0 0.695801 0.169922 0.122070 0.123047
0 0.790527 0.069824 0.110352 0.110352
0 0.886719 0.260254 0.097656 0.098633
0 0.875000 0.355957 0.097656 0.098633
0 0.871094 0.474121 0.097656 0.098633
0 0.780762 0.320312 0.122070 0.123047
0 0.779297 0.407715 0.097656 0.098633
0 0.777344 0.519531 0.097656 0.097656
0 0.775391 0.625977 0.097656 0.097656
0 0.760742 0.746094 0.097656 0.097656
0 0.869629 0.575684 0.110352 0.110352
0 0.870117 0.695312 0.109375 0.111328
0 0.677246 0.372070 0.122070 0.123047
0 0.592285 0.404297 0.110352 0.111328
0 0.498535 0.455078 0.122070 0.123047
0 0.395508 0.520020 0.109375 0.110352
0 0.489258 0.562988 0.097656 0.098633
0 0.585938 0.512695 0.097656 0.097656
0 0.404297 0.623535 0.109375 0.110352
0 0.400879 0.742188 0.084961 0.085938
0 0.495117 0.687988 0.097656 0.098633
0 0.582520 0.625488 0.110352 0.110352
0 0.581543 0.739746 0.110352 0.110352
0 0.684082 0.682617 0.122070 0.123047
0 0.686035 0.575195 0.122070 0.123047
0 0.298828 0.452148 0.048828 0.048828
0 0.867676 0.917969 0.122070 0.123047
0 0.877930 0.805176 0.109375 0.110352
0 0.775391 0.857910 0.109375 0.110352
0 0.583496 0.846680 0.122070 0.123047
0 0.686523 0.918457 0.097656 0.098633
0 0.687988 0.795898 0.122070 0.123047
0 0.490234 0.908203 0.109375 0.111328
0 0.493164 0.793945 0.109375 0.111328
0 0.402344 0.849609 0.097656 0.097656
0 0.301758 0.247070 0.048828 0.048828
0 0.297852 0.355469 0.048828 0.048828
0 0.216797 0.415527 0.048828 0.049805
0 0.136230 0.455566 0.024414 0.024414
0 0.122070 0.261719 0.048828 0.048828
0 0.222656 0.194336 0.048828 0.048828
0 0.020508 0.308105 0.037109 0.036133
0 0.022461 0.527344 0.037109 0.037109
0 0.211914 0.637695 0.048828 0.048828
0 0.298340 0.679199 0.024414 0.024414
0 0.292969 0.905273 0.048828 0.048828
0 0.208984 0.875000 0.037109 0.037109
0 0.210938 0.749023 0.048828 0.048828
0 0.125488 0.692871 0.024414 0.024414