0 0.723145 0.539062 0.073242 0.074219
0 0.068848 0.166504 0.061523 0.061523
0 0.069336 0.274902 0.060547 0.061523
0 0.058105 0.507324 0.061523 0.061523
0 0.078613 0.048340 0.073242 0.073242
0 0.058105 0.609863 0.061523 0.061523
0 0.252930 0.597168 0.060547 0.061523
0 0.719238 0.747559 0.061523 0.061523
0 0.051270 0.836426 0.061523 0.061523
0 0.444336 0.834473 0.048828 0.049805
0 0.543945 0.646484 0.048828 0.048828
0 0.231934 0.773926 0.073242 0.073242
0 0.252930 0.667480 0.048828 0.049805
0 0.547363 0.765137 0.061523 0.061523
0 0.354492 0.664551 0.060547 0.061523
0 0.444824 0.721191 0.061523 0.061523
0 0.345215 0.756348 0.073242 0.073242
0 0.916992 0.327637 0.109375 0.110352
0 0.915039 0.434082 0.109375 0.110352
0 0.913086 0.550293 0.109375 0.110352
0 0.909180 0.662598 0.109375 0.110352
0 0.918457 0.760254 0.110352 0.110352
0 0.821289 0.382324 0.097656 0.098633
0 0.813477 0.488770 0.109375 0.110352
0 0.811035 0.596191 0.110352 0.110352
0 0.812988 0.717773 0.084961 0.085938
0 0.814941 0.825195 0.073242 0.074219
0 0.726074 0.324219 0.084961 0.085938
0 0.716309 0.439941 0.110352 0.110352
0 0.725098 0.651367 0.073242 0.074219
0 0.728027 0.829102 0.073242 0.074219
0 0.636230 0.271973 0.110352 0.110352
0 0.622559 0.370605 0.110352 0.110352
0 0.623535 0.473633 0.073242 0.074219
0 0.624023 0.574219 0.085938 0.085938
0 0.631836 0.666016 0.085938 0.085938
0 0.634766 0.784668 0.097656 0.098633
0 0.545898 0.553711 0.037109 0.037109
0 0.452637 0.614258 0.036133 0.037109
0 0.339844 0.843262 0.048828 0.049805
0 0.153320 0.324707 0.060547 0.061523
0 0.153320 0.433105 0.048828 0.049805
0 0.152344 0.527832 0.048828 0.049805
0 0.142578 0.653809 0.048828 0.049805
0 0.146484 0.766602 0.048828 0.048828
0 0.051270 0.721191 0.061523 0.061523
0 0.070312 0.395996 0.048828 0.049805
0 0.548828 0.329590 0.109375 0.110352
0 0.538086 0.429688 0.109375 0.111328
0 0.460449 0.285156 0.122070 0.123047
0 0.449707 0.384766 0.110352 0.111328
0 0.447754 0.490723 0.110352 0.110352
0 0.361816 0.331055 0.110352 0.111328
0 0.362793 0.434082 0.110352 0.110352
0 0.354004 0.546387 0.110352 0.110352
0 0.262695 0.368164 0.085938 0.085938
0 0.263184 0.474609 0.122070 0.123047
0 0.922363 0.113281 0.122070 0.123047
0 0.916504 0.213379 0.122070 0.122070
0 0.818359 0.157715 0.109375 0.110352
0 0.817383 0.267090 0.109375 0.110352
0 0.738770 0.098145 0.084961 0.086914
0 0.730957 0.225098 0.110352 0.110352
0 0.637695 0.165527 0.097656 0.098633
0 0.546875 0.111816 0.097656 0.098633
0 0.543945 0.222168 0.109375 0.110352
0 0.457031 0.062012 0.097656 0.098633
0 0.458008 0.152344 0.097656 0.097656
0 0.364258 0.107422 0.097656 0.097656
0 0.359863 0.218750 0.110352 0.111328
0 0.258789 0.260254 0.097656 0.098633
0 0.258789 0.170898 0.109375 0.111328
0 0.162109 0.110352 0.048828 0.048828
0 0.156738 0.215332 0.061523 0.061523