0 0.081055 0.199707 0.109375 0.110352
0 0.087891 0.077637 0.109375 0.110352
0 0.182617 0.133301 0.109375 0.110352
0 0.189453 0.229004 0.109375 0.110352
1 0.171387 0.363770 0.122070 0.122070
0 0.269531 0.313965 0.109375 0.110352
0 0.272949 0.193848 0.110352 0.110352
0 0.270020 0.092285 0.110352 0.110352
0 0.361328 0.136719 0.097656 0.097656
0 0.368164 0.251465 0.097656 0.098633
0 0.366699 0.369629 0.110352 0.110352
0 0.459961 0.418457 0.097656 0.098633
0 0.465820 0.317383 0.097656 0.097656
0 0.454102 0.203125 0.109375 0.111328
0 0.469238 0.083008 0.122070 0.123047
0 0.549805 0.132812 0.097656 0.097656
0 0.546875 0.252930 0.109375 0.111328
0 0.550781 0.369629 0.109375 0.110352
0 0.658203 0.310547 0.109375 0.111328
0 0.645020 0.202637 0.110352 0.110352
0 0.647949 0.085449 0.110352 0.110352
0 0.746094 0.123535 0.097656 0.098633
0 0.747559 0.260254 0.110352 0.110352
0 0.744629 0.368164 0.110352 0.111328
0 0.641113 0.421875 0.110352 0.111328
0 0.838867 0.420898 0.097656 0.097656
0 0.832031 0.314941 0.109375 0.110352
0 0.837891 0.200684 0.109375 0.110352
0 0.838867 0.089355 0.109375 0.110352
0 0.934570 0.141113 0.097656 0.098633
0 0.934570 0.255371 0.109375 0.110352
0 0.929688 0.366699 0.109375 0.110352
0 0.930664 0.475098 0.109375 0.110352
0 0.928711 0.582520 0.109375 0.110352
0 0.930664 0.696777 0.097656 0.098633
0 0.927246 0.801758 0.110352 0.111328
0 0.941406 0.913086 0.097656 0.097656
0 0.834473 0.533691 0.110352 0.110352
0 0.838867 0.643555 0.097656 0.097656
0 0.833008 0.750000 0.097656 0.097656
0 0.833984 0.866211 0.097656 0.097656
0 0.746094 0.476074 0.097656 0.098633
0 0.750000 0.586914 0.097656 0.097656
0 0.750977 0.694336 0.097656 0.097656
0 0.743164 0.924316 0.109375 0.110352
0 0.740234 0.807129 0.109375 0.110352
0 0.640625 0.527344 0.109375 0.111328
0 0.635742 0.637695 0.109375 0.111328
0 0.640625 0.746582 0.109375 0.110352
0 0.639160 0.872070 0.122070 0.123047
0 0.551758 0.467773 0.109375 0.111328
0 0.544922 0.583496 0.109375 0.110352
0 0.547363 0.684082 0.110352 0.110352
0 0.539551 0.794434 0.110352 0.110352
0 0.549316 0.877441 0.073242 0.073242
0 0.453125 0.526855 0.097656 0.098633
0 0.457031 0.631348 0.097656 0.098633
0 0.455078 0.745605 0.097656 0.098633
0 0.450684 0.857910 0.110352 0.110352
0 0.363281 0.470215 0.097656 0.098633
0 0.356934 0.575684 0.110352 0.110352
0 0.352539 0.693848 0.109375 0.110352
0 0.359375 0.809082 0.109375 0.110352
0 0.268555 0.414551 0.097656 0.098633
0 0.267578 0.524902 0.109375 0.110352
0 0.268555 0.632324 0.109375 0.110352
0 0.266602 0.745605 0.109375 0.110352
1 0.176758 0.463379 0.097656 0.098633
0 0.179199 0.571777 0.110352 0.110352
0 0.176270 0.695801 0.110352 0.110352
0 0.170410 0.806152 0.110352 0.110352
0 0.088867 0.426270 0.097656 0.098633
0 0.077148 0.521973 0.097656 0.098633
0 0.073242 0.640137 0.097656 0.098633
0 0.071777 0.741699 0.110352 0.110352
0 0.072266 0.861328 0.109375 0.111328
0 0.169434 0.911621 0.110352 0.110352
0 0.261230 0.855957 0.110352 0.110352
0 0.362305 0.919434 0.109375 0.110352