0 0.045410 0.951660 0.061523 0.061523
0 0.055176 0.855957 0.061523 0.061523
0 0.723633 0.918457 0.060547 0.061523
0 0.331543 0.927246 0.061523 0.061523
0 0.519531 0.909668 0.060547 0.061523
0 0.810547 0.865234 0.048828 0.048828
0 0.904785 0.141602 0.122070 0.123047
0 0.812988 0.097656 0.122070 0.123047
0 0.803223 0.209961 0.122070 0.123047
0 0.715820 0.151855 0.109375 0.110352
0 0.625000 0.203613 0.109375 0.110352
0 0.625000 0.082520 0.109375 0.110352
0 0.517090 0.145996 0.110352 0.110352
0 0.431152 0.205566 0.110352 0.110352
0 0.421387 0.092285 0.110352 0.110352
0 0.336426 0.043457 0.073242 0.073242
0 0.336914 0.149902 0.097656 0.098633
0 0.243164 0.210938 0.097656 0.097656
0 0.163574 0.158203 0.036133 0.037109
0 0.244141 0.093750 0.085938 0.085938
0 0.723633 0.258301 0.109375 0.110352
0 0.526855 0.254395 0.110352 0.110352
0 0.428711 0.318848 0.109375 0.110352
0 0.324707 0.267578 0.122070 0.123047
0 0.236816 0.330078 0.073242 0.074219
0 0.332031 0.368652 0.109375 0.110352
0 0.632324 0.322754 0.110352 0.110352
0 0.331543 0.467773 0.084961 0.085938
0 0.317871 0.580078 0.122070 0.123047
0 0.326172 0.703613 0.097656 0.098633
0 0.424805 0.423340 0.109375 0.110352
0 0.426758 0.535645 0.097656 0.098633
0 0.426758 0.650879 0.109375 0.110352
0 0.420410 0.752441 0.110352 0.110352
0 0.521973 0.366699 0.110352 0.110352
0 0.521973 0.477051 0.110352 0.110352
0 0.524902 0.594238 0.122070 0.122070
0 0.522461 0.703613 0.097656 0.098633
0 0.617676 0.416504 0.110352 0.110352
0 0.610352 0.535645 0.097656 0.098633
0 0.612305 0.649902 0.097656 0.098633
0 0.610352 0.760254 0.097656 0.098633
0 0.708984 0.369141 0.109375 0.111328
0 0.710938 0.479004 0.109375 0.110352
0 0.718262 0.593750 0.122070 0.123047
0 0.729004 0.699707 0.110352 0.110352
0 0.818848 0.315430 0.122070 0.123047
0 0.816895 0.407227 0.122070 0.123047
0 0.812012 0.539062 0.122070 0.123047
0 0.812012 0.651367 0.122070 0.123047
0 0.906738 0.255859 0.122070 0.123047
0 0.910645 0.352539 0.122070 0.123047
0 0.906738 0.470703 0.122070 0.123047
0 0.896973 0.581055 0.122070 0.123047
0 0.903320 0.699707 0.109375 0.110352
0 0.517578 0.835449 0.097656 0.098633
0 0.426270 0.861328 0.084961 0.085938
0 0.897461 0.803711 0.048828 0.048828
0 0.893555 0.912109 0.048828 0.048828
0 0.812500 0.972168 0.048828 0.049805
0 0.717773 0.818359 0.048828 0.048828
0 0.818359 0.750977 0.048828 0.048828
0 0.616211 0.864746 0.037109 0.036133
0 0.331055 0.804199 0.037109 0.036133
0 0.229004 0.785156 0.036133 0.037109
0 0.253418 0.925293 0.024414 0.024414
0 0.145508 0.906250 0.037109 0.037109
0 0.149414 0.810547 0.037109 0.037109
0 0.150391 0.694336 0.037109 0.037109