0 0.448242 0.060547 0.109375 0.111328
0 0.272461 0.073730 0.097656 0.098633
0 0.266113 0.165527 0.110352 0.110352
0 0.187012 0.090332 0.073242 0.073242
0 0.355957 0.119141 0.122070 0.123047
0 0.461426 0.178711 0.122070 0.123047
0 0.556152 0.125000 0.122070 0.123047
0 0.662598 0.178711 0.122070 0.123047
0 0.745605 0.122559 0.110352 0.110352
0 0.833984 0.058105 0.097656 0.098633
0 0.178711 0.313477 0.037109 0.037109
0 0.935059 0.235352 0.122070 0.123047
0 0.928711 0.353027 0.109375 0.110352
0 0.930664 0.453613 0.097656 0.098633
0 0.923340 0.564453 0.122070 0.123047
0 0.931152 0.672852 0.122070 0.123047
0 0.829590 0.609375 0.122070 0.123047
0 0.834961 0.493164 0.097656 0.097656
0 0.833496 0.384766 0.122070 0.123047
0 0.829590 0.280273 0.122070 0.123047
0 0.836426 0.174805 0.122070 0.123047
0 0.743652 0.231445 0.122070 0.123047
0 0.739746 0.332031 0.122070 0.123047
0 0.739746 0.448242 0.122070 0.123047
0 0.737793 0.565430 0.122070 0.123047
0 0.728027 0.677734 0.122070 0.123047
0 0.647949 0.282227 0.110352 0.111328
0 0.647949 0.387695 0.110352 0.111328
1 0.641602 0.506348 0.109375 0.110352
0 0.640625 0.619629 0.109375 0.110352
0 0.549805 0.671387 0.109375 0.110352
0 0.549805 0.550293 0.109375 0.110352
0 0.556641 0.450684 0.109375 0.110352
0 0.552734 0.340820 0.109375 0.111328
0 0.556641 0.232422 0.109375 0.111328
0 0.451172 0.288574 0.109375 0.110352
0 0.450195 0.387207 0.109375 0.110352
0 0.447754 0.510254 0.110352 0.110352
0 0.441895 0.613770 0.110352 0.110352
0 0.355957 0.673340 0.110352 0.110352
0 0.346191 0.560059 0.110352 0.110352
0 0.355957 0.446777 0.110352 0.110352
0 0.360840 0.331543 0.110352 0.110352
0 0.357910 0.223633 0.122070 0.123047
0 0.282227 0.271973 0.109375 0.110352
0 0.269531 0.392090 0.097656 0.098633
0 0.261230 0.511230 0.073242 0.073242
0 0.261719 0.617676 0.097656 0.098633
0 0.167969 0.678711 0.097656 0.097656
0 0.088379 0.625977 0.036133 0.037109
0 0.170898 0.436523 0.085938 0.085938
0 0.168945 0.561523 0.085938 0.085938
0 0.089355 0.278809 0.122070 0.122070
0 0.180664 0.217773 0.085938 0.085938
0 0.648438 0.726074 0.109375 0.110352
0 0.451660 0.722168 0.110352 0.110352
0 0.353516 0.786621 0.109375 0.110352
0 0.249512 0.735352 0.122070 0.123047
0 0.161621 0.797852 0.073242 0.074219
0 0.256836 0.836426 0.109375 0.110352
0 0.557129 0.790527 0.110352 0.110352
0 0.256348 0.935547 0.084961 0.085938
0 0.349609 0.891113 0.109375 0.110352
0 0.446777 0.834473 0.110352 0.110352
0 0.542480 0.884277 0.110352 0.110352
0 0.633789 0.836914 0.109375 0.111328
0 0.743652 0.783203 0.122070 0.123047
0 0.741699 0.875000 0.122070 0.123047
0 0.831543 0.723633 0.122070 0.123047
0 0.835449 0.820312 0.122070 0.123047
0 0.921387 0.777344 0.122070 0.123047
0 0.930176 0.888184 0.110352 0.110352