0 0.038086 0.117188 0.060547 0.060547
0 0.102539 0.865234 0.048828 0.048828
0 0.110352 0.539551 0.060547 0.061523
0 0.099609 0.771973 0.048828 0.049805
0 0.112305 0.337891 0.048828 0.048828
0 0.099609 0.680176 0.048828 0.049805
0 0.041992 0.318359 0.048828 0.048828
0 0.221191 0.162109 0.073242 0.074219
0 0.419922 0.157715 0.048828 0.049805
0 0.224609 0.082031 0.048828 0.048828
0 0.520996 0.099121 0.036133 0.036133
0 0.220215 0.264648 0.061523 0.060547
0 0.310059 0.427734 0.061523 0.060547
0 0.512695 0.256348 0.048828 0.049805
0 0.408203 0.477539 0.060547 0.060547
0 0.413086 0.293945 0.048828 0.048828
0 0.517578 0.337891 0.048828 0.048828
0 0.503906 0.421875 0.048828 0.048828
0 0.602051 0.355469 0.036133 0.037109
0 0.919434 0.622559 0.036133 0.036133
0 0.902344 0.319336 0.037109 0.037109
0 0.804688 0.372559 0.037109 0.036133
0 0.704590 0.419434 0.036133 0.036133
0 0.683105 0.543945 0.036133 0.037109
0 0.799316 0.495605 0.036133 0.036133
0 0.917969 0.437988 0.048828 0.049805
0 0.918945 0.526855 0.037109 0.036133
0 0.310547 0.203125 0.037109 0.037109
0 0.126465 0.125977 0.036133 0.037109
0 0.432617 0.032715 0.048828 0.049805
0 0.623535 0.170410 0.036133 0.036133
0 0.889160 0.088867 0.036133 0.037109
0 0.807617 0.148438 0.037109 0.037109
0 0.901855 0.189941 0.024414 0.024414
0 0.593262 0.050781 0.036133 0.037109
0 0.217773 0.561523 0.048828 0.048828
0 0.311035 0.314453 0.036133 0.037109
0 0.418945 0.387695 0.037109 0.037109
0 0.508301 0.567383 0.024414 0.025391
0 0.589355 0.567383 0.036133 0.037109
0 0.751465 0.266113 0.036133 0.036133
0 0.310547 0.753906 0.037109 0.037109
0 0.300781 0.846191 0.037109 0.036133
0 0.309570 0.959473 0.037109 0.036133
0 0.416016 0.946777 0.037109 0.036133
0 0.419922 0.865234 0.037109 0.037109
0 0.430176 0.748047 0.036133 0.037109
0 0.513184 0.784180 0.036133 0.037109
0 0.518066 0.874023 0.036133 0.037109
0 0.508301 0.967773 0.036133 0.037109
0 0.583984 0.906250 0.037109 0.037109
0 0.583984 0.821289 0.037109 0.037109
0 0.583008 0.748047 0.037109 0.037109