0 0.781738 0.246094 0.073242 0.074219
0 0.711426 0.095215 0.061523 0.061523
0 0.777832 0.686035 0.061523 0.061523
0 0.503906 0.627930 0.085938 0.085938
0 0.875488 0.104492 0.084961 0.085938
0 0.870605 0.848633 0.110352 0.111328
0 0.871094 0.747070 0.085938 0.085938
0 0.874512 0.645508 0.073242 0.074219
0 0.877441 0.528320 0.084961 0.085938
0 0.876465 0.405273 0.084961 0.085938
0 0.875000 0.303711 0.085938 0.085938
0 0.888184 0.203613 0.110352 0.110352
0 0.786133 0.149902 0.085938 0.086914
0 0.787109 0.356445 0.085938 0.085938
0 0.782227 0.469727 0.097656 0.097656
0 0.780762 0.582031 0.084961 0.085938
0 0.777832 0.804199 0.110352 0.110352
0 0.682129 0.852051 0.110352 0.110352
0 0.684570 0.738770 0.109375 0.110352
0 0.686035 0.623535 0.110352 0.110352
0 0.695312 0.507324 0.097656 0.098633
0 0.703125 0.408691 0.109375 0.110352
0 0.698242 0.323730 0.109375 0.110352
0 0.703613 0.199219 0.110352 0.111328
0 0.611816 0.151367 0.122070 0.123047
0 0.608887 0.260254 0.110352 0.110352
0 0.600098 0.358887 0.110352 0.110352
0 0.597168 0.476074 0.110352 0.110352
0 0.590820 0.575195 0.085938 0.085938
0 0.604492 0.689453 0.109375 0.111328
0 0.601562 0.783203 0.097656 0.097656
0 0.497070 0.836426 0.085938 0.086914
0 0.496094 0.737305 0.085938 0.085938
0 0.497559 0.534668 0.110352 0.110352
0 0.504395 0.407227 0.110352 0.111328
0 0.519531 0.296387 0.097656 0.098633
0 0.514648 0.196289 0.097656 0.097656
0 0.406250 0.144043 0.097656 0.098633
0 0.407227 0.250977 0.085938 0.085938
0 0.418945 0.348633 0.097656 0.097656
0 0.416016 0.461426 0.109375 0.110352
0 0.411133 0.568359 0.109375 0.111328
0 0.408203 0.681641 0.109375 0.111328
1 0.410645 0.811523 0.084961 0.085938
0 0.317383 0.838867 0.097656 0.097656
0 0.311523 0.733398 0.085938 0.085938
0 0.308594 0.624512 0.097656 0.098633
0 0.312500 0.513672 0.097656 0.097656
0 0.319336 0.404297 0.109375 0.111328
0 0.317383 0.302734 0.097656 0.097656
0 0.328613 0.207031 0.084961 0.085938
0 0.316895 0.125977 0.084961 0.085938
0 0.194336 0.123047 0.085938 0.085938
0 0.187500 0.358887 0.097656 0.098633
0 0.196289 0.470703 0.097656 0.097656
0 0.192383 0.574707 0.097656 0.098633
0 0.193359 0.661621 0.097656 0.098633
0 0.190918 0.791016 0.084961 0.085938
0 0.100586 0.844727 0.085938 0.085938
0 0.105957 0.724121 0.110352 0.110352
0 0.104492 0.614746 0.097656 0.098633
0 0.096680 0.509277 0.097656 0.098633
0 0.099609 0.419434 0.109375 0.110352
0 0.099609 0.290039 0.085938 0.085938
0 0.108887 0.181641 0.084961 0.085938
0 0.103027 0.950195 0.084961 0.085938
0 0.303711 0.956055 0.048828 0.048828
0 0.194824 0.895996 0.084961 0.086914
1 0.409180 0.894531 0.085938 0.085938
1 0.497559 0.956055 0.073242 0.074219
0 0.591309 0.916016 0.084961 0.085938
0 0.774414 0.908203 0.109375 0.111328