0 0.949707 0.051758 0.073242 0.074219
0 0.945801 0.491699 0.061523 0.061523
0 0.671875 0.433594 0.085938 0.085938
0 0.355957 0.917480 0.073242 0.073242
0 0.667480 0.863281 0.073242 0.074219
0 0.955078 0.162109 0.085938 0.085938
0 0.950195 0.275391 0.097656 0.097656
0 0.948730 0.387695 0.084961 0.085938
0 0.850098 0.657715 0.110352 0.110352
0 0.852539 0.544434 0.109375 0.110352
0 0.854004 0.429199 0.110352 0.110352
0 0.863281 0.312988 0.097656 0.098633
0 0.871094 0.214355 0.109375 0.110352
0 0.866211 0.129395 0.109375 0.110352
0 0.776855 0.065918 0.110352 0.110352
0 0.768066 0.164551 0.110352 0.110352
0 0.765137 0.281738 0.110352 0.110352
0 0.758789 0.380859 0.085938 0.085938
0 0.772461 0.495117 0.109375 0.111328
0 0.769531 0.588867 0.097656 0.097656
0 0.665039 0.642090 0.085938 0.086914
0 0.664062 0.542969 0.085938 0.085938
0 0.665527 0.340332 0.110352 0.110352
0 0.672363 0.212891 0.110352 0.111328
0 0.687500 0.102051 0.097656 0.098633
0 0.575195 0.056641 0.085938 0.085938
0 0.586914 0.154297 0.097656 0.097656
0 0.583984 0.267090 0.109375 0.110352
0 0.579102 0.374023 0.109375 0.111328
0 0.576172 0.487305 0.109375 0.111328
1 0.578613 0.617188 0.084961 0.085938
0 0.485352 0.644531 0.097656 0.097656
0 0.479492 0.539062 0.085938 0.085938
0 0.476562 0.430176 0.097656 0.098633
0 0.480469 0.319336 0.097656 0.097656
0 0.487305 0.209961 0.109375 0.111328
0 0.485352 0.108398 0.097656 0.097656
0 0.355469 0.164551 0.097656 0.098633
0 0.364258 0.276367 0.097656 0.097656
0 0.360352 0.380371 0.097656 0.098633
0 0.361328 0.467285 0.097656 0.098633
0 0.358887 0.596680 0.084961 0.085938
0 0.268555 0.650391 0.085938 0.085938
0 0.273926 0.529785 0.110352 0.110352
0 0.272461 0.420410 0.097656 0.098633
0 0.264648 0.314941 0.097656 0.098633
0 0.267578 0.225098 0.109375 0.110352
0 0.267578 0.095703 0.085938 0.085938
0 0.186523 0.154785 0.109375 0.110352
0 0.178711 0.257812 0.097656 0.097656
0 0.179688 0.368652 0.109375 0.110352
0 0.174316 0.458496 0.110352 0.110352
0 0.169922 0.573730 0.097656 0.098633
0 0.066406 0.631348 0.097656 0.098633
0 0.073242 0.736328 0.085938 0.085938
0 0.077148 0.499512 0.097656 0.098633
0 0.077148 0.397949 0.097656 0.098633
0 0.072266 0.294434 0.097656 0.098633
0 0.086914 0.193848 0.097656 0.098633
0 0.090820 0.074219 0.097656 0.097656
0 0.175781 0.692383 0.097656 0.097656
0 0.270996 0.755859 0.084961 0.085938
0 0.471680 0.761719 0.048828 0.048828
0 0.062500 0.857422 0.097656 0.097656
0 0.166016 0.916016 0.109375 0.111328
0 0.170898 0.820801 0.097656 0.098633
0 0.266602 0.852539 0.097656 0.097656
0 0.362793 0.701660 0.084961 0.086914
0 0.355957 0.804199 0.073242 0.073242
0 0.486816 0.869629 0.073242 0.073242
1 0.577148 0.700195 0.085938 0.085938
0 0.566895 0.821289 0.073242 0.074219
0 0.573242 0.926758 0.097656 0.097656
1 0.665527 0.761719 0.073242 0.074219
0 0.759277 0.721680 0.084961 0.085938
0 0.763184 0.824219 0.122070 0.123047
0 0.762207 0.907227 0.122070 0.123047
0 0.844727 0.770020 0.109375 0.110352
0 0.848145 0.889648 0.122070 0.123047
0 0.946289 0.948242 0.097656 0.097656
0 0.943848 0.823242 0.073242 0.074219
0 0.942383 0.713867 0.109375 0.111328