0 0.315430 0.528809 0.048828 0.049805
0 0.229492 0.541504 0.060547 0.061523
0 0.588379 0.786621 0.061523 0.061523
0 0.593750 0.565918 0.048828 0.049805
0 0.588867 0.910645 0.060547 0.061523
0 0.230469 0.749512 0.060547 0.061523
0 0.315430 0.652832 0.060547 0.061523
0 0.233398 0.636230 0.060547 0.061523
0 0.060547 0.809570 0.048828 0.048828
0 0.059570 0.715820 0.048828 0.048828
0 0.237305 0.843750 0.048828 0.048828
0 0.149414 0.880859 0.060547 0.060547
0 0.403809 0.595215 0.061523 0.061523
0 0.152832 0.804199 0.061523 0.061523
0 0.305664 0.875000 0.048828 0.048828
0 0.597168 0.124512 0.061523 0.061523
0 0.600098 0.238770 0.061523 0.061523
0 0.593750 0.453613 0.060547 0.061523
0 0.597656 0.339355 0.060547 0.061523
0 0.672852 0.418945 0.048828 0.048828
0 0.681152 0.079590 0.047852 0.049805
0 0.780762 0.132812 0.073242 0.074219
0 0.678223 0.308105 0.073242 0.073242
0 0.786621 0.353027 0.061523 0.061523
0 0.669922 0.868652 0.060547 0.061523
0 0.777344 0.813965 0.060547 0.061523
0 0.894531 0.846191 0.060547 0.061523
0 0.775391 0.931152 0.060547 0.061523
0 0.668945 0.634277 0.048828 0.049805
0 0.070801 0.437012 0.061523 0.061523
0 0.225098 0.311035 0.061523 0.061523
0 0.150391 0.117676 0.060547 0.061523
0 0.058594 0.243652 0.048828 0.049805
0 0.242188 0.216309 0.060547 0.061523
0 0.410645 0.475098 0.061523 0.061523
0 0.056641 0.128418 0.048828 0.049805
0 0.513184 0.091309 0.061523 0.061523
0 0.509766 0.183594 0.048828 0.048828
0 0.884766 0.974609 0.048828 0.048828
0 0.915039 0.110840 0.048828 0.049805
0 0.681152 0.186523 0.084961 0.085938
0 0.980957 0.476074 0.024414 0.024414
0 0.978027 0.271973 0.024414 0.024414
0 0.780273 0.468750 0.037109 0.037109
0 0.903809 0.443359 0.036133 0.037109
0 0.783691 0.220215 0.024414 0.024414
0 0.967773 0.931152 0.048828 0.049805
0 0.969238 0.807617 0.024414 0.025391
0 0.973633 0.700195 0.037109 0.037109
0 0.899414 0.653320 0.037109 0.037109
0 0.893555 0.749512 0.060547 0.061523
0 0.782227 0.587891 0.037109 0.037109
0 0.781250 0.705078 0.037109 0.037109
0 0.669922 0.773438 0.048828 0.048828
0 0.592285 0.689453 0.036133 0.037109
0 0.673828 0.530273 0.048828 0.048828
0 0.895508 0.546875 0.037109 0.037109
0 0.416992 0.043945 0.037109 0.037109
0 0.418945 0.148438 0.037109 0.037109
0 0.415039 0.246094 0.037109 0.037109
0 0.242188 0.088867 0.048828 0.048828
0 0.049805 0.049805 0.048828 0.048828
0 0.149414 0.215332 0.048828 0.049805
0 0.323730 0.296875 0.036133 0.037109
0 0.319336 0.425293 0.048828 0.049805
0 0.404785 0.694824 0.036133 0.036133
0 0.503906 0.510742 0.037109 0.037109
0 0.233398 0.423340 0.048828 0.049805
0 0.304688 0.756836 0.037109 0.037109
0 0.153320 0.400879 0.048828 0.049805
0 0.147949 0.504395 0.061523 0.061523
0 0.151367 0.584961 0.048828 0.048828
0 0.153320 0.666992 0.048828 0.048828
0 0.061523 0.604492 0.048828 0.048828
0 0.066406 0.511719 0.048828 0.048828
0 0.063477 0.344238 0.048828 0.049805
0 0.497559 0.841309 0.036133 0.036133
0 0.400391 0.935547 0.037109 0.037109
0 0.232422 0.945312 0.048828 0.048828
0 0.308594 0.976562 0.037109 0.037109
0 0.061035 0.895996 0.024414 0.024414