0 0.211914 0.089844 0.048828 0.048828
0 0.286133 0.152344 0.048828 0.048828
0 0.290527 0.928223 0.061523 0.061523
0 0.279785 0.814941 0.061523 0.061523
0 0.083984 0.945801 0.060547 0.061523
0 0.385742 0.207031 0.048828 0.048828
0 0.385742 0.325684 0.060547 0.061523
0 0.386719 0.100586 0.048828 0.048828
0 0.386230 0.657715 0.061523 0.061523
0 0.479492 0.375488 0.048828 0.049805
0 0.384766 0.420410 0.060547 0.061523
0 0.386719 0.766113 0.060547 0.061523
0 0.395996 0.539551 0.073242 0.073242
0 0.939941 0.861816 0.110352 0.110352
0 0.470703 0.815918 0.060547 0.061523
0 0.470703 0.924316 0.048828 0.049805
0 0.387695 0.887207 0.048828 0.049805
0 0.189453 0.876953 0.037109 0.037109
0 0.866211 0.820801 0.109375 0.110352
0 0.855469 0.920898 0.109375 0.111328
0 0.777832 0.776367 0.122070 0.123047
0 0.767090 0.875977 0.110352 0.111328
0 0.679199 0.822266 0.110352 0.111328
0 0.680176 0.925293 0.110352 0.110352
0 0.580078 0.859375 0.085938 0.085938
0 0.578125 0.104004 0.109375 0.110352
0 0.580566 0.212402 0.110352 0.110352
0 0.581543 0.312012 0.110352 0.110352
0 0.581543 0.424316 0.110352 0.110352
0 0.682617 0.371582 0.097656 0.098633
0 0.678711 0.260254 0.097656 0.098633
0 0.672852 0.151855 0.109375 0.110352
0 0.772949 0.087402 0.110352 0.110352
0 0.775391 0.208496 0.109375 0.110352
0 0.771484 0.312988 0.109375 0.110352
0 0.777344 0.424316 0.097656 0.098633
0 0.857910 0.373535 0.110352 0.110352
0 0.865723 0.268066 0.110352 0.110352
0 0.861816 0.153809 0.110352 0.110352
0 0.855957 0.058105 0.110352 0.110352
0 0.865234 0.486816 0.109375 0.110352
0 0.864258 0.603027 0.097656 0.098633
0 0.861328 0.713379 0.109375 0.110352
0 0.774414 0.553223 0.097656 0.098633
0 0.775391 0.643555 0.097656 0.097656
0 0.671387 0.491699 0.110352 0.110352
0 0.681641 0.598633 0.097656 0.097656
0 0.677246 0.709961 0.110352 0.111328
0 0.576172 0.751465 0.097656 0.098633
0 0.576172 0.662109 0.109375 0.111328
0 0.583496 0.545898 0.110352 0.111328
0 0.296875 0.257812 0.037109 0.037109
0 0.475586 0.266602 0.037109 0.037109
0 0.475586 0.496582 0.048828 0.049805
0 0.479492 0.601562 0.048828 0.048828
0 0.474121 0.706543 0.061523 0.061523
0 0.481445 0.042969 0.048828 0.048828
0 0.482422 0.143555 0.048828 0.048828
0 0.088867 0.818359 0.037109 0.037109