0 0.516113 0.927246 0.061523 0.061523
0 0.525879 0.831543 0.061523 0.061523
0 0.802246 0.902832 0.061523 0.061523
0 0.890625 0.946777 0.060547 0.061523
0 0.901855 0.181152 0.110352 0.110352
0 0.892090 0.067871 0.110352 0.110352
0 0.807617 0.125488 0.097656 0.098633
0 0.713867 0.186523 0.097656 0.097656
0 0.634277 0.133789 0.036133 0.037109
0 0.714844 0.069336 0.085938 0.085938
0 0.442871 0.124023 0.122070 0.123047
0 0.441895 0.217773 0.122070 0.123047
0 0.346191 0.182129 0.110352 0.110352
0 0.346191 0.073242 0.122070 0.123047
0 0.260254 0.123535 0.110352 0.110352
0 0.249023 0.216309 0.097656 0.098633
1 0.159668 0.171387 0.122070 0.122070
0 0.152832 0.077148 0.122070 0.123047
0 0.063965 0.114746 0.122070 0.122070
0 0.063477 0.216309 0.097656 0.098633
0 0.899414 0.294434 0.109375 0.110352
0 0.795410 0.243164 0.122070 0.123047
0 0.707520 0.305664 0.073242 0.074219
0 0.802734 0.344238 0.109375 0.110352
0 0.345215 0.307617 0.122070 0.123047
0 0.254395 0.342773 0.122070 0.123047
0 0.437012 0.344727 0.122070 0.123047
0 0.063965 0.334961 0.122070 0.123047
0 0.066895 0.450195 0.122070 0.123047
0 0.062988 0.560059 0.122070 0.122070
0 0.062988 0.670898 0.122070 0.123047
0 0.062012 0.784180 0.122070 0.123047
0 0.155762 0.751465 0.122070 0.122070
0 0.167969 0.633301 0.097656 0.098633
0 0.157715 0.530273 0.122070 0.123047
0 0.164551 0.401367 0.122070 0.123047
0 0.169434 0.276367 0.122070 0.123047
0 0.251465 0.462891 0.122070 0.123047
0 0.245605 0.563477 0.122070 0.123047
0 0.253418 0.682617 0.122070 0.123047
0 0.338379 0.732422 0.122070 0.123047
0 0.346191 0.621094 0.122070 0.123047
0 0.341309 0.502930 0.122070 0.123047
0 0.344727 0.400391 0.097656 0.097656
0 0.440918 0.442383 0.122070 0.123047
0 0.437012 0.583984 0.122070 0.123047
0 0.435547 0.684082 0.097656 0.098633
0 0.447754 0.798828 0.122070 0.123047
0 0.244629 0.771973 0.084961 0.086914
0 0.802246 0.443359 0.084961 0.085938
0 0.788574 0.555664 0.122070 0.123047
0 0.796875 0.679199 0.097656 0.098633
0 0.895508 0.398926 0.109375 0.110352
0 0.897461 0.511230 0.097656 0.098633
0 0.897461 0.626465 0.109375 0.110352
0 0.891113 0.728027 0.110352 0.110352
0 0.896973 0.836914 0.084961 0.085938
0 0.440430 0.896973 0.109375 0.110352
0 0.346680 0.833496 0.109375 0.110352
0 0.346191 0.936035 0.110352 0.110352
0 0.247070 0.893066 0.097656 0.098633
0 0.148438 0.892090 0.097656 0.098633
0 0.060547 0.895020 0.097656 0.098633
0 0.801758 0.779785 0.037109 0.036133
0 0.699707 0.760742 0.036133 0.037109
0 0.724121 0.900879 0.024414 0.024414
0 0.616211 0.881836 0.037109 0.037109
0 0.620117 0.786133 0.037109 0.037109
0 0.621094 0.669922 0.037109 0.037109