0 0.774414 0.032227 0.048828 0.048828
0 0.520020 0.166504 0.061523 0.061523
0 0.421387 0.100098 0.061523 0.061523
0 0.772949 0.236328 0.073242 0.074219
0 0.683105 0.167480 0.061523 0.061523
0 0.526367 0.070312 0.060547 0.060547
0 0.519043 0.261230 0.061523 0.061523
0 0.871094 0.181641 0.048828 0.048828
0 0.875977 0.073730 0.048828 0.049805
0 0.591309 0.223633 0.073242 0.074219
0 0.680664 0.054688 0.048828 0.048828
0 0.591797 0.097656 0.060547 0.060547
0 0.779297 0.127441 0.060547 0.061523
0 0.870605 0.545898 0.122070 0.123047
0 0.862793 0.651367 0.122070 0.123047
0 0.867676 0.776367 0.122070 0.123047
0 0.867676 0.885742 0.122070 0.123047
0 0.768066 0.924316 0.122070 0.122070
0 0.770996 0.824219 0.122070 0.123047
0 0.775879 0.718750 0.122070 0.123047
0 0.770020 0.640625 0.122070 0.123047
0 0.675293 0.542969 0.110352 0.111328
0 0.676270 0.660156 0.122070 0.123047
0 0.687012 0.768066 0.122070 0.122070
0 0.675293 0.883789 0.122070 0.123047
0 0.589355 0.933594 0.084961 0.085938
0 0.589844 0.818359 0.085938 0.085938
0 0.596191 0.698242 0.084961 0.085938
0 0.595215 0.601562 0.084961 0.085938
0 0.493164 0.649414 0.097656 0.097656
0 0.491699 0.769531 0.084961 0.085938
0 0.491211 0.873535 0.097656 0.098633
0 0.404785 0.594727 0.122070 0.123047
0 0.399902 0.712891 0.122070 0.123047
0 0.400879 0.822266 0.122070 0.123047
0 0.404785 0.934570 0.122070 0.123047
0 0.315918 0.649414 0.122070 0.123047
0 0.311035 0.771484 0.122070 0.123047
0 0.304199 0.872070 0.122070 0.123047
0 0.210938 0.926270 0.109375 0.110352
0 0.215332 0.819336 0.122070 0.123047
0 0.212891 0.707520 0.097656 0.098633
0 0.208496 0.587891 0.084961 0.085938
0 0.130859 0.643555 0.085938 0.085938
0 0.124512 0.759766 0.084961 0.085938
0 0.116211 0.865234 0.097656 0.097656
0 0.953613 0.508789 0.084961 0.085938
0 0.966797 0.130371 0.048828 0.049805
0 0.876953 0.260742 0.048828 0.048828
0 0.345703 0.046387 0.060547 0.061523
0 0.156738 0.049316 0.024414 0.024414
0 0.063965 0.082520 0.024414 0.024414