0 0.464844 0.836426 0.048828 0.049805
0 0.293945 0.621582 0.060547 0.061523
0 0.089844 0.727051 0.048828 0.049805
0 0.291992 0.849121 0.048828 0.049805
0 0.187012 0.678223 0.073242 0.073242
0 0.374512 0.786621 0.061523 0.061523
0 0.089844 0.612793 0.060547 0.061523
0 0.380859 0.568359 0.048828 0.048828
0 0.186523 0.894531 0.048828 0.048828
0 0.092285 0.069824 0.110352 0.110352
0 0.092285 0.180176 0.110352 0.110352
0 0.095215 0.297363 0.122070 0.122070
0 0.092773 0.406738 0.097656 0.098633
0 0.187988 0.119629 0.110352 0.110352
0 0.180664 0.238770 0.097656 0.098633
0 0.182617 0.353027 0.097656 0.098633
0 0.180664 0.463379 0.097656 0.098633
0 0.279297 0.072266 0.109375 0.111328
0 0.281250 0.182129 0.109375 0.110352
0 0.288574 0.296875 0.122070 0.123047
0 0.299316 0.402832 0.110352 0.110352
0 0.387207 0.110352 0.122070 0.123047
0 0.382324 0.242188 0.122070 0.123047
0 0.382324 0.354492 0.122070 0.123047
0 0.477051 0.173828 0.122070 0.123047
0 0.467285 0.284180 0.122070 0.123047
0 0.473633 0.402832 0.109375 0.110352
0 0.564941 0.453613 0.110352 0.110352
0 0.561035 0.337891 0.110352 0.111328
0 0.572754 0.233398 0.110352 0.111328
0 0.658691 0.092773 0.122070 0.123047
0 0.575684 0.123535 0.110352 0.110352
0 0.663086 0.191895 0.109375 0.110352
0 0.663574 0.307617 0.122070 0.123047
0 0.671387 0.398438 0.110352 0.111328
0 0.766113 0.131836 0.122070 0.123047
0 0.765137 0.237305 0.122070 0.123047
0 0.752930 0.344238 0.109375 0.110352
0 0.761230 0.440430 0.122070 0.123047
0 0.853027 0.187988 0.110352 0.110352
0 0.854004 0.076660 0.110352 0.110352
0 0.937012 0.247559 0.122070 0.122070
0 0.857910 0.328125 0.122070 0.123047
0 0.861816 0.429688 0.122070 0.123047
0 0.945312 0.667480 0.097656 0.098633
0 0.943359 0.779297 0.097656 0.097656
0 0.941406 0.885742 0.097656 0.097656
0 0.843262 0.631836 0.122070 0.123047
0 0.758301 0.664062 0.110352 0.111328
0 0.664551 0.714844 0.122070 0.123047
0 0.561523 0.779785 0.109375 0.110352
0 0.655273 0.822754 0.097656 0.098633
0 0.751953 0.772461 0.097656 0.097656
0 0.570312 0.883301 0.109375 0.110352
0 0.661133 0.947754 0.097656 0.098633
0 0.748535 0.885254 0.110352 0.110352
0 0.852051 0.834961 0.122070 0.123047
0 0.464844 0.711914 0.048828 0.048828
0 0.087891 0.538574 0.097656 0.098633
0 0.467773 0.506836 0.048828 0.048828
0 0.463867 0.615234 0.048828 0.048828
0 0.382812 0.675293 0.048828 0.049805
0 0.302246 0.715332 0.024414 0.024414
0 0.288086 0.521484 0.048828 0.048828
0 0.388672 0.454102 0.048828 0.048828
0 0.186523 0.567871 0.037109 0.036133
0 0.188477 0.787109 0.037109 0.037109
0 0.377930 0.897461 0.048828 0.048828
0 0.464355 0.938965 0.024414 0.024414
0 0.291504 0.952637 0.024414 0.024414
0 0.095215 0.945801 0.024414 0.024414
0 0.095215 0.832520 0.024414 0.024414