0 0.322754 0.388184 0.061523 0.061523
0 0.722656 0.802734 0.085938 0.085938
0 0.918945 0.729980 0.060547 0.061523
0 0.917480 0.832031 0.073242 0.074219
0 0.822266 0.654297 0.048828 0.048828
0 0.935059 0.107422 0.122070 0.123047
0 0.923828 0.249023 0.109375 0.111328
0 0.920410 0.371094 0.122070 0.123047
0 0.928223 0.479492 0.122070 0.123047
0 0.819336 0.096680 0.097656 0.097656
0 0.828125 0.202148 0.097656 0.097656
0 0.822266 0.329590 0.097656 0.098633
0 0.824707 0.432129 0.110352 0.110352
0 0.731934 0.173340 0.110352 0.110352
0 0.728516 0.276855 0.097656 0.098633
0 0.723633 0.383301 0.097656 0.098633
0 0.728516 0.503418 0.085938 0.086914
0 0.631348 0.105957 0.110352 0.110352
0 0.628418 0.221191 0.110352 0.110352
0 0.628418 0.329590 0.122070 0.122070
0 0.628418 0.445801 0.122070 0.122070
0 0.531250 0.149902 0.097656 0.098633
0 0.541992 0.264160 0.097656 0.098633
0 0.539062 0.380371 0.097656 0.098633
0 0.536133 0.505371 0.097656 0.098633
0 0.436523 0.105957 0.097656 0.098633
0 0.438477 0.209473 0.097656 0.098633
0 0.443359 0.327637 0.097656 0.098633
0 0.347168 0.046387 0.084961 0.086914
0 0.237305 0.103027 0.048828 0.049805
0 0.156250 0.061035 0.097656 0.098633
0 0.722168 0.596680 0.084961 0.085938
0 0.721680 0.710449 0.097656 0.098633
0 0.616211 0.752930 0.085938 0.085938
0 0.627930 0.663086 0.085938 0.085938
0 0.634766 0.552734 0.085938 0.085938
0 0.543945 0.604980 0.097656 0.098633
0 0.348633 0.707520 0.060547 0.061523
0 0.345703 0.606934 0.048828 0.049805
0 0.922852 0.603027 0.060547 0.061523
0 0.921387 0.927734 0.024414 0.025391
0 0.816406 0.877930 0.048828 0.048828
0 0.725586 0.909180 0.048828 0.048828
0 0.607422 0.874512 0.023438 0.024414
0 0.522461 0.821289 0.048828 0.048828
0 0.521973 0.937012 0.024414 0.024414
0 0.429199 0.874512 0.036133 0.036133
0 0.355469 0.804199 0.037109 0.036133
0 0.358398 0.923340 0.048828 0.049805
0 0.265137 0.847168 0.036133 0.036133
1 0.823242 0.556641 0.048828 0.048828
0 0.824707 0.767090 0.024414 0.024414
0 0.431152 0.554688 0.036133 0.037109
0 0.351074 0.489258 0.036133 0.037109
0 0.248047 0.543945 0.037109 0.037109
0 0.150391 0.597168 0.037109 0.036133
0 0.050293 0.644043 0.036133 0.036133
0 0.028809 0.768555 0.036133 0.037109
0 0.145020 0.720215 0.036133 0.036133
0 0.263672 0.662598 0.048828 0.049805
0 0.264648 0.751465 0.037109 0.036133
0 0.525391 0.714844 0.048828 0.048828
0 0.432617 0.652344 0.048828 0.048828
0 0.433105 0.753906 0.036133 0.037109
0 0.036133 0.230469 0.037109 0.037109
0 0.184570 0.187500 0.037109 0.037109
0 0.234863 0.313477 0.036133 0.037109
0 0.342773 0.168945 0.037109 0.037109
0 0.153320 0.373047 0.037109 0.037109
0 0.247559 0.414551 0.024414 0.024414
0 0.097168 0.490723 0.036133 0.036133
0 0.437500 0.440430 0.037109 0.037109