1 0.233398 0.919434 0.097656 0.098633
0 0.906250 0.093262 0.097656 0.098633
0 0.902832 0.198242 0.110352 0.111328
0 0.916992 0.309570 0.097656 0.097656
0 0.808594 0.146484 0.097656 0.097656
0 0.809570 0.262695 0.097656 0.097656
0 0.726562 0.090820 0.097656 0.097656
0 0.718750 0.320801 0.109375 0.110352
0 0.715820 0.203613 0.109375 0.110352
0 0.616211 0.143066 0.109375 0.110352
0 0.614746 0.268555 0.122070 0.123047
0 0.522949 0.080566 0.110352 0.110352
0 0.515137 0.190918 0.110352 0.110352
0 0.524902 0.273926 0.073242 0.073242
0 0.430664 0.142090 0.097656 0.098633
0 0.426270 0.254395 0.110352 0.110352
0 0.328125 0.090332 0.109375 0.110352
0 0.334961 0.205566 0.109375 0.110352
0 0.242188 0.142090 0.109375 0.110352
0 0.151855 0.092285 0.110352 0.110352
0 0.145996 0.202637 0.110352 0.110352
0 0.145020 0.308105 0.110352 0.110352
0 0.236816 0.252441 0.110352 0.110352
0 0.337891 0.315918 0.109375 0.110352
0 0.905273 0.427246 0.097656 0.098633
0 0.807617 0.368652 0.097656 0.098633
0 0.813477 0.476074 0.097656 0.098633
0 0.906738 0.536621 0.110352 0.110352
0 0.717773 0.544922 0.097656 0.097656
0 0.712891 0.427246 0.109375 0.110352
0 0.616211 0.371094 0.109375 0.111328
0 0.618652 0.479492 0.110352 0.111328
0 0.524902 0.403320 0.110352 0.111328
0 0.521973 0.534668 0.110352 0.110352
0 0.611816 0.589844 0.110352 0.111328
0 0.330078 0.430176 0.109375 0.110352
0 0.423828 0.489746 0.109375 0.110352
0 0.432617 0.359375 0.109375 0.111328
0 0.427734 0.589355 0.109375 0.110352
0 0.339355 0.539551 0.110352 0.110352
0 0.234863 0.584473 0.110352 0.110352
0 0.236328 0.473145 0.097656 0.098633
0 0.240723 0.364746 0.110352 0.110352
0 0.139160 0.408691 0.110352 0.110352
0 0.147461 0.515137 0.109375 0.110352
0 0.055664 0.367676 0.109375 0.110352
0 0.903320 0.652832 0.109375 0.110352
0 0.900391 0.761230 0.097656 0.098633
0 0.906250 0.853027 0.097656 0.098633
0 0.802734 0.595215 0.097656 0.098633
0 0.813477 0.709473 0.097656 0.098633
0 0.806152 0.818848 0.110352 0.110352
0 0.801270 0.937988 0.110352 0.110352
0 0.710449 0.652832 0.110352 0.110352
0 0.711426 0.763184 0.110352 0.110352
0 0.708984 0.878418 0.109375 0.110352
0 0.610840 0.709961 0.122070 0.123047
0 0.612305 0.815918 0.109375 0.110352
0 0.611328 0.924316 0.109375 0.110352
0 0.521973 0.869141 0.073242 0.074219
0 0.526855 0.765625 0.122070 0.123047
0 0.522461 0.642090 0.109375 0.110352
0 0.139160 0.861816 0.110352 0.110352
0 0.133301 0.766113 0.110352 0.110352
0 0.138672 0.638672 0.109375 0.111328
0 0.236328 0.697266 0.109375 0.111328
0 0.238281 0.806152 0.109375 0.110352
0 0.329102 0.870117 0.109375 0.111328
0 0.326172 0.750000 0.097656 0.097656
0 0.330566 0.637695 0.110352 0.111328
0 0.426270 0.695801 0.110352 0.110352
0 0.422852 0.806641 0.097656 0.097656
0 0.423340 0.920898 0.110352 0.111328