1 0.352539 0.938965 0.097656 0.098633
0 0.933594 0.059570 0.097656 0.097656
0 0.927734 0.166016 0.097656 0.097656
0 0.928711 0.282227 0.097656 0.097656
0 0.845703 0.110352 0.097656 0.097656
0 0.837891 0.340332 0.109375 0.110352
0 0.834961 0.223145 0.109375 0.110352
0 0.735352 0.162598 0.109375 0.110352
0 0.733887 0.288086 0.122070 0.123047
0 0.642090 0.100098 0.110352 0.110352
0 0.634277 0.210449 0.110352 0.110352
0 0.644043 0.293457 0.073242 0.073242
0 0.549805 0.161621 0.097656 0.098633
0 0.545410 0.273926 0.110352 0.110352
0 0.447266 0.109863 0.109375 0.110352
0 0.454102 0.225098 0.109375 0.110352
0 0.361328 0.161621 0.109375 0.110352
0 0.270996 0.111816 0.110352 0.110352
0 0.265137 0.222168 0.110352 0.110352
0 0.167969 0.056152 0.097656 0.098633
0 0.074219 0.101562 0.097656 0.097656
0 0.072266 0.208008 0.097656 0.097656
0 0.057617 0.328125 0.097656 0.097656
0 0.166504 0.157715 0.110352 0.110352
0 0.166992 0.277344 0.109375 0.111328
0 0.264160 0.327637 0.110352 0.110352
0 0.355957 0.271973 0.110352 0.110352
0 0.457031 0.335449 0.109375 0.110352
0 0.926758 0.388184 0.097656 0.098633
0 0.932617 0.495605 0.097656 0.098633
0 0.836914 0.564453 0.097656 0.097656
0 0.832031 0.446777 0.109375 0.110352
0 0.735352 0.390625 0.109375 0.111328
0 0.737793 0.499023 0.110352 0.111328
0 0.644043 0.422852 0.110352 0.111328
0 0.641113 0.554199 0.110352 0.110352
0 0.730957 0.609375 0.110352 0.111328
0 0.449219 0.449707 0.109375 0.110352
0 0.542969 0.509277 0.109375 0.110352
0 0.551758 0.378906 0.109375 0.111328
0 0.546875 0.608887 0.109375 0.110352
0 0.458496 0.559082 0.110352 0.110352
0 0.354004 0.604004 0.110352 0.110352
0 0.355469 0.492676 0.097656 0.098633
0 0.359863 0.384277 0.110352 0.110352
0 0.258301 0.428223 0.110352 0.110352
0 0.266602 0.534668 0.109375 0.110352
0 0.164551 0.500000 0.122070 0.123047
0 0.174805 0.387207 0.109375 0.110352
0 0.174316 0.607422 0.122070 0.123047
0 0.069336 0.559082 0.097656 0.098633
0 0.072266 0.439941 0.109375 0.110352
0 0.921875 0.614746 0.097656 0.098633
0 0.932617 0.729004 0.097656 0.098633
0 0.925293 0.838379 0.110352 0.110352
0 0.829590 0.672363 0.110352 0.110352
0 0.830566 0.782715 0.110352 0.110352
0 0.828125 0.897949 0.109375 0.110352
0 0.729980 0.729492 0.122070 0.123047
0 0.731445 0.835449 0.109375 0.110352
0 0.730469 0.943848 0.109375 0.110352
0 0.641113 0.888672 0.073242 0.074219
0 0.645996 0.785156 0.122070 0.123047
0 0.641602 0.661621 0.109375 0.110352
0 0.069336 0.879395 0.109375 0.110352
0 0.076172 0.767090 0.109375 0.110352
0 0.062988 0.657715 0.110352 0.110352
0 0.159668 0.712891 0.122070 0.123047
0 0.169434 0.814941 0.110352 0.110352
0 0.171875 0.936035 0.109375 0.110352
0 0.258301 0.881348 0.110352 0.110352
0 0.252441 0.785645 0.110352 0.110352
0 0.257812 0.658203 0.109375 0.111328
0 0.355469 0.716797 0.109375 0.111328
0 0.357422 0.825684 0.109375 0.110352
0 0.448242 0.889648 0.109375 0.111328
0 0.445312 0.769531 0.097656 0.097656
0 0.449707 0.657227 0.110352 0.111328
0 0.545410 0.715332 0.110352 0.110352
0 0.541992 0.826172 0.097656 0.097656
0 0.542480 0.940430 0.110352 0.111328