0 0.492188 0.878906 0.048828 0.048828
0 0.491699 0.781738 0.061523 0.061523
0 0.490234 0.668457 0.060547 0.061523
0 0.875000 0.691406 0.048828 0.048828
0 0.582031 0.615234 0.048828 0.048828
0 0.570801 0.938965 0.047852 0.049805
0 0.784180 0.733398 0.048828 0.048828
0 0.790527 0.853027 0.061523 0.061523
0 0.870117 0.904297 0.048828 0.048828
0 0.578125 0.727051 0.060547 0.061523
0 0.675781 0.880371 0.060547 0.061523
0 0.678223 0.791992 0.061523 0.060547
0 0.683594 0.673340 0.060547 0.061523
0 0.406738 0.823730 0.061523 0.061523
0 0.315430 0.688477 0.037109 0.037109
0 0.045410 0.643555 0.036133 0.037109
0 0.405273 0.724121 0.048828 0.049805
0 0.126953 0.618164 0.037109 0.037109
0 0.038086 0.749023 0.048828 0.048828
0 0.402832 0.950684 0.061523 0.061523
0 0.407715 0.628418 0.061523 0.061523
0 0.227051 0.509277 0.073242 0.073242
0 0.488770 0.572266 0.073242 0.074219
0 0.306152 0.334473 0.061523 0.061523
0 0.228516 0.416504 0.048828 0.049805
0 0.315918 0.238770 0.061523 0.061523
0 0.491211 0.377441 0.060547 0.061523
0 0.492188 0.470703 0.048828 0.048828
0 0.583984 0.413086 0.048828 0.048828
0 0.681152 0.461426 0.061523 0.061523
0 0.582520 0.515137 0.061523 0.061523
0 0.592285 0.310059 0.061523 0.061523
0 0.780273 0.406738 0.048828 0.049805
0 0.877441 0.357910 0.073242 0.073242
0 0.780273 0.292480 0.060547 0.061523
0 0.680664 0.354004 0.060547 0.061523
0 0.876953 0.574219 0.048828 0.048828
0 0.128418 0.139648 0.122070 0.123047
0 0.225586 0.091309 0.097656 0.098633
0 0.237793 0.206055 0.122070 0.123047
0 0.586914 0.086426 0.097656 0.098633
0 0.681152 0.135254 0.110352 0.110352
0 0.783203 0.086426 0.097656 0.098633
0 0.871094 0.143066 0.097656 0.098633
0 0.778320 0.218262 0.097656 0.098633
0 0.687012 0.244141 0.084961 0.085938
0 0.230469 0.304199 0.109375 0.110352
0 0.136719 0.240723 0.109375 0.110352
0 0.136230 0.343262 0.110352 0.110352
0 0.130371 0.518066 0.122070 0.122070
0 0.876953 0.247559 0.037109 0.036133
0 0.878906 0.466797 0.037109 0.037109
0 0.591797 0.187012 0.037109 0.036133
0 0.981934 0.632324 0.024414 0.024414
0 0.804688 0.970215 0.048828 0.049805
0 0.785645 0.625488 0.024414 0.024414
0 0.785645 0.512207 0.024414 0.024414
0 0.683105 0.564941 0.024414 0.024414
0 0.574707 0.843750 0.036133 0.037109
0 0.489746 0.167969 0.036133 0.037109
0 0.514160 0.308105 0.024414 0.024414
0 0.406250 0.289062 0.037109 0.037109
0 0.410156 0.193359 0.037109 0.037109
0 0.411133 0.077148 0.037109 0.037109
0 0.306152 0.455566 0.036133 0.036133
0 0.413086 0.412109 0.037109 0.037109
0 0.412109 0.522949 0.048828 0.049805
0 0.310059 0.562988 0.036133 0.036133
0 0.308594 0.787109 0.037109 0.037109
0 0.306641 0.903320 0.037109 0.037109
0 0.229492 0.728516 0.048828 0.048828
0 0.120605 0.739258 0.036133 0.037109
0 0.132324 0.865234 0.036133 0.037109
0 0.131836 0.948242 0.048828 0.048828
0 0.225586 0.841309 0.060547 0.061523
0 0.037109 0.858398 0.037109 0.037109