0 0.939453 0.092285 0.109375 0.110352
0 0.742676 0.083008 0.110352 0.111328
0 0.559082 0.089844 0.073242 0.074219
0 0.377441 0.076660 0.110352 0.110352
0 0.192383 0.099121 0.109375 0.110352
0 0.169434 0.208008 0.122070 0.123047
0 0.174316 0.315918 0.122070 0.122070
0 0.079590 0.371582 0.110352 0.110352
0 0.080566 0.260254 0.110352 0.110352
0 0.093262 0.147949 0.110352 0.110352
0 0.163574 0.431152 0.122070 0.122070
0 0.084473 0.511719 0.122070 0.123047
0 0.088379 0.613281 0.122070 0.123047
0 0.183105 0.513184 0.110352 0.110352
0 0.271484 0.477051 0.109375 0.110352
0 0.278320 0.354980 0.109375 0.110352
0 0.270508 0.254395 0.109375 0.110352
0 0.275391 0.146973 0.109375 0.110352
0 0.374512 0.193359 0.122070 0.123047
0 0.370605 0.305664 0.122070 0.123047
0 0.373047 0.410645 0.109375 0.110352
0 0.379883 0.506348 0.109375 0.110352
1 0.361816 0.641113 0.122070 0.122070
0 0.459961 0.591309 0.109375 0.110352
0 0.463379 0.471191 0.110352 0.110352
0 0.460449 0.369629 0.110352 0.110352
0 0.467285 0.251953 0.110352 0.111328
0 0.464355 0.147461 0.110352 0.111328
0 0.556641 0.194336 0.109375 0.111328
0 0.558594 0.305664 0.109375 0.111328
0 0.551758 0.414062 0.097656 0.097656
0 0.558594 0.528809 0.097656 0.098633
0 0.557129 0.646973 0.110352 0.110352
0 0.650391 0.695801 0.097656 0.098633
0 0.656250 0.594727 0.097656 0.097656
0 0.644531 0.480469 0.109375 0.111328
0 0.659668 0.360352 0.122070 0.123047
0 0.658691 0.245117 0.073242 0.074219
0 0.650391 0.150879 0.097656 0.098633
0 0.743652 0.210938 0.122070 0.123047
0 0.743652 0.307129 0.110352 0.110352
0 0.740234 0.410156 0.097656 0.097656
0 0.737305 0.530273 0.109375 0.111328
0 0.741211 0.646973 0.109375 0.110352
0 0.848633 0.587891 0.109375 0.111328
0 0.835449 0.479980 0.110352 0.110352
0 0.838379 0.362793 0.110352 0.110352
0 0.843262 0.261230 0.110352 0.110352
0 0.843750 0.140137 0.109375 0.110352
0 0.936523 0.198730 0.109375 0.110352
0 0.932617 0.305176 0.109375 0.110352
0 0.936523 0.400879 0.097656 0.098633
0 0.937988 0.537598 0.110352 0.110352
0 0.935059 0.645508 0.110352 0.111328
0 0.831543 0.699219 0.110352 0.111328
0 0.936523 0.753418 0.097656 0.098633
0 0.940430 0.864258 0.097656 0.097656
0 0.831055 0.804688 0.109375 0.111328
0 0.826172 0.915039 0.109375 0.111328
0 0.742188 0.745117 0.109375 0.111328
0 0.735352 0.860840 0.109375 0.110352
0 0.643555 0.804199 0.097656 0.098633
0 0.647461 0.908691 0.097656 0.098633
0 0.553711 0.747559 0.097656 0.098633
0 0.547363 0.853027 0.110352 0.110352
0 0.458984 0.691895 0.097656 0.098633
0 0.458008 0.802246 0.109375 0.110352
0 0.458984 0.909668 0.109375 0.110352
1 0.367188 0.740723 0.097656 0.098633
0 0.369629 0.849121 0.110352 0.110352
0 0.279297 0.703613 0.097656 0.098633
0 0.267578 0.799316 0.097656 0.098633
0 0.263672 0.917480 0.097656 0.098633
0 0.173340 0.763672 0.122070 0.123047
0 0.171875 0.851074 0.097656 0.098633
0 0.069824 0.815430 0.122070 0.123047