0 0.366211 0.342773 0.048828 0.048828
0 0.073242 0.952148 0.048828 0.048828
0 0.363281 0.906738 0.060547 0.061523
0 0.270020 0.511230 0.061523 0.061523
0 0.268066 0.855957 0.061523 0.061523
0 0.271973 0.953613 0.061523 0.061523
0 0.364746 0.448730 0.061523 0.061523
0 0.554688 0.862305 0.048828 0.048828
0 0.474609 0.886719 0.048828 0.048828
0 0.365234 0.547363 0.048828 0.049805
0 0.364258 0.647949 0.048828 0.049805
0 0.659180 0.857422 0.048828 0.048828
0 0.560547 0.729492 0.048828 0.048828
0 0.655273 0.940430 0.048828 0.048828
0 0.739258 0.939453 0.048828 0.048828
0 0.661133 0.760742 0.037109 0.037109
0 0.551758 0.963867 0.048828 0.048828
0 0.477539 0.771484 0.037109 0.037109
0 0.077148 0.747559 0.048828 0.049805
0 0.077148 0.846680 0.048828 0.048828
0 0.855469 0.363281 0.048828 0.048828
0 0.853516 0.469727 0.048828 0.048828
0 0.846680 0.566406 0.037109 0.037109
0 0.847656 0.655273 0.037109 0.037109
0 0.940430 0.404297 0.048828 0.048828
0 0.942383 0.518066 0.060547 0.061523
0 0.932617 0.638672 0.037109 0.037109
0 0.476562 0.405273 0.048828 0.048828
0 0.474609 0.493164 0.048828 0.048828
0 0.479004 0.597168 0.036133 0.036133
0 0.472656 0.679199 0.048828 0.049805
0 0.567383 0.616211 0.037109 0.037109
0 0.629395 0.579102 0.036133 0.037109
0 0.577148 0.505859 0.037109 0.037109
0 0.583008 0.383789 0.037109 0.037109
0 0.958496 0.053223 0.024414 0.024414
0 0.951660 0.180176 0.024414 0.024414
0 0.945312 0.294434 0.048828 0.049805
0 0.865723 0.120605 0.024414 0.024414
0 0.859863 0.229980 0.024414 0.024414
0 0.794922 0.039551 0.048828 0.049805
0 0.789062 0.170898 0.037109 0.037109
0 0.791016 0.273438 0.048828 0.048828
0 0.788574 0.403320 0.036133 0.037109
0 0.092773 0.094727 0.037109 0.037109
0 0.083008 0.187012 0.037109 0.036133
0 0.091797 0.300293 0.037109 0.036133
0 0.088867 0.382324 0.037109 0.036133
0 0.086914 0.471680 0.037109 0.037109
0 0.081055 0.549805 0.037109 0.037109
0 0.181641 0.502441 0.048828 0.049805
0 0.193359 0.386230 0.048828 0.049805
0 0.198242 0.287598 0.037109 0.036133
0 0.202148 0.206055 0.037109 0.037109
0 0.212402 0.088867 0.036133 0.037109
0 0.295410 0.125000 0.036133 0.037109
0 0.300293 0.214844 0.036133 0.037109
0 0.290527 0.308594 0.036133 0.037109
0 0.281738 0.409668 0.036133 0.036133
0 0.366211 0.247070 0.037109 0.037109
0 0.366211 0.162109 0.037109 0.037109
0 0.365234 0.088867 0.037109 0.037109
0 0.271973 0.618164 0.036133 0.037109
0 0.178711 0.612305 0.037109 0.037109
0 0.077637 0.643555 0.036133 0.037109
0 0.792969 0.518555 0.048828 0.048828