0 0.537109 0.918945 0.048828 0.048828
0 0.347168 0.963379 0.061523 0.061523
0 0.906250 0.954102 0.037109 0.037109
0 0.636230 0.909180 0.036133 0.037109
0 0.717773 0.883789 0.037109 0.037109
0 0.817871 0.774902 0.073242 0.073242
0 0.896973 0.600098 0.061523 0.061523
0 0.819336 0.682129 0.048828 0.049805
0 0.906738 0.504395 0.061523 0.061523
0 0.157715 0.065918 0.110352 0.110352
0 0.068848 0.117676 0.110352 0.110352
0 0.062012 0.239258 0.122070 0.123047
0 0.056641 0.465332 0.109375 0.110352
0 0.163574 0.391602 0.122070 0.123047
0 0.156738 0.295898 0.122070 0.123047
0 0.159180 0.163574 0.097656 0.098633
0 0.246582 0.136719 0.122070 0.123047
0 0.248535 0.238281 0.122070 0.123047
0 0.244629 0.342773 0.122070 0.123047
0 0.240723 0.460938 0.122070 0.123047
0 0.340332 0.412109 0.122070 0.123047
0 0.340332 0.297852 0.122070 0.123047
0 0.346191 0.183105 0.122070 0.122070
0 0.346191 0.073730 0.122070 0.122070
0 0.447754 0.123047 0.122070 0.123047
0 0.443848 0.232910 0.122070 0.122070
0 0.443848 0.343750 0.122070 0.123047
0 0.442871 0.457031 0.122070 0.123047
0 0.536621 0.424316 0.122070 0.122070
0 0.548828 0.306152 0.097656 0.098633
0 0.538574 0.203125 0.122070 0.123047
0 0.545410 0.074219 0.122070 0.123047
0 0.632324 0.135742 0.122070 0.123047
0 0.626465 0.236328 0.122070 0.123047
0 0.634277 0.355469 0.122070 0.123047
0 0.719238 0.405273 0.122070 0.123047
0 0.727051 0.293945 0.122070 0.123047
0 0.722168 0.175781 0.122070 0.123047
0 0.725586 0.073242 0.097656 0.097656
0 0.821777 0.115234 0.122070 0.123047
0 0.817871 0.256836 0.122070 0.123047
0 0.816406 0.356934 0.097656 0.098633
0 0.828613 0.471680 0.122070 0.123047
0 0.625488 0.444824 0.084961 0.086914
0 0.821289 0.569824 0.109375 0.110352
0 0.727539 0.506348 0.109375 0.110352
0 0.727051 0.608887 0.110352 0.110352
0 0.721191 0.783691 0.122070 0.122070
0 0.622070 0.795410 0.097656 0.098633
0 0.618652 0.692871 0.110352 0.110352
0 0.627930 0.565918 0.097656 0.098633
0 0.529297 0.564941 0.097656 0.098633
0 0.529785 0.705078 0.122070 0.123047
0 0.529297 0.839355 0.109375 0.110352
0 0.441406 0.567871 0.097656 0.098633
0 0.439941 0.671875 0.122070 0.123047
0 0.440430 0.789551 0.097656 0.098633
0 0.345215 0.857422 0.110352 0.111328
0 0.332031 0.516113 0.097656 0.098633
0 0.343750 0.629395 0.097656 0.098633
0 0.335938 0.735352 0.097656 0.097656
0 0.248047 0.563965 0.097656 0.098633
0 0.250977 0.675781 0.097656 0.097656
0 0.248047 0.789062 0.109375 0.111328
0 0.253906 0.884766 0.085938 0.085938
0 0.171387 0.569336 0.122070 0.123047
0 0.160156 0.710938 0.109375 0.111328
0 0.156738 0.833008 0.122070 0.123047
0 0.055664 0.558594 0.097656 0.097656
0 0.064453 0.664062 0.097656 0.097656
0 0.058594 0.791504 0.097656 0.098633
0 0.061035 0.894043 0.110352 0.110352
0 0.896973 0.721191 0.036133 0.036133
0 0.900879 0.828613 0.036133 0.036133
0 0.440430 0.914062 0.048828 0.048828