0 0.405273 0.066406 0.048828 0.048828
0 0.409668 0.842285 0.061523 0.061523
0 0.398926 0.729004 0.061523 0.061523
0 0.204102 0.957520 0.060547 0.061523
0 0.120605 0.799316 0.061523 0.061523
0 0.203125 0.859863 0.060547 0.061523
0 0.109863 0.904297 0.061523 0.060547
0 0.504883 0.121094 0.048828 0.048828
0 0.504883 0.239746 0.060547 0.061523
0 0.505371 0.571777 0.061523 0.061523
0 0.598633 0.289551 0.048828 0.049805
0 0.503906 0.334473 0.060547 0.061523
0 0.505859 0.680176 0.060547 0.061523
0 0.494629 0.912598 0.061523 0.061523
0 0.515137 0.453613 0.073242 0.073242
0 0.589844 0.729980 0.060547 0.061523
0 0.589844 0.838379 0.048828 0.049805
0 0.588867 0.933105 0.048828 0.049805
0 0.506836 0.801270 0.048828 0.049805
0 0.308594 0.791016 0.037109 0.037109
0 0.297852 0.896484 0.048828 0.048828
0 0.896973 0.690430 0.122070 0.123047
0 0.886230 0.790039 0.110352 0.111328
0 0.884277 0.895996 0.110352 0.110352
0 0.798340 0.736328 0.110352 0.111328
0 0.799316 0.839355 0.110352 0.110352
0 0.699219 0.773438 0.085938 0.085938
0 0.699707 0.879883 0.122070 0.123047
0 0.699707 0.126465 0.110352 0.110352
0 0.700684 0.226074 0.110352 0.110352
0 0.700684 0.338379 0.110352 0.110352
0 0.801758 0.285645 0.097656 0.098633
0 0.797852 0.174316 0.097656 0.098633
0 0.791992 0.065918 0.109375 0.110352
0 0.894531 0.122559 0.109375 0.110352
0 0.890625 0.227051 0.109375 0.110352
0 0.896484 0.338379 0.097656 0.098633
0 0.893555 0.467285 0.097656 0.098633
0 0.894531 0.557617 0.097656 0.097656
0 0.790527 0.405762 0.110352 0.110352
0 0.800781 0.512695 0.097656 0.097656
0 0.796387 0.624023 0.110352 0.111328
0 0.695312 0.665527 0.097656 0.098633
0 0.695312 0.576172 0.109375 0.111328
0 0.702637 0.459961 0.110352 0.111328
0 0.416016 0.171875 0.037109 0.037109
0 0.033691 0.164551 0.024414 0.024414
0 0.594727 0.180664 0.037109 0.037109
0 0.594727 0.410645 0.048828 0.049805
0 0.598633 0.515625 0.048828 0.048828
0 0.593262 0.620605 0.061523 0.061523
0 0.601562 0.057617 0.048828 0.048828
0 0.131836 0.568359 0.048828 0.048828
0 0.208008 0.732422 0.037109 0.037109
0 0.123535 0.681152 0.024414 0.024414
0 0.021973 0.496094 0.024414 0.025391
0 0.026367 0.388672 0.037109 0.037109