0 0.458496 0.391602 0.073242 0.074219
0 0.828125 0.372559 0.048828 0.049805
0 0.742188 0.385254 0.060547 0.061523
0 0.388672 0.871094 0.048828 0.048828
0 0.391602 0.669922 0.048828 0.048828
0 0.387695 0.777344 0.048828 0.048828
0 0.657227 0.835449 0.060547 0.061523
0 0.743164 0.593262 0.060547 0.061523
0 0.828125 0.496582 0.060547 0.061523
0 0.746094 0.479980 0.060547 0.061523
0 0.387207 0.554199 0.061523 0.061523
0 0.573242 0.653320 0.048828 0.048828
0 0.461914 0.718750 0.037109 0.037109
0 0.572266 0.559570 0.048828 0.048828
0 0.750000 0.687500 0.048828 0.048828
0 0.662109 0.724609 0.060547 0.060547
0 0.916504 0.438965 0.061523 0.061523
0 0.462402 0.604492 0.073242 0.074219
0 0.665527 0.647949 0.061523 0.061523
0 0.460938 0.935059 0.060547 0.061523
0 0.818359 0.718750 0.048828 0.048828
0 0.453125 0.832031 0.048828 0.048828
0 0.652832 0.922852 0.073242 0.074219
0 0.462402 0.502930 0.073242 0.074219
0 0.173828 0.957520 0.048828 0.049805
0 0.184570 0.650879 0.048828 0.049805
0 0.274902 0.599121 0.061523 0.061523
0 0.073242 0.693848 0.060547 0.061523
0 0.178711 0.849609 0.048828 0.048828
0 0.070312 0.942871 0.048828 0.049805
0 0.272461 0.832520 0.060547 0.061523
0 0.181641 0.749512 0.048828 0.049805
0 0.077148 0.613770 0.060547 0.061523
0 0.181641 0.552734 0.037109 0.037109
0 0.270508 0.714355 0.048828 0.049805
0 0.077148 0.491699 0.048828 0.049805
0 0.283691 0.497070 0.036133 0.037109
0 0.583496 0.280762 0.061523 0.061523
0 0.737793 0.154785 0.061523 0.061523
0 0.467773 0.287109 0.048828 0.048828
0 0.571289 0.087402 0.048828 0.049805
0 0.754883 0.060059 0.060547 0.061523
0 0.923340 0.318848 0.061523 0.061523
0 0.917969 0.890137 0.037109 0.036133
0 0.742188 0.882812 0.037109 0.037109
0 0.577148 0.874023 0.048828 0.048828
0 0.272949 0.930664 0.036133 0.037109
0 0.927734 0.089844 0.037109 0.037109
0 0.189941 0.108398 0.024414 0.025391
0 0.291016 0.052734 0.048828 0.048828
0 0.468750 0.059082 0.048828 0.049805
0 0.662109 0.059082 0.048828 0.049805
0 0.836426 0.140625 0.036133 0.037109
0 0.832031 0.269043 0.048828 0.049805
0 0.917480 0.538574 0.036133 0.036133
0 0.746094 0.267090 0.048828 0.049805
0 0.817383 0.600586 0.037109 0.037109
0 0.666016 0.244629 0.048828 0.049805
0 0.660645 0.348145 0.061523 0.061523
0 0.664062 0.428711 0.048828 0.048828
0 0.666016 0.510742 0.048828 0.048828
0 0.574219 0.448242 0.048828 0.048828
0 0.579102 0.355469 0.048828 0.048828
0 0.576172 0.187988 0.048828 0.049805
0 0.463867 0.172852 0.048828 0.048828
0 0.390137 0.216309 0.024414 0.024414
0 0.395020 0.341309 0.024414 0.024414
0 0.396973 0.456055 0.024414 0.025391
0 0.280762 0.383301 0.024414 0.024414
0 0.280762 0.145020 0.024414 0.024414
0 0.913086 0.779297 0.037109 0.037109
0 0.745117 0.789062 0.048828 0.048828
0 0.821289 0.820312 0.037109 0.037109
0 0.573730 0.739746 0.024414 0.024414
0 0.580566 0.969238 0.024414 0.024414
0 0.084961 0.058594 0.048828 0.048828
0 0.087891 0.169922 0.048828 0.048828
0 0.188965 0.329590 0.024414 0.024414
0 0.072754 0.416992 0.036133 0.037109