0 0.317383 0.543457 0.060547 0.061523
0 0.219727 0.620605 0.060547 0.061523
0 0.218262 0.722656 0.073242 0.074219
0 0.123047 0.544922 0.048828 0.048828
0 0.601562 0.347656 0.048828 0.048828
0 0.503418 0.437012 0.061523 0.061523
0 0.411621 0.392090 0.061523 0.061523
0 0.770020 0.864746 0.061523 0.061523
0 0.695312 0.671387 0.060547 0.061523
0 0.603516 0.797363 0.048828 0.049805
0 0.787109 0.770020 0.060547 0.061523
0 0.970703 0.382812 0.037109 0.037109
0 0.700684 0.337891 0.036133 0.037109
0 0.505371 0.667480 0.061523 0.061523
0 0.782227 0.312500 0.037109 0.037109
0 0.693359 0.443359 0.048828 0.048828
0 0.601562 0.682129 0.048828 0.049805
0 0.425781 0.605957 0.048828 0.049805
0 0.882324 0.203613 0.073242 0.073242
0 0.883789 0.110840 0.048828 0.049805
0 0.785645 0.212402 0.122070 0.122070
0 0.686523 0.224121 0.097656 0.098633
0 0.683105 0.121582 0.110352 0.110352
0 0.594238 0.133789 0.122070 0.123047
0 0.593750 0.268066 0.109375 0.110352
0 0.504395 0.100586 0.122070 0.123047
0 0.504883 0.218262 0.097656 0.098633
0 0.409668 0.286133 0.110352 0.111328
0 0.408203 0.058105 0.097656 0.098633
0 0.400391 0.164062 0.097656 0.097656
0 0.315430 0.104492 0.097656 0.097656
0 0.312500 0.217773 0.109375 0.111328
0 0.318359 0.313477 0.085938 0.085938
0 0.224609 0.139648 0.109375 0.111328
0 0.221191 0.261719 0.122070 0.123047
0 0.229004 0.370117 0.122070 0.123047
0 0.128906 0.092773 0.097656 0.097656
0 0.123047 0.220215 0.097656 0.098633
0 0.125488 0.322754 0.110352 0.110352
0 0.961426 0.149902 0.036133 0.036133
0 0.965332 0.257324 0.036133 0.036133
0 0.963867 0.481445 0.037109 0.037109
0 0.961914 0.597656 0.037109 0.037109
0 0.963867 0.702148 0.037109 0.037109
0 0.959961 0.799805 0.037109 0.037109
0 0.884766 0.422852 0.048828 0.048828
0 0.775879 0.433594 0.036133 0.037109
0 0.787598 0.559570 0.036133 0.037109
0 0.787109 0.642578 0.048828 0.048828
0 0.880859 0.535645 0.060547 0.061523
0 0.692383 0.552734 0.037109 0.037109
0 0.594727 0.603516 0.048828 0.048828
0 0.597656 0.499023 0.037109 0.037109
0 0.504883 0.342773 0.048828 0.048828
0 0.500000 0.550293 0.048828 0.049805
0 0.426758 0.697754 0.048828 0.049805
0 0.422363 0.506348 0.061523 0.061523
0 0.308594 0.431152 0.048828 0.049805
0 0.223633 0.493652 0.060547 0.061523
0 0.222168 0.818359 0.024414 0.025391
0 0.323242 0.762695 0.048828 0.048828
0 0.317383 0.645020 0.048828 0.049805
0 0.500977 0.769043 0.048828 0.049805
0 0.694336 0.769043 0.048828 0.049805
0 0.868652 0.850586 0.036133 0.037109
0 0.698242 0.954590 0.048828 0.049805
0 0.608398 0.897949 0.048828 0.049805
0 0.496094 0.882812 0.048828 0.048828
0 0.422363 0.926270 0.024414 0.024414
0 0.312988 0.854980 0.024414 0.024414
0 0.117188 0.768555 0.048828 0.048828
0 0.120117 0.879883 0.048828 0.048828
0 0.026367 0.799805 0.048828 0.048828
1 0.124023 0.447266 0.048828 0.048828
0 0.125488 0.657715 0.024414 0.024414