0 0.060059 0.292969 0.073242 0.074219
0 0.266602 0.057129 0.048828 0.049805
0 0.361328 0.135254 0.048828 0.049805
0 0.258789 0.288574 0.048828 0.049805
0 0.153320 0.125488 0.037109 0.036133
0 0.063477 0.212891 0.048828 0.048828
0 0.359863 0.229980 0.036133 0.036133
0 0.059082 0.395508 0.061523 0.060547
0 0.148926 0.558594 0.061523 0.060547
0 0.351562 0.387207 0.048828 0.049805
0 0.247070 0.608398 0.060547 0.060547
0 0.251953 0.424805 0.048828 0.048828
0 0.356445 0.468750 0.048828 0.048828
0 0.342773 0.552734 0.048828 0.048828
0 0.440918 0.486328 0.036133 0.037109
0 0.815918 0.294434 0.061523 0.061523
0 0.931641 0.115723 0.097656 0.098633
0 0.936523 0.233887 0.097656 0.098633
0 0.841797 0.613770 0.060547 0.061523
0 0.838867 0.513184 0.048828 0.049805
0 0.922363 0.780762 0.036133 0.036133
0 0.922363 0.910645 0.024414 0.024414
0 0.848633 0.710449 0.037109 0.036133
0 0.851562 0.829590 0.048828 0.049805
0 0.845703 0.960938 0.037109 0.037109
0 0.758301 0.753418 0.036133 0.036133
0 0.924316 0.460938 0.036133 0.037109
0 0.844238 0.395508 0.036133 0.037109
0 0.741211 0.450195 0.037109 0.037109
0 0.643555 0.503418 0.037109 0.036133
0 0.543457 0.550293 0.036133 0.036133
0 0.521973 0.674805 0.036133 0.037109
0 0.638184 0.626465 0.036133 0.036133
0 0.756836 0.568848 0.048828 0.049805
0 0.757812 0.657715 0.037109 0.036133
0 0.925781 0.558594 0.048828 0.048828
0 0.926270 0.660156 0.036133 0.037109
0 0.149414 0.333984 0.037109 0.037109
0 0.271484 0.163574 0.048828 0.049805
0 0.462402 0.301270 0.036133 0.036133
0 0.529297 0.136719 0.037109 0.037109
0 0.677734 0.093750 0.037109 0.037109
0 0.728027 0.219727 0.036133 0.037109
0 0.835938 0.075195 0.037109 0.037109
0 0.646484 0.279297 0.037109 0.037109
0 0.740723 0.320801 0.024414 0.024414
0 0.432129 0.181641 0.036133 0.037109
0 0.056641 0.692383 0.048828 0.048828
0 0.149902 0.445312 0.036133 0.037109
0 0.257812 0.518555 0.037109 0.037109
0 0.347168 0.698242 0.024414 0.025391
0 0.428223 0.698242 0.036133 0.037109
0 0.590332 0.396973 0.036133 0.036133
0 0.930664 0.346680 0.037109 0.037109
0 0.149414 0.884766 0.037109 0.037109
0 0.139648 0.977051 0.037109 0.036133
0 0.269043 0.878906 0.036133 0.037109
0 0.352051 0.915039 0.036133 0.037109
0 0.422852 0.952148 0.037109 0.037109
0 0.421875 0.878906 0.037109 0.037109