0 0.364258 0.466309 0.060547 0.061523
0 0.087891 0.454102 0.048828 0.048828
0 0.472656 0.383301 0.060547 0.061523
0 0.187500 0.387695 0.048828 0.048828
0 0.549316 0.435059 0.061523 0.061523
0 0.195312 0.478516 0.048828 0.048828
0 0.661621 0.411621 0.061523 0.061523
0 0.276367 0.442383 0.048828 0.048828
0 0.083984 0.329102 0.048828 0.048828
0 0.753906 0.404297 0.048828 0.048828
0 0.374023 0.283691 0.060547 0.061523
0 0.278809 0.232910 0.061523 0.061523
0 0.282715 0.330566 0.061523 0.061523
0 0.565430 0.239258 0.048828 0.048828
0 0.485352 0.263672 0.048828 0.048828
0 0.669922 0.234375 0.048828 0.048828
0 0.571289 0.106445 0.048828 0.048828
0 0.666016 0.317383 0.048828 0.048828
0 0.750000 0.316406 0.048828 0.048828
0 0.270020 0.649902 0.061523 0.061523
0 0.659668 0.506348 0.061523 0.061523
0 0.083496 0.633301 0.061523 0.061523
0 0.188477 0.649414 0.060547 0.060547
0 0.474609 0.595215 0.060547 0.061523
0 0.193359 0.569824 0.060547 0.061523
0 0.363770 0.550293 0.061523 0.061523
0 0.361816 0.654785 0.061523 0.061523
0 0.086914 0.556641 0.060547 0.060547
0 0.648926 0.903320 0.073242 0.074219
0 0.471680 0.501465 0.060547 0.061523
0 0.279785 0.557129 0.061523 0.061523
0 0.365723 0.849609 0.073242 0.074219
0 0.471191 0.671387 0.061523 0.061523
0 0.558105 0.848145 0.061523 0.061523
0 0.563477 0.941895 0.060547 0.061523
0 0.558594 0.538574 0.060547 0.061523
0 0.563477 0.634277 0.060547 0.061523
0 0.744629 0.600098 0.061523 0.061523
0 0.744141 0.497559 0.060547 0.061523
0 0.660645 0.585449 0.061523 0.061523
0 0.666992 0.662598 0.048828 0.049805
0 0.750977 0.683105 0.048828 0.049805
0 0.820312 0.649414 0.048828 0.048828
0 0.830078 0.546875 0.048828 0.048828
0 0.744141 0.852539 0.048828 0.048828
0 0.740234 0.957031 0.048828 0.048828
0 0.469238 0.887695 0.084961 0.085938
0 0.366699 0.943359 0.084961 0.085938
0 0.283203 0.904297 0.097656 0.097656
0 0.188477 0.833984 0.085938 0.085938
0 0.180664 0.936523 0.097656 0.097656
0 0.070801 0.888672 0.084961 0.085938
0 0.671875 0.137695 0.037109 0.037109
0 0.562500 0.340820 0.048828 0.048828
0 0.488281 0.148438 0.037109 0.037109
0 0.087891 0.124512 0.048828 0.049805
0 0.087891 0.223633 0.048828 0.048828
0 0.858398 0.032227 0.037109 0.037109
0 0.483398 0.056152 0.048828 0.049805
0 0.088379 0.020508 0.036133 0.037109