0 0.528809 0.444336 0.073242 0.074219
0 0.058594 0.502441 0.060547 0.061523
0 0.524902 0.652832 0.061523 0.061523
0 0.250000 0.739746 0.048828 0.049805
0 0.349609 0.551758 0.048828 0.048828
0 0.037598 0.679199 0.073242 0.073242
0 0.058594 0.572754 0.048828 0.049805
0 0.353027 0.670410 0.061523 0.061523
0 0.160156 0.569824 0.060547 0.061523
0 0.447754 0.911621 0.061523 0.061523
0 0.250488 0.626465 0.061523 0.061523
0 0.150879 0.661621 0.073242 0.073242
0 0.890137 0.767090 0.061523 0.061523
0 0.611816 0.920898 0.084961 0.085938
0 0.805664 0.919434 0.097656 0.098633
0 0.053223 0.942383 0.084961 0.085938
0 0.910645 0.229004 0.110352 0.110352
0 0.916992 0.339355 0.097656 0.098633
0 0.908203 0.460449 0.097656 0.098633
0 0.909668 0.565918 0.110352 0.110352
0 0.909180 0.677246 0.097656 0.098633
0 0.821777 0.180176 0.110352 0.110352
0 0.812012 0.282715 0.110352 0.110352
0 0.809082 0.397949 0.110352 0.110352
0 0.817383 0.499512 0.109375 0.110352
0 0.813477 0.642090 0.109375 0.110352
0 0.809570 0.739258 0.085938 0.085938
0 0.722656 0.232910 0.109375 0.110352
0 0.720703 0.339355 0.109375 0.110352
0 0.718750 0.455566 0.109375 0.110352
0 0.714844 0.567871 0.109375 0.110352
0 0.724121 0.665527 0.110352 0.110352
0 0.626953 0.287598 0.097656 0.098633
0 0.619141 0.394043 0.109375 0.110352
0 0.616699 0.501465 0.110352 0.110352
0 0.618652 0.623047 0.084961 0.085938
0 0.620605 0.730469 0.073242 0.074219
0 0.531738 0.229492 0.084961 0.085938
0 0.521973 0.345215 0.110352 0.110352
0 0.530762 0.556641 0.073242 0.074219
0 0.533691 0.734375 0.073242 0.074219
0 0.441895 0.177246 0.110352 0.110352
0 0.428223 0.275879 0.110352 0.110352
0 0.429199 0.378906 0.073242 0.074219
0 0.429688 0.479492 0.085938 0.085938
0 0.437500 0.571289 0.085938 0.085938
0 0.440430 0.689941 0.097656 0.098633
0 0.351562 0.458984 0.037109 0.037109
0 0.258301 0.519531 0.036133 0.037109
0 0.145508 0.748535 0.048828 0.049805
0 0.354492 0.234863 0.109375 0.110352
0 0.343750 0.334961 0.109375 0.111328
0 0.266113 0.190430 0.122070 0.123047
0 0.255371 0.290039 0.110352 0.111328
0 0.253418 0.395996 0.110352 0.110352
0 0.167480 0.236328 0.110352 0.111328
0 0.168457 0.339355 0.110352 0.110352
0 0.159668 0.451660 0.110352 0.110352
0 0.068359 0.273438 0.085938 0.085938
0 0.068848 0.379883 0.122070 0.123047
0 0.905762 0.108887 0.110352 0.110352
0 0.821777 0.068848 0.110352 0.110352
0 0.722168 0.118652 0.122070 0.122070
0 0.624023 0.062988 0.109375 0.110352
0 0.623047 0.172363 0.109375 0.110352
0 0.536621 0.130371 0.110352 0.110352
0 0.443359 0.070801 0.097656 0.098633
0 0.349609 0.127441 0.109375 0.110352
0 0.263672 0.057617 0.097656 0.097656
0 0.165527 0.124023 0.110352 0.111328
0 0.064453 0.165527 0.097656 0.098633
0 0.064453 0.076172 0.109375 0.111328