0 0.885254 0.384277 0.110352 0.110352
0 0.885254 0.275391 0.122070 0.123047
0 0.892090 0.150391 0.122070 0.123047
0 0.791504 0.111328 0.122070 0.123047
0 0.801270 0.214355 0.110352 0.110352
0 0.799316 0.325684 0.110352 0.110352
0 0.788086 0.418457 0.097656 0.098633
1 0.698730 0.373535 0.122070 0.122070
0 0.691895 0.279297 0.122070 0.123047
0 0.686035 0.161133 0.122070 0.123047
0 0.600586 0.105957 0.109375 0.110352
0 0.603027 0.208008 0.122070 0.123047
0 0.603027 0.316895 0.122070 0.122070
0 0.602539 0.418457 0.097656 0.098633
0 0.500000 0.379395 0.097656 0.098633
0 0.492188 0.274902 0.097656 0.098633
0 0.501953 0.160645 0.097656 0.098633
0 0.410156 0.106934 0.097656 0.098633
0 0.409668 0.211426 0.110352 0.110352
0 0.413086 0.329590 0.109375 0.110352
0 0.312012 0.374023 0.122070 0.123047
0 0.309570 0.248535 0.109375 0.110352
0 0.326660 0.133789 0.122070 0.123047
0 0.222656 0.105957 0.109375 0.110352
0 0.220703 0.210449 0.097656 0.098633
0 0.225098 0.337891 0.122070 0.123047
0 0.884277 0.509766 0.122070 0.123047
0 0.793457 0.544922 0.122070 0.123047
0 0.141602 0.052246 0.097656 0.098633
0 0.131348 0.169434 0.110352 0.110352
0 0.122559 0.270508 0.110352 0.111328
0 0.135254 0.390625 0.110352 0.111328
0 0.127930 0.930176 0.109375 0.110352
0 0.133789 0.821289 0.097656 0.097656
0 0.124512 0.716797 0.122070 0.123047
0 0.125488 0.609375 0.122070 0.123047
0 0.124023 0.496582 0.097656 0.098633
0 0.225098 0.435059 0.110352 0.110352
0 0.315430 0.477051 0.109375 0.110352
0 0.315918 0.595215 0.110352 0.110352
0 0.220215 0.551270 0.110352 0.110352
0 0.227051 0.646973 0.110352 0.110352
0 0.220215 0.768555 0.122070 0.123047
0 0.216309 0.876953 0.122070 0.123047
0 0.321777 0.920898 0.122070 0.123047
0 0.314941 0.825195 0.122070 0.123047
0 0.317383 0.692871 0.097656 0.098633
0 0.409180 0.439941 0.109375 0.110352
0 0.405762 0.554199 0.122070 0.122070
0 0.404785 0.666016 0.122070 0.123047
0 0.406738 0.767578 0.122070 0.123047
0 0.402832 0.872070 0.122070 0.123047
0 0.498535 0.827148 0.122070 0.123047
0 0.504395 0.712402 0.122070 0.122070
0 0.504395 0.603027 0.122070 0.122070
0 0.495117 0.499512 0.097656 0.098633
0 0.603027 0.537109 0.122070 0.123047
0 0.605957 0.652344 0.122070 0.123047
0 0.602051 0.762207 0.122070 0.122070
0 0.602051 0.873047 0.122070 0.123047
0 0.707031 0.835449 0.097656 0.098633
0 0.696777 0.732422 0.122070 0.123047
0 0.703613 0.603516 0.122070 0.123047
0 0.708496 0.478516 0.122070 0.123047
0 0.790527 0.665039 0.122070 0.123047
0 0.784668 0.765625 0.122070 0.123047
0 0.792480 0.884766 0.122070 0.123047
0 0.877441 0.934570 0.122070 0.123047
0 0.885254 0.823242 0.122070 0.123047
0 0.880371 0.705078 0.122070 0.123047
0 0.883789 0.602539 0.097656 0.097656