0 0.961426 0.445312 0.073242 0.074219
0 0.891602 0.924805 0.048828 0.048828
0 0.894531 0.723633 0.048828 0.048828
0 0.890625 0.831055 0.048828 0.048828
0 0.890137 0.607910 0.061523 0.061523
0 0.964844 0.772461 0.037109 0.037109
0 0.956055 0.885742 0.048828 0.048828
0 0.688965 0.066406 0.073242 0.074219
0 0.365234 0.418457 0.048828 0.049805
0 0.687500 0.704590 0.048828 0.049805
0 0.777832 0.652832 0.061523 0.061523
0 0.576172 0.747559 0.060547 0.061523
0 0.681641 0.903320 0.048828 0.048828
0 0.775391 0.886230 0.060547 0.061523
0 0.684570 0.803223 0.048828 0.049805
0 0.580078 0.667480 0.060547 0.061523
0 0.684570 0.606445 0.037109 0.037109
0 0.773438 0.768066 0.048828 0.049805
0 0.580078 0.545410 0.048828 0.049805
0 0.786621 0.550781 0.036133 0.037109
0 0.970703 0.340820 0.048828 0.048828
0 0.897461 0.041504 0.048828 0.049805
0 0.692871 0.162109 0.024414 0.025391
0 0.793945 0.106445 0.048828 0.048828
0 0.971680 0.112793 0.048828 0.049805
0 0.966797 0.226562 0.048828 0.048828
0 0.893066 0.270020 0.024414 0.024414
0 0.897949 0.395020 0.024414 0.024414
0 0.899902 0.509766 0.024414 0.025391
0 0.783691 0.437012 0.024414 0.024414
0 0.783691 0.198730 0.024414 0.024414
0 0.190430 0.481445 0.048828 0.048828
0 0.188477 0.587891 0.048828 0.048828
0 0.181641 0.684570 0.037109 0.037109
0 0.182617 0.773438 0.037109 0.037109
0 0.275391 0.522461 0.048828 0.048828
0 0.277344 0.636230 0.060547 0.061523
0 0.267578 0.756836 0.037109 0.037109
0 0.342285 0.653809 0.061523 0.061523
0 0.333984 0.752930 0.048828 0.048828
0 0.480957 0.588379 0.024414 0.024414
0 0.480957 0.695312 0.036133 0.037109
0 0.587891 0.112305 0.048828 0.048828
0 0.590820 0.223633 0.048828 0.048828
0 0.485352 0.476074 0.037109 0.036133
0 0.490234 0.359375 0.048828 0.048828
0 0.490234 0.254883 0.048828 0.048828
0 0.497070 0.143555 0.048828 0.048828
0 0.378906 0.108887 0.023438 0.024414
0 0.373047 0.211914 0.048828 0.048828
0 0.362305 0.324707 0.037109 0.036133
0 0.293945 0.055664 0.048828 0.048828
0 0.293457 0.171387 0.024414 0.024414
0 0.286621 0.298340 0.024414 0.024414
0 0.280273 0.412598 0.048828 0.049805
0 0.200684 0.108887 0.036133 0.036133
0 0.200684 0.238770 0.024414 0.024414
0 0.194824 0.348145 0.024414 0.024414
0 0.126953 0.038574 0.037109 0.036133
0 0.129883 0.157715 0.048828 0.049805
0 0.124023 0.289062 0.037109 0.037109
0 0.125977 0.391602 0.048828 0.048828
0 0.123535 0.521484 0.036133 0.037109
0 0.036621 0.081543 0.036133 0.036133
0 0.127930 0.636719 0.048828 0.048828
0 0.691895 0.383301 0.024414 0.024414
0 0.575684 0.470703 0.036133 0.037109