0 0.481934 0.075195 0.110352 0.111328
0 0.386230 0.140625 0.110352 0.111328
0 0.289062 0.067383 0.109375 0.111328
0 0.194336 0.133789 0.109375 0.111328
0 0.100098 0.069336 0.110352 0.111328
0 0.686035 0.062500 0.122070 0.123047
0 0.577637 0.138184 0.122070 0.122070
0 0.782715 0.130859 0.122070 0.123047
0 0.099121 0.170898 0.110352 0.111328
0 0.100098 0.303711 0.122070 0.123047
0 0.101562 0.406738 0.109375 0.110352
0 0.101562 0.505371 0.109375 0.110352
0 0.101562 0.621582 0.097656 0.098633
0 0.198730 0.236328 0.110352 0.111328
0 0.199219 0.347656 0.097656 0.097656
0 0.191406 0.451660 0.097656 0.098633
0 0.189453 0.571777 0.097656 0.098633
0 0.290039 0.178223 0.109375 0.110352
0 0.291016 0.291016 0.109375 0.111328
0 0.289551 0.397461 0.110352 0.111328
0 0.280762 0.516113 0.110352 0.110352
0 0.283691 0.626465 0.110352 0.110352
0 0.389648 0.231934 0.109375 0.110352
0 0.388672 0.349121 0.109375 0.110352
0 0.384766 0.450195 0.109375 0.111328
0 0.382812 0.570312 0.109375 0.111328
0 0.386230 0.676758 0.122070 0.123047
0 0.486816 0.192871 0.110352 0.110352
0 0.481445 0.290527 0.097656 0.098633
0 0.479492 0.395020 0.097656 0.098633
1 0.477539 0.522461 0.109375 0.111328
0 0.485352 0.618164 0.097656 0.097656
0 0.578125 0.243652 0.097656 0.098633
0 0.573730 0.349121 0.110352 0.110352
0 0.579102 0.461426 0.097656 0.098633
0 0.573242 0.573242 0.097656 0.097656
0 0.575195 0.685547 0.109375 0.111328
0 0.681641 0.175293 0.097656 0.098633
0 0.676758 0.297363 0.097656 0.098633
0 0.673828 0.391113 0.109375 0.110352
0 0.668457 0.504883 0.122070 0.123047
0 0.664551 0.619141 0.122070 0.123047
0 0.778809 0.561523 0.122070 0.123047
0 0.779297 0.426270 0.109375 0.110352
0 0.786621 0.327637 0.122070 0.122070
0 0.780273 0.225098 0.097656 0.098633
0 0.778809 0.669922 0.122070 0.123047
0 0.667969 0.741211 0.097656 0.097656
0 0.675781 0.846680 0.097656 0.097656
0 0.572266 0.901367 0.085938 0.085938
0 0.577148 0.790039 0.097656 0.097656
0 0.476562 0.736328 0.097656 0.097656
0 0.478516 0.855957 0.097656 0.098633
0 0.478516 0.947754 0.097656 0.098633
0 0.381836 0.895020 0.097656 0.098633
0 0.381348 0.788574 0.110352 0.110352
0 0.288086 0.734863 0.097656 0.098633
0 0.281250 0.829590 0.097656 0.098633
0 0.191406 0.898926 0.097656 0.098633
0 0.200195 0.767090 0.097656 0.098633
0 0.187500 0.681152 0.097656 0.098633
0 0.093750 0.721191 0.097656 0.098633
0 0.093750 0.850098 0.097656 0.098633
0 0.097656 0.943848 0.097656 0.098633
0 0.866699 0.183594 0.110352 0.111328
0 0.871582 0.283691 0.110352 0.110352
0 0.876465 0.395508 0.122070 0.123047
0 0.862793 0.516113 0.110352 0.110352
0 0.871582 0.622559 0.122070 0.122070
0 0.775879 0.776367 0.122070 0.123047
0 0.770996 0.890137 0.122070 0.122070
0 0.864258 0.845215 0.097656 0.098633
0 0.864746 0.742188 0.122070 0.123047