0 0.160645 0.569336 0.073242 0.074219
0 0.530273 0.550293 0.048828 0.049805
0 0.444336 0.562988 0.060547 0.061523
0 0.803223 0.808105 0.061523 0.061523
0 0.808594 0.587402 0.048828 0.049805
0 0.803711 0.932129 0.060547 0.061523
0 0.093750 0.847656 0.048828 0.048828
0 0.089844 0.955078 0.048828 0.048828
0 0.445312 0.770996 0.060547 0.061523
0 0.530273 0.674316 0.060547 0.061523
0 0.448242 0.657715 0.060547 0.061523
0 0.089355 0.731934 0.061523 0.061523
0 0.275391 0.831055 0.048828 0.048828
0 0.164062 0.896484 0.037109 0.037109
0 0.274414 0.737305 0.048828 0.048828
0 0.452148 0.865234 0.048828 0.048828
0 0.364258 0.902344 0.060547 0.060547
0 0.618652 0.616699 0.061523 0.061523
0 0.164551 0.782227 0.073242 0.074219
0 0.367676 0.825684 0.061523 0.061523
0 0.520508 0.896484 0.048828 0.048828
0 0.164551 0.680664 0.073242 0.074219
0 0.817383 0.041016 0.048828 0.048828
0 0.812012 0.145996 0.061523 0.061523
0 0.814941 0.260254 0.061523 0.061523
0 0.808594 0.475098 0.060547 0.061523
0 0.812500 0.360840 0.060547 0.061523
0 0.887695 0.440430 0.048828 0.048828
0 0.895996 0.101074 0.047852 0.049805
0 0.893066 0.329590 0.073242 0.073242
0 0.884766 0.890137 0.060547 0.061523
0 0.883789 0.655762 0.048828 0.049805
0 0.285645 0.458496 0.061523 0.061523
0 0.439941 0.332520 0.061523 0.061523
0 0.365234 0.139160 0.060547 0.061523
0 0.169922 0.464844 0.048828 0.048828
0 0.273438 0.265137 0.048828 0.049805
0 0.457031 0.237793 0.060547 0.061523
0 0.625488 0.496582 0.061523 0.061523
0 0.175293 0.135254 0.061523 0.061523
0 0.271484 0.149902 0.048828 0.049805
0 0.728027 0.112793 0.061523 0.061523
0 0.724609 0.205078 0.048828 0.048828
0 0.095703 0.073730 0.048828 0.049805
0 0.895996 0.208008 0.084961 0.085938
0 0.884766 0.794922 0.048828 0.048828
0 0.807129 0.710938 0.036133 0.037109
0 0.888672 0.551758 0.048828 0.048828
0 0.631836 0.065430 0.037109 0.037109
0 0.633789 0.169922 0.037109 0.037109
0 0.629883 0.267578 0.037109 0.037109
0 0.457520 0.027344 0.036133 0.037109
0 0.457031 0.110352 0.048828 0.048828
0 0.362305 0.020508 0.037109 0.037109
0 0.264648 0.071289 0.048828 0.048828
0 0.096680 0.165527 0.048828 0.049805
0 0.170898 0.236816 0.048828 0.049805
0 0.364258 0.236816 0.048828 0.049805
0 0.538574 0.318359 0.036133 0.037109
0 0.534180 0.446777 0.048828 0.049805
0 0.619629 0.716309 0.036133 0.036133
0 0.718750 0.532227 0.037109 0.037109
0 0.448242 0.444824 0.048828 0.049805
0 0.519531 0.778320 0.037109 0.037109
0 0.368164 0.422363 0.048828 0.049805
0 0.362793 0.525879 0.061523 0.061523
0 0.366211 0.606445 0.048828 0.048828
0 0.368164 0.688477 0.048828 0.048828
0 0.276367 0.625977 0.048828 0.048828
0 0.281250 0.533203 0.048828 0.048828
0 0.278320 0.365723 0.048828 0.049805
0 0.166016 0.350586 0.048828 0.048828
0 0.092285 0.394043 0.024414 0.024414
0 0.097168 0.519043 0.024414 0.024414
0 0.099121 0.633789 0.024414 0.025391
0 0.712402 0.862793 0.036133 0.036133
0 0.615234 0.957031 0.037109 0.037109
0 0.447266 0.966797 0.048828 0.048828
0 0.275879 0.917480 0.024414 0.024414