0 0.036133 0.813965 0.060547 0.061523
0 0.112793 0.865723 0.061523 0.061523
0 0.225098 0.842285 0.061523 0.061523
0 0.317383 0.834961 0.048828 0.048828
0 0.128906 0.669922 0.048828 0.048828
0 0.048828 0.694336 0.048828 0.048828
0 0.233398 0.665039 0.048828 0.048828
0 0.134766 0.537109 0.048828 0.048828
0 0.229492 0.748047 0.048828 0.048828
0 0.313477 0.747070 0.048828 0.048828
0 0.223145 0.937012 0.061523 0.061523
0 0.035156 0.932129 0.060547 0.061523
0 0.307617 0.928223 0.060547 0.061523
0 0.604492 0.107910 0.048828 0.049805
0 0.916016 0.700684 0.048828 0.049805
0 0.926758 0.394043 0.048828 0.049805
0 0.922363 0.799316 0.061523 0.061523
0 0.815430 0.437012 0.060547 0.061523
0 0.920898 0.592773 0.048828 0.048828
0 0.812500 0.686035 0.048828 0.049805
0 0.823242 0.767090 0.048828 0.049805
0 0.823242 0.862793 0.048828 0.049805
0 0.716797 0.901367 0.048828 0.048828
0 0.920898 0.900879 0.048828 0.049805
0 0.923828 0.492676 0.048828 0.049805
0 0.819336 0.356934 0.060547 0.061523
0 0.923828 0.295898 0.037109 0.037109
0 0.819336 0.234863 0.048828 0.049805
0 0.825195 0.960938 0.048828 0.048828
0 0.719727 0.799805 0.048828 0.048828
0 0.630859 0.854492 0.048828 0.048828
0 0.235352 0.568359 0.037109 0.037109
0 0.125977 0.771484 0.048828 0.048828
0 0.051758 0.579102 0.037109 0.037109
0 0.429688 0.170898 0.048828 0.048828
0 0.427734 0.277344 0.048828 0.048828
0 0.420898 0.374023 0.037109 0.037109
0 0.421875 0.462891 0.037109 0.037109
0 0.514648 0.211914 0.048828 0.048828
0 0.516602 0.325684 0.060547 0.061523
0 0.506836 0.446289 0.037109 0.037109
0 0.581543 0.343262 0.061523 0.061523
0 0.573242 0.442383 0.048828 0.048828
0 0.720215 0.277832 0.024414 0.024414
0 0.720215 0.384766 0.036133 0.037109
0 0.050781 0.212891 0.048828 0.048828
0 0.048828 0.300781 0.048828 0.048828
0 0.053223 0.404785 0.036133 0.036133
0 0.046875 0.486816 0.048828 0.049805
0 0.141602 0.423828 0.037109 0.037109
0 0.203613 0.386719 0.036133 0.037109
0 0.151367 0.313477 0.037109 0.037109
0 0.157227 0.191406 0.037109 0.037109
0 0.724609 0.165527 0.037109 0.036133
0 0.729492 0.048828 0.048828 0.048828
0 0.519531 0.102051 0.048828 0.049805
0 0.434082 0.037598 0.024414 0.024414
0 0.365234 0.081055 0.048828 0.048828
0 0.362793 0.210938 0.036133 0.037109
0 0.367188 0.326172 0.048828 0.048828
0 0.931152 0.072754 0.024414 0.024414
0 0.814941 0.160156 0.036133 0.037109