0 0.109375 0.260742 0.048828 0.048828
0 0.106445 0.167480 0.048828 0.049805
0 0.106445 0.075684 0.048828 0.049805
0 0.025391 0.195312 0.048828 0.048828
0 0.098633 0.860352 0.048828 0.048828
0 0.100586 0.940430 0.048828 0.048828
0 0.097656 0.759766 0.048828 0.048828
0 0.590820 0.397461 0.048828 0.048828
0 0.587891 0.961426 0.060547 0.061523
0 0.494629 0.565918 0.061523 0.061523
0 0.492676 0.910645 0.061523 0.061523
0 0.589355 0.503418 0.061523 0.061523
0 0.779297 0.916992 0.048828 0.048828
0 0.699219 0.941406 0.048828 0.048828
0 0.589844 0.602051 0.048828 0.049805
0 0.588867 0.702637 0.048828 0.049805
0 0.883789 0.912109 0.048828 0.048828
0 0.785156 0.784180 0.048828 0.048828
0 0.885742 0.815430 0.037109 0.037109
0 0.702148 0.826172 0.037109 0.037109
0 0.301758 0.802246 0.048828 0.049805
0 0.301758 0.901367 0.048828 0.048828
0 0.208984 0.792969 0.037109 0.037109
0 0.216797 0.897461 0.048828 0.048828
0 0.701172 0.459961 0.048828 0.048828
0 0.699219 0.547852 0.048828 0.048828
0 0.703613 0.651855 0.036133 0.036133
0 0.697266 0.733887 0.048828 0.049805
0 0.791992 0.670898 0.037109 0.037109
0 0.854004 0.633789 0.036133 0.037109
0 0.801758 0.560547 0.037109 0.037109
0 0.807617 0.438477 0.037109 0.037109
0 0.103516 0.396484 0.048828 0.048828
0 0.024414 0.489258 0.037109 0.037109
0 0.317383 0.149414 0.037109 0.037109
0 0.307617 0.241699 0.037109 0.036133
0 0.316406 0.354980 0.037109 0.036133
0 0.313477 0.437012 0.037109 0.036133
0 0.311523 0.526367 0.037109 0.037109
0 0.305664 0.604492 0.037109 0.037109
0 0.406250 0.557129 0.048828 0.049805
0 0.417969 0.440918 0.048828 0.049805
0 0.422852 0.342285 0.037109 0.036133
0 0.426758 0.260742 0.037109 0.037109
0 0.437012 0.143555 0.036133 0.037109
0 0.520020 0.179688 0.036133 0.037109
0 0.524902 0.269531 0.036133 0.037109
0 0.515137 0.363281 0.036133 0.037109
0 0.506348 0.464355 0.036133 0.036133
0 0.590820 0.301758 0.037109 0.037109
0 0.590820 0.216797 0.037109 0.037109
0 0.589844 0.143555 0.037109 0.037109
0 0.220215 0.582031 0.036133 0.037109
0 0.496582 0.672852 0.036133 0.037109
0 0.403320 0.666992 0.037109 0.037109
0 0.302246 0.698242 0.036133 0.037109
0 0.212402 0.696289 0.036133 0.037109
0 0.100586 0.684570 0.048828 0.048828