0 0.178711 0.488770 0.060547 0.061523
0 0.260254 0.557617 0.084961 0.085938
0 0.185547 0.706055 0.048828 0.048828
0 0.259766 0.768555 0.048828 0.048828
0 0.185059 0.596191 0.061523 0.061523
0 0.177734 0.259766 0.048828 0.048828
0 0.082520 0.556152 0.061523 0.061523
0 0.082031 0.443848 0.048828 0.049805
0 0.172852 0.047363 0.048828 0.049805
1 0.929688 0.827637 0.097656 0.098633
0 0.359375 0.823242 0.048828 0.048828
0 0.359375 0.941895 0.060547 0.061523
0 0.360352 0.716797 0.048828 0.048828
0 0.842285 0.110840 0.110352 0.110352
0 0.649414 0.096680 0.097656 0.097656
0 0.634766 0.216797 0.097656 0.097656
0 0.744141 0.166016 0.109375 0.111328
0 0.841309 0.216309 0.110352 0.110352
0 0.933105 0.160645 0.110352 0.110352
0 0.278320 0.094238 0.109375 0.110352
0 0.274902 0.212891 0.084961 0.085938
0 0.369141 0.158691 0.097656 0.098633
0 0.456543 0.096191 0.110352 0.110352
0 0.455566 0.210449 0.110352 0.110352
0 0.558105 0.153320 0.122070 0.123047
0 0.931152 0.492676 0.110352 0.110352
0 0.932617 0.381348 0.097656 0.098633
0 0.937012 0.272949 0.110352 0.110352
0 0.835449 0.316895 0.110352 0.110352
0 0.843750 0.423340 0.109375 0.110352
0 0.741699 0.388672 0.122070 0.123047
0 0.751953 0.275879 0.109375 0.110352
0 0.751465 0.496094 0.122070 0.123047
0 0.646484 0.447754 0.097656 0.098633
0 0.649414 0.328613 0.109375 0.110352
0 0.457520 0.317383 0.122070 0.123047
0 0.560547 0.389160 0.097656 0.098633
0 0.562012 0.266602 0.122070 0.123047
0 0.563965 0.492188 0.110352 0.111328
0 0.458008 0.437500 0.109375 0.111328
0 0.368164 0.492188 0.109375 0.111328
0 0.364258 0.378906 0.109375 0.111328
0 0.367188 0.264648 0.109375 0.111328
0 0.276367 0.320312 0.097656 0.097656
0 0.264648 0.443359 0.097656 0.097656
0 0.357910 0.583984 0.084961 0.085938
0 0.452637 0.546387 0.110352 0.110352
0 0.551758 0.610840 0.109375 0.110352
0 0.551758 0.720215 0.109375 0.110352
0 0.554199 0.828613 0.110352 0.110352
0 0.555176 0.928223 0.110352 0.110352
0 0.652344 0.876465 0.097656 0.098633
0 0.646484 0.768066 0.109375 0.110352
0 0.653320 0.655762 0.109375 0.110352
0 0.640137 0.546387 0.110352 0.110352
0 0.736816 0.601562 0.122070 0.123047
0 0.746582 0.703613 0.110352 0.110352
0 0.749023 0.824707 0.109375 0.110352
0 0.745117 0.929199 0.109375 0.110352
0 0.839355 0.884277 0.110352 0.110352
0 0.835449 0.770020 0.110352 0.110352
0 0.829590 0.674316 0.110352 0.110352
0 0.834961 0.546875 0.109375 0.111328
0 0.932617 0.605469 0.109375 0.111328
0 0.934570 0.714355 0.109375 0.110352
0 0.933105 0.943848 0.110352 0.110352
0 0.085938 0.108398 0.048828 0.048828
0 0.172363 0.149902 0.024414 0.024414
0 0.166992 0.375977 0.048828 0.048828
0 0.083008 0.345703 0.037109 0.037109
0 0.084961 0.219727 0.048828 0.048828
0 0.270508 0.646973 0.060547 0.061523
0 0.270508 0.874023 0.037109 0.037109
0 0.449219 0.882812 0.037109 0.037109
0 0.455078 0.659180 0.048828 0.048828
0 0.456055 0.759766 0.048828 0.048828