0 0.393555 0.261230 0.060547 0.061523
0 0.475098 0.330078 0.084961 0.085938
0 0.400391 0.478516 0.048828 0.048828
0 0.474609 0.541016 0.048828 0.048828
0 0.399902 0.368652 0.061523 0.061523
0 0.392578 0.032227 0.048828 0.048828
0 0.216797 0.048828 0.048828 0.048828
0 0.214844 0.163574 0.048828 0.049805
0 0.102539 0.208008 0.048828 0.048828
0 0.297363 0.328613 0.061523 0.061523
0 0.296875 0.216309 0.048828 0.049805
0 0.574219 0.595703 0.048828 0.048828
0 0.574219 0.714355 0.060547 0.061523
0 0.575195 0.489258 0.048828 0.048828
0 0.667969 0.764160 0.048828 0.049805
0 0.573242 0.809082 0.060547 0.061523
0 0.584473 0.928223 0.073242 0.073242
0 0.861328 0.220215 0.097656 0.098633
0 0.864258 0.101074 0.109375 0.110352
0 0.672363 0.089844 0.122070 0.123047
0 0.775391 0.161621 0.097656 0.098633
0 0.778809 0.264648 0.110352 0.111328
0 0.672852 0.209961 0.109375 0.111328
0 0.583008 0.264648 0.109375 0.111328
0 0.579102 0.151367 0.109375 0.111328
0 0.491211 0.092773 0.097656 0.097656
0 0.479492 0.215820 0.097656 0.097656
0 0.572754 0.356445 0.084961 0.085938
0 0.667480 0.318848 0.110352 0.110352
0 0.766602 0.383301 0.109375 0.110352
0 0.766602 0.492676 0.109375 0.110352
0 0.769043 0.601074 0.110352 0.110352
0 0.770020 0.700684 0.110352 0.110352
0 0.770020 0.812988 0.110352 0.110352
0 0.871094 0.760254 0.097656 0.098633
0 0.867188 0.648926 0.097656 0.098633
0 0.861328 0.540527 0.109375 0.110352
0 0.868164 0.428223 0.109375 0.110352
0 0.854980 0.318848 0.110352 0.110352
0 0.859863 0.880371 0.110352 0.110352
0 0.771973 0.934570 0.110352 0.111328
0 0.381836 0.148438 0.048828 0.048828
0 0.297852 0.118164 0.037109 0.037109
0 0.037109 0.273926 0.048828 0.049805
0 0.485352 0.419434 0.060547 0.061523
0 0.485352 0.646484 0.037109 0.037109
0 0.097656 0.308105 0.048828 0.049805
0 0.103027 0.639160 0.024414 0.024414
0 0.100098 0.435059 0.024414 0.024414
0 0.025879 0.606445 0.036133 0.037109
0 0.664062 0.655273 0.037109 0.037109
0 0.664062 0.885254 0.048828 0.049805
0 0.669922 0.431641 0.048828 0.048828
0 0.670898 0.532227 0.048828 0.048828
0 0.091309 0.970703 0.024414 0.025391
0 0.095703 0.863281 0.037109 0.037109
0 0.021484 0.816406 0.037109 0.037109