0 0.651855 0.416504 0.061523 0.061523
0 0.559570 0.927246 0.060547 0.061523
0 0.377930 0.358398 0.085938 0.085938
0 0.062012 0.842285 0.073242 0.073242
0 0.373535 0.788086 0.073242 0.074219
0 0.930664 0.593262 0.109375 0.110352
0 0.924316 0.493164 0.122070 0.123047
0 0.937988 0.365723 0.073242 0.073242
0 0.942871 0.264160 0.110352 0.110352
0 0.846191 0.082520 0.110352 0.110352
0 0.835449 0.195312 0.110352 0.111328
0 0.836914 0.314941 0.109375 0.110352
0 0.839355 0.423340 0.110352 0.110352
0 0.839355 0.532227 0.110352 0.111328
0 0.744629 0.579102 0.110352 0.111328
0 0.745117 0.477539 0.085938 0.085938
0 0.748535 0.375977 0.073242 0.074219
0 0.751465 0.258789 0.084961 0.085938
0 0.750488 0.135742 0.084961 0.085938
0 0.661133 0.086914 0.085938 0.085938
0 0.656250 0.200195 0.097656 0.097656
0 0.654785 0.312500 0.084961 0.085938
0 0.651855 0.534668 0.110352 0.110352
0 0.556152 0.582520 0.110352 0.110352
0 0.558594 0.469238 0.109375 0.110352
0 0.560059 0.354004 0.110352 0.110352
0 0.569336 0.237793 0.097656 0.098633
0 0.577148 0.139160 0.109375 0.110352
0 0.474121 0.089355 0.110352 0.110352
0 0.471191 0.206543 0.110352 0.110352
0 0.464844 0.305664 0.085938 0.085938
0 0.478516 0.419922 0.109375 0.111328
0 0.475586 0.513672 0.097656 0.097656
0 0.371094 0.566895 0.085938 0.086914
0 0.370117 0.467773 0.085938 0.085938
0 0.371582 0.265137 0.110352 0.110352
0 0.378418 0.137695 0.110352 0.111328
0 0.292969 0.079102 0.097656 0.097656
0 0.290039 0.191895 0.109375 0.110352
0 0.285156 0.298828 0.109375 0.111328
0 0.282227 0.412109 0.109375 0.111328
1 0.284668 0.541992 0.084961 0.085938
0 0.191406 0.569336 0.097656 0.097656
0 0.185547 0.463867 0.085938 0.085938
0 0.182617 0.354980 0.097656 0.098633
0 0.186523 0.244141 0.097656 0.097656
0 0.193359 0.134766 0.109375 0.111328
0 0.061523 0.089355 0.097656 0.098633
0 0.070312 0.201172 0.097656 0.097656
0 0.066406 0.305176 0.097656 0.098633
0 0.067383 0.392090 0.097656 0.098633
0 0.064941 0.521484 0.084961 0.085938
0 0.177734 0.686523 0.048828 0.048828
0 0.068848 0.626465 0.084961 0.086914
0 0.062012 0.729004 0.073242 0.073242
0 0.179688 0.910156 0.097656 0.097656
0 0.192871 0.794434 0.073242 0.073242
1 0.283203 0.625000 0.085938 0.085938
0 0.272949 0.746094 0.073242 0.074219
0 0.279297 0.851562 0.097656 0.097656
0 0.368164 0.906738 0.097656 0.098633
1 0.371582 0.686523 0.073242 0.074219
0 0.465332 0.646484 0.084961 0.085938
0 0.469238 0.749023 0.122070 0.123047
0 0.468262 0.832031 0.122070 0.123047
0 0.550781 0.694824 0.109375 0.110352
0 0.554199 0.814453 0.122070 0.123047
0 0.652344 0.873047 0.097656 0.097656
0 0.649902 0.748047 0.073242 0.074219
0 0.750977 0.698730 0.109375 0.110352
0 0.744629 0.784668 0.073242 0.073242
0 0.741699 0.906738 0.073242 0.073242
0 0.834961 0.645508 0.109375 0.111328
0 0.841309 0.754883 0.122070 0.123047
0 0.825684 0.858887 0.110352 0.110352
0 0.921387 0.904297 0.122070 0.123047
0 0.921387 0.808105 0.122070 0.122070
0 0.927246 0.695312 0.122070 0.123047
0 0.648438 0.638672 0.109375 0.111328