0 0.831543 0.456543 0.061523 0.061523
0 0.739258 0.967285 0.060547 0.061523
0 0.557617 0.398438 0.085938 0.085938
0 0.241699 0.882324 0.073242 0.073242
0 0.553223 0.828125 0.073242 0.074219
0 0.924316 0.619141 0.110352 0.111328
0 0.924805 0.517578 0.085938 0.085938
0 0.928223 0.416016 0.073242 0.074219
0 0.931152 0.298828 0.084961 0.085938
0 0.930176 0.175781 0.084961 0.085938
0 0.928711 0.074219 0.085938 0.085938
0 0.840820 0.126953 0.085938 0.085938
0 0.835938 0.240234 0.097656 0.097656
0 0.834473 0.352539 0.084961 0.085938
0 0.831543 0.574707 0.110352 0.110352
0 0.735840 0.622559 0.110352 0.110352
0 0.738281 0.509277 0.109375 0.110352
0 0.739746 0.394043 0.110352 0.110352
0 0.749023 0.277832 0.097656 0.098633
0 0.756836 0.179199 0.109375 0.110352
0 0.751953 0.094238 0.109375 0.110352
0 0.653809 0.129395 0.110352 0.110352
0 0.650879 0.246582 0.110352 0.110352
0 0.644531 0.345703 0.085938 0.085938
0 0.658203 0.459961 0.109375 0.111328
0 0.655273 0.553711 0.097656 0.097656
0 0.550781 0.606934 0.085938 0.086914
0 0.549805 0.507812 0.085938 0.085938
0 0.551270 0.305176 0.110352 0.110352
0 0.558105 0.177734 0.110352 0.111328
0 0.573242 0.066895 0.097656 0.098633
0 0.472656 0.119141 0.097656 0.097656
0 0.469727 0.231934 0.109375 0.110352
0 0.464844 0.338867 0.109375 0.111328
0 0.461914 0.452148 0.109375 0.111328
1 0.464355 0.582031 0.084961 0.085938
0 0.371094 0.609375 0.097656 0.097656
0 0.365234 0.503906 0.085938 0.085938
0 0.362305 0.395020 0.097656 0.098633
0 0.366211 0.284180 0.097656 0.097656
0 0.373047 0.174805 0.109375 0.111328
0 0.371094 0.073242 0.097656 0.097656
0 0.241211 0.129395 0.097656 0.098633
0 0.250000 0.241211 0.097656 0.097656
0 0.246094 0.345215 0.097656 0.098633
0 0.247070 0.432129 0.097656 0.098633
0 0.244629 0.561523 0.084961 0.085938
0 0.154297 0.615234 0.085938 0.085938
0 0.159668 0.494629 0.110352 0.110352
0 0.158203 0.385254 0.097656 0.098633
0 0.150391 0.279785 0.097656 0.098633
0 0.153320 0.189941 0.109375 0.110352
0 0.153320 0.060547 0.085938 0.085938
0 0.072266 0.119629 0.109375 0.110352
0 0.064453 0.222656 0.097656 0.097656
0 0.065430 0.333496 0.109375 0.110352
0 0.060059 0.423340 0.110352 0.110352
0 0.055664 0.538574 0.097656 0.098633
0 0.061523 0.657227 0.097656 0.097656
0 0.156738 0.720703 0.084961 0.085938
0 0.357422 0.726562 0.048828 0.048828
0 0.056641 0.785645 0.097656 0.098633
0 0.152344 0.817383 0.097656 0.097656
0 0.148438 0.931641 0.097656 0.097656
0 0.248535 0.666504 0.084961 0.086914
0 0.241699 0.769043 0.073242 0.073242
0 0.359375 0.950195 0.097656 0.097656
0 0.372559 0.834473 0.073242 0.073242
1 0.462891 0.665039 0.085938 0.085938
0 0.452637 0.786133 0.073242 0.074219
0 0.458984 0.891602 0.097656 0.097656
0 0.547852 0.946777 0.097656 0.098633
1 0.551270 0.726562 0.073242 0.074219
0 0.645020 0.686523 0.084961 0.085938
0 0.648926 0.789062 0.122070 0.123047
0 0.647949 0.872070 0.122070 0.123047
0 0.730469 0.734863 0.109375 0.110352
0 0.733887 0.854492 0.122070 0.123047
0 0.832031 0.913086 0.097656 0.097656
0 0.829590 0.788086 0.073242 0.074219
0 0.930664 0.738770 0.109375 0.110352
0 0.924316 0.824707 0.073242 0.073242
0 0.921387 0.946777 0.073242 0.073242
0 0.828125 0.678711 0.109375 0.111328