0 0.751953 0.914062 0.048828 0.048828
0 0.562012 0.958496 0.061523 0.061523
0 0.851074 0.904297 0.036133 0.037109
0 0.932617 0.878906 0.037109 0.037109
0 0.087402 0.117188 0.122070 0.123047
0 0.088379 0.243164 0.122070 0.123047
0 0.080566 0.347168 0.110352 0.110352
0 0.081543 0.458008 0.122070 0.123047
0 0.184570 0.395996 0.109375 0.110352
0 0.190430 0.287109 0.097656 0.097656
0 0.181152 0.182617 0.122070 0.123047
0 0.182129 0.075195 0.122070 0.123047
0 0.372559 0.061035 0.110352 0.110352
0 0.283691 0.112793 0.110352 0.110352
0 0.276855 0.234375 0.122070 0.123047
0 0.272949 0.342773 0.122070 0.123047
0 0.271484 0.460449 0.109375 0.110352
0 0.378418 0.386719 0.122070 0.123047
0 0.371582 0.291016 0.122070 0.123047
0 0.374023 0.158691 0.097656 0.098633
0 0.461426 0.131836 0.122070 0.123047
0 0.463379 0.233398 0.122070 0.123047
0 0.459473 0.337891 0.122070 0.123047
0 0.455566 0.456055 0.122070 0.123047
0 0.555176 0.407227 0.122070 0.123047
0 0.555176 0.292969 0.122070 0.123047
0 0.561035 0.178223 0.122070 0.122070
0 0.561035 0.068848 0.122070 0.122070
0 0.662598 0.118164 0.122070 0.123047
0 0.658691 0.228027 0.122070 0.122070
0 0.658691 0.338867 0.122070 0.123047
0 0.657715 0.452148 0.122070 0.123047
0 0.751465 0.419434 0.122070 0.122070
0 0.763672 0.301270 0.097656 0.098633
0 0.753418 0.198242 0.122070 0.123047
0 0.760254 0.069336 0.122070 0.123047
0 0.847168 0.130859 0.122070 0.123047
0 0.841309 0.231445 0.122070 0.123047
0 0.849121 0.350586 0.122070 0.123047
0 0.934082 0.400391 0.122070 0.123047
0 0.937012 0.170898 0.122070 0.123047
0 0.940430 0.068359 0.097656 0.097656
0 0.840332 0.439941 0.084961 0.086914
0 0.942383 0.501465 0.109375 0.110352
0 0.941895 0.604004 0.110352 0.110352
0 0.936035 0.778809 0.122070 0.122070
0 0.836914 0.790527 0.097656 0.098633
0 0.833496 0.687988 0.110352 0.110352
0 0.842773 0.561035 0.097656 0.098633
0 0.744141 0.560059 0.097656 0.098633
0 0.744629 0.700195 0.122070 0.123047
0 0.744141 0.834473 0.109375 0.110352
0 0.656250 0.562988 0.097656 0.098633
0 0.654785 0.666992 0.122070 0.123047
0 0.655273 0.784668 0.097656 0.098633
0 0.560059 0.852539 0.110352 0.111328
0 0.546875 0.511230 0.097656 0.098633
0 0.558594 0.624512 0.097656 0.098633
0 0.550781 0.730469 0.097656 0.097656
0 0.462891 0.559082 0.097656 0.098633
0 0.465820 0.670898 0.097656 0.097656
0 0.462891 0.784180 0.109375 0.111328
0 0.468750 0.879883 0.085938 0.085938
0 0.386230 0.564453 0.122070 0.123047
0 0.375000 0.706055 0.109375 0.111328
0 0.371582 0.828125 0.122070 0.123047
0 0.379395 0.936523 0.122070 0.123047
0 0.270508 0.553711 0.097656 0.097656
0 0.279297 0.659180 0.097656 0.097656
0 0.273438 0.786621 0.097656 0.098633
0 0.275879 0.889160 0.110352 0.110352
0 0.184570 0.499023 0.097656 0.097656
0 0.183105 0.630371 0.110352 0.110352
0 0.179688 0.733887 0.097656 0.098633
0 0.174805 0.840332 0.097656 0.098633
0 0.082520 0.562988 0.110352 0.110352
0 0.079590 0.678223 0.110352 0.110352
0 0.079590 0.786621 0.122070 0.122070
0 0.079590 0.902832 0.122070 0.122070
0 0.655273 0.909180 0.048828 0.048828