1 0.120117 0.498535 0.097656 0.098633
0 0.700195 0.055176 0.097656 0.098633
0 0.793457 0.115723 0.110352 0.110352
0 0.878906 0.061035 0.109375 0.110352
0 0.604492 0.124023 0.097656 0.097656
0 0.505371 0.058594 0.110352 0.111328
0 0.408691 0.113770 0.110352 0.110352
0 0.498535 0.168945 0.110352 0.111328
0 0.310547 0.068848 0.109375 0.110352
0 0.314453 0.168457 0.109375 0.110352
0 0.226074 0.118652 0.110352 0.110352
0 0.121582 0.163574 0.110352 0.110352
0 0.123047 0.052246 0.097656 0.098633
0 0.876465 0.174316 0.110352 0.110352
0 0.880371 0.291992 0.122070 0.123047
0 0.877930 0.394043 0.109375 0.110352
0 0.874512 0.507324 0.122070 0.122070
0 0.880859 0.614746 0.109375 0.110352
0 0.790039 0.231934 0.109375 0.110352
0 0.787109 0.340332 0.097656 0.098633
0 0.792969 0.432129 0.097656 0.098633
0 0.787598 0.564941 0.110352 0.110352
0 0.781250 0.673340 0.097656 0.098633
0 0.689453 0.174316 0.097656 0.098633
0 0.700195 0.288574 0.097656 0.098633
0 0.692871 0.397949 0.110352 0.110352
0 0.687988 0.517090 0.110352 0.110352
0 0.691406 0.614746 0.097656 0.098633
0 0.597168 0.231934 0.110352 0.110352
0 0.598145 0.342285 0.110352 0.110352
0 0.595703 0.457520 0.109375 0.110352
0 0.592773 0.562988 0.109375 0.110352
0 0.588867 0.666992 0.097656 0.097656
0 0.497559 0.289062 0.122070 0.123047
0 0.499023 0.395020 0.109375 0.110352
0 0.498047 0.503418 0.109375 0.110352
0 0.500488 0.610352 0.110352 0.111328
0 0.408691 0.545898 0.110352 0.111328
0 0.408691 0.448242 0.073242 0.074219
0 0.413574 0.344727 0.122070 0.123047
0 0.409180 0.221191 0.109375 0.110352
0 0.871582 0.716309 0.110352 0.110352
0 0.864746 0.838867 0.122070 0.123047
0 0.874512 0.932617 0.122070 0.123047
0 0.782715 0.790527 0.110352 0.110352
0 0.784180 0.889648 0.097656 0.097656
0 0.691406 0.737305 0.097656 0.097656
0 0.687500 0.841797 0.097656 0.097656
0 0.594727 0.775391 0.097656 0.097656
0 0.586914 0.885742 0.109375 0.111328
0 0.492676 0.722656 0.110352 0.111328
0 0.497559 0.941895 0.110352 0.110352
0 0.499512 0.825684 0.110352 0.110352
0 0.397949 0.775391 0.122070 0.123047
0 0.403809 0.891602 0.122070 0.123047
0 0.395020 0.667480 0.110352 0.110352
0 0.298340 0.613770 0.110352 0.110352
0 0.309570 0.721191 0.109375 0.110352
0 0.299805 0.827637 0.109375 0.110352
0 0.299805 0.936035 0.109375 0.110352
0 0.123047 0.276367 0.109375 0.111328
0 0.125000 0.385254 0.109375 0.110352
0 0.123535 0.614746 0.110352 0.110352
0 0.208008 0.662598 0.109375 0.110352
0 0.208984 0.543457 0.109375 0.110352
0 0.215820 0.449219 0.109375 0.111328
0 0.212891 0.329102 0.097656 0.097656
0 0.217285 0.216797 0.110352 0.111328
0 0.312988 0.274902 0.110352 0.110352
0 0.309570 0.385742 0.097656 0.097656
0 0.310059 0.500000 0.110352 0.111328
1 0.215332 0.775879 0.110352 0.110352
0 0.220215 0.876465 0.084961 0.086914
0 0.119629 0.729980 0.110352 0.110352
0 0.115723 0.832520 0.110352 0.110352
0 0.119141 0.943848 0.097656 0.098633