0 0.816895 0.094238 0.061523 0.061523
0 0.909180 0.172852 0.048828 0.048828
0 0.914062 0.054199 0.048828 0.049805
0 0.656250 0.076660 0.060547 0.061523
0 0.297852 0.084961 0.048828 0.048828
0 0.376953 0.150391 0.048828 0.048828
0 0.560059 0.134277 0.061523 0.061523
0 0.185547 0.118652 0.048828 0.049805
0 0.096191 0.059082 0.061523 0.061523
0 0.094727 0.160645 0.048828 0.049805
0 0.654785 0.307129 0.061523 0.061523
0 0.556152 0.240723 0.061523 0.061523
0 0.907715 0.376953 0.073242 0.074219
0 0.817871 0.308105 0.061523 0.061523
0 0.661133 0.210938 0.060547 0.060547
0 0.653809 0.401855 0.061523 0.061523
0 0.726074 0.364258 0.073242 0.074219
0 0.815430 0.195312 0.048828 0.048828
0 0.726562 0.238281 0.060547 0.060547
0 0.914062 0.268066 0.060547 0.061523
0 0.910645 0.859375 0.122070 0.123047
0 0.904785 0.781250 0.122070 0.123047
0 0.810059 0.683594 0.110352 0.111328
0 0.811035 0.800781 0.122070 0.123047
0 0.821777 0.908691 0.122070 0.122070
0 0.730957 0.838867 0.084961 0.085938
0 0.729980 0.742188 0.084961 0.085938
0 0.627930 0.790039 0.097656 0.097656
0 0.626465 0.910156 0.084961 0.085938
0 0.539551 0.735352 0.122070 0.123047
0 0.534668 0.853516 0.122070 0.123047
0 0.450684 0.790039 0.122070 0.123047
0 0.445801 0.912109 0.122070 0.123047
0 0.347656 0.848145 0.097656 0.098633
0 0.343262 0.728516 0.084961 0.085938
0 0.265625 0.784180 0.085938 0.085938
0 0.259277 0.900391 0.084961 0.085938
0 0.161133 0.837891 0.085938 0.085938
0 0.158203 0.948242 0.085938 0.085938
0 0.077148 0.871582 0.097656 0.098633
0 0.073242 0.780762 0.097656 0.098633
0 0.743164 0.136719 0.037109 0.037109
0 0.568359 0.033203 0.048828 0.048828
0 0.485352 0.088867 0.048828 0.048828
0 0.480469 0.187012 0.060547 0.061523
0 0.291504 0.189941 0.024414 0.024414
0 0.198730 0.223145 0.024414 0.024414