1 0.295898 0.854980 0.097656 0.098633
0 0.871094 0.082031 0.097656 0.097656
0 0.872070 0.198242 0.097656 0.097656
0 0.781250 0.256348 0.109375 0.110352
0 0.778320 0.139160 0.109375 0.110352
0 0.678711 0.078613 0.109375 0.110352
0 0.677246 0.204102 0.122070 0.123047
0 0.577637 0.126465 0.110352 0.110352
0 0.587402 0.209473 0.073242 0.073242
0 0.493164 0.077637 0.097656 0.098633
0 0.488770 0.189941 0.110352 0.110352
0 0.397461 0.141113 0.109375 0.110352
0 0.304688 0.077637 0.109375 0.110352
0 0.208496 0.138184 0.110352 0.110352
0 0.109863 0.073730 0.110352 0.110352
0 0.110352 0.193359 0.109375 0.111328
0 0.207520 0.243652 0.110352 0.110352
0 0.299316 0.187988 0.110352 0.110352
0 0.400391 0.251465 0.109375 0.110352
0 0.870117 0.304199 0.097656 0.098633
0 0.875977 0.411621 0.097656 0.098633
0 0.780273 0.480469 0.097656 0.097656
0 0.775391 0.362793 0.109375 0.110352
0 0.678711 0.306641 0.109375 0.111328
0 0.681152 0.415039 0.110352 0.111328
0 0.587402 0.338867 0.110352 0.111328
0 0.584473 0.470215 0.110352 0.110352
0 0.674316 0.525391 0.110352 0.111328
0 0.392578 0.365723 0.109375 0.110352
0 0.486328 0.425293 0.109375 0.110352
0 0.495117 0.294922 0.109375 0.111328
0 0.490234 0.524902 0.109375 0.110352
0 0.401855 0.475098 0.110352 0.110352
0 0.297363 0.520020 0.110352 0.110352
0 0.298828 0.408691 0.097656 0.098633
0 0.303223 0.300293 0.110352 0.110352
0 0.201660 0.344238 0.110352 0.110352
0 0.209961 0.450684 0.109375 0.110352
0 0.107910 0.416016 0.122070 0.123047
0 0.118164 0.303223 0.109375 0.110352
0 0.117676 0.523438 0.122070 0.123047
0 0.865234 0.530762 0.097656 0.098633
0 0.875977 0.645020 0.097656 0.098633
0 0.868652 0.754395 0.110352 0.110352
0 0.863770 0.873535 0.110352 0.110352
0 0.772949 0.588379 0.110352 0.110352
0 0.773926 0.698730 0.110352 0.110352
0 0.771484 0.813965 0.109375 0.110352
0 0.768555 0.919434 0.109375 0.110352
0 0.673340 0.645508 0.122070 0.123047
0 0.674805 0.751465 0.109375 0.110352
0 0.673828 0.859863 0.109375 0.110352
0 0.584473 0.902344 0.110352 0.111328
0 0.584473 0.804688 0.073242 0.074219
0 0.589355 0.701172 0.122070 0.123047
0 0.584961 0.577637 0.109375 0.110352
0 0.103027 0.628906 0.122070 0.123047
0 0.112793 0.730957 0.110352 0.110352
0 0.115234 0.852051 0.109375 0.110352
0 0.205566 0.911621 0.110352 0.110352
0 0.201660 0.797363 0.110352 0.110352
0 0.195801 0.701660 0.110352 0.110352
0 0.201172 0.574219 0.109375 0.111328
0 0.298828 0.632812 0.109375 0.111328
0 0.300781 0.741699 0.109375 0.110352
0 0.384766 0.899902 0.109375 0.110352
0 0.391602 0.805664 0.109375 0.111328
0 0.388672 0.685547 0.097656 0.097656
0 0.393066 0.573242 0.110352 0.111328
0 0.488770 0.631348 0.110352 0.110352
0 0.485352 0.742188 0.097656 0.097656
0 0.485840 0.856445 0.110352 0.111328