0 0.050293 0.828613 0.061523 0.061523
0 0.052734 0.723633 0.048828 0.048828
0 0.056641 0.559570 0.048828 0.048828
0 0.058594 0.639648 0.048828 0.048828
0 0.055664 0.458984 0.048828 0.048828
0 0.045898 0.947266 0.048828 0.048828
0 0.548828 0.096680 0.048828 0.048828
0 0.164551 0.811523 0.061523 0.060547
0 0.536133 0.843262 0.060547 0.061523
0 0.259766 0.831055 0.048828 0.048828
0 0.644531 0.760254 0.060547 0.061523
0 0.359375 0.764648 0.048828 0.048828
0 0.721191 0.812012 0.061523 0.061523
0 0.367188 0.855469 0.048828 0.048828
0 0.833496 0.788574 0.061523 0.061523
0 0.448242 0.819336 0.048828 0.048828
0 0.255859 0.706055 0.048828 0.048828
0 0.925781 0.781250 0.048828 0.048828
0 0.545898 0.660645 0.060547 0.061523
0 0.452637 0.265137 0.061523 0.061523
0 0.450684 0.609863 0.061523 0.061523
0 0.454590 0.707520 0.061523 0.061523
0 0.547363 0.202637 0.061523 0.061523
0 0.737305 0.616211 0.048828 0.048828
0 0.657227 0.640625 0.048828 0.048828
0 0.547852 0.301270 0.048828 0.049805
0 0.546875 0.401855 0.048828 0.049805
0 0.175781 0.686523 0.048828 0.048828
0 0.841797 0.611328 0.048828 0.048828
0 0.743164 0.483398 0.048828 0.048828
0 0.837891 0.694336 0.048828 0.048828
0 0.921875 0.693359 0.048828 0.048828
0 0.831543 0.883301 0.061523 0.061523
0 0.365234 0.946777 0.060547 0.061523
0 0.168457 0.919434 0.061523 0.061523
0 0.535645 0.927246 0.061523 0.061523
0 0.258789 0.933594 0.060547 0.060547
0 0.643555 0.878418 0.060547 0.061523
0 0.451660 0.934082 0.061523 0.061523
0 0.730469 0.915527 0.060547 0.061523
0 0.916016 0.874512 0.060547 0.061523
0 0.832520 0.962402 0.061523 0.061523
0 0.843750 0.514648 0.037109 0.037109
0 0.734375 0.717773 0.048828 0.048828
0 0.660156 0.525391 0.037109 0.037109
0 0.259766 0.501465 0.048828 0.049805
0 0.259766 0.600586 0.048828 0.048828
0 0.166992 0.492188 0.037109 0.037109
0 0.174805 0.596680 0.048828 0.048828
0 0.659180 0.159180 0.048828 0.048828
0 0.657227 0.247070 0.048828 0.048828
0 0.661621 0.351074 0.036133 0.036133
0 0.655273 0.433105 0.048828 0.049805
0 0.750000 0.370117 0.037109 0.037109
0 0.812012 0.333008 0.036133 0.037109
0 0.759766 0.259766 0.037109 0.037109
0 0.765625 0.137695 0.037109 0.037109
0 0.973633 0.027344 0.048828 0.048828
0 0.971191 0.157227 0.036133 0.037109
0 0.061523 0.095703 0.048828 0.048828
0 0.274414 0.054199 0.037109 0.036133
0 0.271484 0.136230 0.037109 0.036133
0 0.269531 0.225586 0.037109 0.037109
0 0.263672 0.303711 0.037109 0.037109
0 0.364258 0.256348 0.048828 0.049805
0 0.375977 0.140137 0.048828 0.049805
0 0.380859 0.041504 0.037109 0.036133
0 0.473145 0.062500 0.036133 0.037109
0 0.464355 0.163574 0.036133 0.036133
0 0.178223 0.281250 0.036133 0.037109
0 0.454590 0.372070 0.036133 0.037109
0 0.361328 0.366211 0.037109 0.037109
0 0.260254 0.397461 0.036133 0.037109
0 0.170410 0.395508 0.036133 0.037109
0 0.058594 0.383789 0.048828 0.048828