0 0.219727 0.054199 0.097656 0.098633
0 0.213379 0.145996 0.110352 0.110352
0 0.134277 0.070801 0.073242 0.073242
0 0.303223 0.099609 0.122070 0.123047
0 0.408691 0.159180 0.122070 0.123047
0 0.503418 0.105469 0.122070 0.123047
0 0.609863 0.159180 0.122070 0.123047
0 0.692871 0.103027 0.110352 0.110352
0 0.887207 0.107422 0.122070 0.123047
0 0.125977 0.293945 0.037109 0.037109
0 0.882324 0.215820 0.122070 0.123047
0 0.875977 0.333496 0.109375 0.110352
0 0.877930 0.434082 0.097656 0.098633
0 0.870605 0.544922 0.122070 0.123047
0 0.878418 0.653320 0.122070 0.123047
0 0.776855 0.589844 0.122070 0.123047
0 0.782227 0.473633 0.097656 0.097656
0 0.780762 0.365234 0.122070 0.123047
0 0.776855 0.260742 0.122070 0.123047
0 0.783691 0.155273 0.122070 0.123047
0 0.690918 0.211914 0.122070 0.123047
0 0.687012 0.312500 0.122070 0.123047
0 0.687012 0.428711 0.122070 0.123047
0 0.685059 0.545898 0.122070 0.123047
0 0.675293 0.658203 0.122070 0.123047
0 0.595215 0.262695 0.110352 0.111328
0 0.595215 0.368164 0.110352 0.111328
1 0.588867 0.486816 0.109375 0.110352
0 0.587891 0.600098 0.109375 0.110352
0 0.497070 0.651855 0.109375 0.110352
0 0.497070 0.530762 0.109375 0.110352
0 0.503906 0.431152 0.109375 0.110352
0 0.500000 0.321289 0.109375 0.111328
0 0.503906 0.212891 0.109375 0.111328
0 0.398438 0.269043 0.109375 0.110352
0 0.397461 0.367676 0.109375 0.110352
0 0.395020 0.490723 0.110352 0.110352
0 0.389160 0.594238 0.110352 0.110352
0 0.303223 0.653809 0.110352 0.110352
0 0.293457 0.540527 0.110352 0.110352
0 0.303223 0.427246 0.110352 0.110352
0 0.308105 0.312012 0.110352 0.110352
0 0.305176 0.204102 0.122070 0.123047
0 0.229492 0.252441 0.109375 0.110352
0 0.216797 0.372559 0.097656 0.098633
0 0.208496 0.491699 0.073242 0.073242
0 0.208984 0.598145 0.097656 0.098633
0 0.115234 0.659180 0.097656 0.097656
0 0.035645 0.606445 0.036133 0.037109
0 0.118164 0.416992 0.085938 0.085938
0 0.116211 0.541992 0.085938 0.085938
0 0.127930 0.198242 0.085938 0.085938
0 0.595703 0.706543 0.109375 0.110352
0 0.398926 0.702637 0.110352 0.110352
0 0.300781 0.767090 0.109375 0.110352
0 0.196777 0.715820 0.122070 0.123047
0 0.108887 0.778320 0.073242 0.074219
0 0.204102 0.816895 0.109375 0.110352
0 0.504395 0.770996 0.110352 0.110352
0 0.203613 0.916016 0.084961 0.085938
0 0.296875 0.871582 0.109375 0.110352
0 0.394043 0.814941 0.110352 0.110352
0 0.394043 0.925293 0.110352 0.110352
0 0.489746 0.864746 0.110352 0.110352
0 0.581055 0.817383 0.109375 0.111328
0 0.583008 0.927246 0.109375 0.110352
0 0.690918 0.763672 0.122070 0.123047
0 0.688965 0.855469 0.122070 0.123047
0 0.778809 0.704102 0.122070 0.123047
0 0.782715 0.800781 0.122070 0.123047
0 0.778809 0.918945 0.122070 0.123047
0 0.868652 0.757812 0.122070 0.123047
0 0.877441 0.868652 0.110352 0.110352