0 0.300781 0.051758 0.048828 0.048828
0 0.128418 0.049316 0.073242 0.073242
0 0.587402 0.236328 0.073242 0.074219
0 0.117676 0.547852 0.084961 0.085938
0 0.299316 0.266113 0.061523 0.061523
0 0.399414 0.210938 0.048828 0.048828
0 0.202637 0.698242 0.084961 0.085938
0 0.130371 0.158691 0.061523 0.061523
0 0.298340 0.163574 0.061523 0.061523
0 0.497070 0.178711 0.048828 0.048828
0 0.285645 0.865723 0.073242 0.073242
0 0.695801 0.062012 0.061523 0.061523
0 0.890625 0.049316 0.060547 0.061523
0 0.688965 0.288574 0.061523 0.061523
0 0.869629 0.226074 0.073242 0.073242
0 0.890625 0.119629 0.048828 0.049805
0 0.880859 0.876953 0.097656 0.097656
0 0.887695 0.767578 0.109375 0.111328
0 0.885742 0.666016 0.097656 0.097656
0 0.896973 0.570312 0.084961 0.085938
0 0.885254 0.489258 0.084961 0.085938
0 0.762695 0.486328 0.085938 0.085938
0 0.755859 0.722168 0.097656 0.098633
0 0.764648 0.833984 0.097656 0.097656
0 0.760742 0.937988 0.097656 0.098633
0 0.665039 0.872559 0.097656 0.098633
0 0.667969 0.782715 0.109375 0.110352
0 0.667969 0.653320 0.085938 0.085938
0 0.677246 0.544922 0.084961 0.085938
0 0.583008 0.601074 0.097656 0.098633
0 0.586914 0.712402 0.109375 0.110352
0 0.579102 0.815430 0.097656 0.097656
0 0.580078 0.926270 0.109375 0.110352
0 0.115234 0.637695 0.085938 0.085938
0 0.120117 0.750000 0.085938 0.085938
0 0.108398 0.859375 0.085938 0.085938
0 0.201172 0.898438 0.097656 0.097656
0 0.197754 0.777344 0.084961 0.085938
0 0.205566 0.592773 0.084961 0.085938
0 0.289551 0.537109 0.084961 0.085938
0 0.281738 0.653809 0.084961 0.086914
0 0.286621 0.758789 0.084961 0.085938
0 0.472656 0.852051 0.097656 0.098633
0 0.487305 0.751465 0.097656 0.098633
0 0.491211 0.631836 0.097656 0.097656
0 0.485840 0.541016 0.084961 0.085938
0 0.393066 0.600586 0.122070 0.123047
0 0.392578 0.703613 0.097656 0.098633
0 0.378418 0.905273 0.084961 0.085938
0 0.780273 0.105957 0.048828 0.049805
0 0.784180 0.218750 0.048828 0.048828
0 0.688965 0.173340 0.061523 0.061523
0 0.500000 0.070312 0.037109 0.037109
0 0.396973 0.120117 0.036133 0.037109
0 0.217285 0.099609 0.073242 0.074219
0 0.215820 0.220703 0.037109 0.037109
0 0.128906 0.248535 0.048828 0.049805
0 0.025391 0.289551 0.048828 0.049805