0 0.149414 0.557129 0.060547 0.061523
0 0.051758 0.634277 0.060547 0.061523
0 0.050293 0.736328 0.073242 0.074219
0 0.433594 0.361328 0.048828 0.048828
0 0.335449 0.450684 0.061523 0.061523
0 0.243652 0.405762 0.061523 0.061523
0 0.602051 0.878418 0.061523 0.061523
0 0.527344 0.685059 0.060547 0.061523
0 0.435547 0.811035 0.048828 0.049805
0 0.619141 0.783691 0.060547 0.061523
0 0.894043 0.531738 0.061523 0.061523
0 0.802734 0.396484 0.037109 0.037109
0 0.532715 0.351562 0.036133 0.037109
0 0.337402 0.681152 0.061523 0.061523
0 0.892578 0.432129 0.048828 0.049805
0 0.614258 0.326172 0.037109 0.037109
0 0.525391 0.457031 0.048828 0.048828
0 0.433594 0.695801 0.048828 0.049805
0 0.890137 0.658691 0.061523 0.061523
0 0.886719 0.750977 0.048828 0.048828
0 0.257812 0.619629 0.048828 0.049805
0 0.895020 0.336426 0.061523 0.061523
0 0.714355 0.217285 0.073242 0.073242
0 0.793457 0.042480 0.061523 0.061523
0 0.715820 0.124512 0.048828 0.049805
0 0.617676 0.226074 0.122070 0.122070
0 0.518555 0.237793 0.097656 0.098633
0 0.515137 0.135254 0.110352 0.110352
0 0.426270 0.147461 0.122070 0.123047
0 0.425781 0.281738 0.109375 0.110352
0 0.336426 0.114258 0.122070 0.123047
0 0.336914 0.231934 0.097656 0.098633
0 0.241699 0.299805 0.110352 0.111328
0 0.240234 0.071777 0.097656 0.098633
0 0.232422 0.177734 0.097656 0.097656
0 0.147461 0.118164 0.097656 0.097656
0 0.144531 0.231445 0.109375 0.111328
0 0.150391 0.327148 0.085938 0.085938
0 0.056641 0.153320 0.109375 0.111328
0 0.793457 0.163574 0.036133 0.036133
0 0.900391 0.120117 0.037109 0.037109
0 0.899414 0.230957 0.048828 0.049805
0 0.797363 0.270996 0.036133 0.036133
0 0.795898 0.495117 0.037109 0.037109
0 0.793945 0.611328 0.037109 0.037109
0 0.795898 0.715820 0.037109 0.037109
0 0.791992 0.813477 0.037109 0.037109
0 0.716797 0.436523 0.048828 0.048828
0 0.607910 0.447266 0.036133 0.037109
0 0.619629 0.573242 0.036133 0.037109
0 0.619141 0.656250 0.048828 0.048828
0 0.712891 0.549316 0.060547 0.061523
0 0.524414 0.566406 0.037109 0.037109
0 0.426758 0.617188 0.048828 0.048828
0 0.429688 0.512695 0.037109 0.037109
0 0.336914 0.356445 0.048828 0.048828
0 0.332031 0.563965 0.048828 0.049805
0 0.258789 0.711426 0.048828 0.049805
0 0.254395 0.520020 0.061523 0.061523
0 0.140625 0.444824 0.048828 0.049805
0 0.055664 0.507324 0.060547 0.061523
0 0.054199 0.832031 0.024414 0.025391
0 0.155273 0.776367 0.048828 0.048828
0 0.149414 0.658691 0.048828 0.049805
0 0.333008 0.782715 0.048828 0.049805
0 0.526367 0.782715 0.048828 0.049805
0 0.700684 0.864258 0.036133 0.037109
0 0.530273 0.968262 0.048828 0.049805
0 0.440430 0.911621 0.048828 0.049805
0 0.328125 0.896484 0.048828 0.048828
0 0.254395 0.939941 0.024414 0.024414
0 0.145020 0.868652 0.024414 0.024414