0 0.907227 0.467285 0.109375 0.110352
0 0.907227 0.354980 0.097656 0.098633
0 0.910156 0.243652 0.097656 0.098633
0 0.914062 0.140137 0.097656 0.098633
0 0.819336 0.081543 0.097656 0.098633
0 0.815430 0.192871 0.109375 0.110352
0 0.811523 0.290527 0.109375 0.110352
1 0.816406 0.412598 0.109375 0.110352
0 0.710449 0.458008 0.110352 0.111328
0 0.712891 0.348633 0.097656 0.097656
0 0.714844 0.246582 0.109375 0.110352
0 0.719727 0.146973 0.109375 0.110352
0 0.625488 0.081543 0.110352 0.110352
0 0.621094 0.190430 0.097656 0.097656
0 0.623535 0.304688 0.110352 0.111328
0 0.623047 0.407227 0.097656 0.097656
0 0.526855 0.464844 0.073242 0.074219
0 0.530273 0.358398 0.085938 0.085938
0 0.532227 0.255859 0.085938 0.085938
0 0.539551 0.138672 0.084961 0.085938
0 0.434570 0.072266 0.109375 0.111328
0 0.435547 0.187500 0.109375 0.111328
0 0.432617 0.299316 0.109375 0.110352
0 0.435547 0.404785 0.097656 0.098633
0 0.343750 0.134766 0.109375 0.111328
0 0.342773 0.232910 0.097656 0.098633
0 0.349121 0.352539 0.122070 0.123047
0 0.345215 0.451660 0.110352 0.110352
0 0.241699 0.406738 0.110352 0.110352
0 0.244629 0.291504 0.110352 0.110352
0 0.246582 0.074707 0.110352 0.110352
0 0.246094 0.179688 0.048828 0.048828
0 0.161133 0.125488 0.097656 0.098633
0 0.150391 0.233887 0.109375 0.110352
0 0.154297 0.356934 0.097656 0.098633
0 0.160156 0.474121 0.109375 0.110352
0 0.058594 0.076660 0.109375 0.110352
0 0.137207 0.583008 0.122070 0.123047
0 0.142090 0.690918 0.122070 0.122070
0 0.061035 0.522949 0.110352 0.110352
0 0.131348 0.806152 0.122070 0.122070
0 0.150879 0.888184 0.110352 0.110352
0 0.239258 0.852051 0.109375 0.110352
0 0.246094 0.729980 0.109375 0.110352
0 0.238281 0.629395 0.109375 0.110352
0 0.243164 0.521973 0.109375 0.110352
0 0.342285 0.568359 0.122070 0.123047
0 0.338379 0.680664 0.122070 0.123047
0 0.340820 0.785645 0.109375 0.110352
0 0.347656 0.881348 0.109375 0.110352
0 0.431152 0.846191 0.110352 0.110352
0 0.428223 0.744629 0.110352 0.110352
0 0.435059 0.626953 0.110352 0.111328
0 0.432129 0.522461 0.110352 0.111328
0 0.524414 0.569336 0.109375 0.111328
0 0.526367 0.680664 0.109375 0.111328
0 0.519531 0.789062 0.097656 0.097656
0 0.526367 0.903809 0.097656 0.098633
0 0.612305 0.855469 0.109375 0.111328
0 0.627441 0.735352 0.122070 0.123047
0 0.626465 0.620117 0.073242 0.074219
0 0.618164 0.525879 0.097656 0.098633
0 0.711426 0.585938 0.122070 0.123047
0 0.711426 0.682129 0.110352 0.110352
0 0.708008 0.785156 0.097656 0.097656
0 0.705078 0.905273 0.109375 0.111328
0 0.803223 0.854980 0.110352 0.110352
0 0.806152 0.737793 0.110352 0.110352
0 0.811035 0.636230 0.110352 0.110352
0 0.811523 0.515137 0.109375 0.110352
0 0.904297 0.573730 0.109375 0.110352
0 0.900391 0.680176 0.109375 0.110352
0 0.904297 0.775879 0.097656 0.098633
0 0.905762 0.912598 0.110352 0.110352