0 0.244629 0.947266 0.073242 0.074219
0 0.614258 0.928223 0.048828 0.049805
0 0.528320 0.940918 0.060547 0.061523
0 0.892578 0.965332 0.048828 0.049805
0 0.901367 0.418945 0.048828 0.048828
0 0.895996 0.523926 0.061523 0.061523
0 0.900879 0.321777 0.061523 0.061523
0 0.899414 0.208496 0.060547 0.061523
0 0.898926 0.638184 0.061523 0.061523
0 0.892578 0.853027 0.060547 0.061523
0 0.896484 0.738770 0.060547 0.061523
0 0.971680 0.818359 0.048828 0.048828
0 0.071289 0.389160 0.060547 0.061523
0 0.369629 0.836426 0.061523 0.061523
0 0.355469 0.193359 0.048828 0.048828
0 0.257324 0.282715 0.061523 0.061523
0 0.165527 0.237793 0.061523 0.061523
0 0.523926 0.710449 0.061523 0.061523
0 0.449219 0.517090 0.060547 0.061523
0 0.253906 0.842773 0.048828 0.048828
0 0.357422 0.643066 0.048828 0.049805
0 0.541016 0.615723 0.060547 0.061523
0 0.815918 0.363770 0.061523 0.061523
0 0.724609 0.228516 0.037109 0.037109
0 0.454590 0.183594 0.036133 0.037109
0 0.709473 0.874512 0.061523 0.061523
0 0.259277 0.513184 0.061523 0.061523
0 0.814453 0.264160 0.048828 0.049805
0 0.536133 0.158203 0.037109 0.037109
0 0.447266 0.289062 0.048828 0.048828
0 0.355469 0.527832 0.048828 0.049805
0 0.812012 0.490723 0.061523 0.061523
0 0.808594 0.583008 0.048828 0.048828
0 0.179688 0.451660 0.048828 0.049805
0 0.816895 0.168457 0.061523 0.061523
0 0.636230 0.049316 0.073242 0.073242
0 0.897949 0.112305 0.073242 0.074219
0 0.440430 0.069824 0.097656 0.098633
0 0.347656 0.113770 0.109375 0.110352
0 0.258789 0.063965 0.097656 0.098633
0 0.163574 0.131836 0.110352 0.111328
0 0.066406 0.063477 0.109375 0.111328
0 0.072266 0.159180 0.085938 0.085938
0 0.972656 0.929688 0.048828 0.048828
0 0.821289 0.062988 0.048828 0.049805
0 0.719238 0.103027 0.036133 0.036133
0 0.717773 0.327148 0.037109 0.037109
0 0.715820 0.443359 0.037109 0.037109
0 0.717773 0.547852 0.037109 0.037109
0 0.713867 0.645508 0.037109 0.037109
0 0.638672 0.268555 0.048828 0.048828
0 0.529785 0.279297 0.036133 0.037109
0 0.541504 0.405273 0.036133 0.037109
0 0.541016 0.488281 0.048828 0.048828
0 0.634766 0.381348 0.060547 0.061523
0 0.446289 0.398438 0.037109 0.037109
0 0.348633 0.449219 0.048828 0.048828
0 0.351562 0.344727 0.037109 0.037109
0 0.258789 0.188477 0.048828 0.048828
0 0.253906 0.395996 0.048828 0.049805
0 0.180664 0.543457 0.048828 0.049805
0 0.176270 0.352051 0.061523 0.061523
0 0.062500 0.276855 0.048828 0.049805
0 0.077148 0.608398 0.048828 0.048828
0 0.071289 0.490723 0.048828 0.049805
0 0.254883 0.614746 0.048828 0.049805
0 0.448242 0.614746 0.048828 0.049805
0 0.622559 0.696289 0.036133 0.037109
0 0.618164 0.824707 0.048828 0.049805
0 0.802734 0.910156 0.037109 0.037109
0 0.532227 0.822754 0.048828 0.049805
0 0.452148 0.800293 0.048828 0.049805
0 0.446777 0.903809 0.061523 0.061523
0 0.365234 0.911133 0.048828 0.048828
0 0.362305 0.743652 0.048828 0.049805
0 0.250000 0.728516 0.048828 0.048828
0 0.176270 0.771973 0.024414 0.024414
0 0.181152 0.896973 0.024414 0.024414
0 0.066895 0.938965 0.024414 0.024414
0 0.066895 0.700684 0.024414 0.024414