0 0.670410 0.203125 0.073242 0.074219
0 0.200684 0.514648 0.084961 0.085938
0 0.382324 0.232910 0.061523 0.061523
0 0.482422 0.177734 0.048828 0.048828
0 0.285645 0.665039 0.084961 0.085938
0 0.213379 0.125488 0.061523 0.061523
0 0.381348 0.130371 0.061523 0.061523
0 0.107910 0.074707 0.061523 0.061523
0 0.580078 0.145508 0.048828 0.048828
0 0.368652 0.832520 0.073242 0.073242
0 0.771973 0.255371 0.061523 0.061523
0 0.952637 0.192871 0.073242 0.073242
0 0.973633 0.086426 0.048828 0.049805
0 0.845703 0.453125 0.085938 0.085938
0 0.838867 0.688965 0.097656 0.098633
0 0.847656 0.800781 0.097656 0.097656
0 0.843750 0.904785 0.097656 0.098633
0 0.755859 0.944824 0.097656 0.098633
0 0.748047 0.839355 0.097656 0.098633
0 0.750977 0.749512 0.109375 0.110352
0 0.750977 0.620117 0.085938 0.085938
0 0.760254 0.511719 0.084961 0.085938
0 0.666016 0.567871 0.097656 0.098633
0 0.669922 0.679199 0.109375 0.110352
0 0.662109 0.782227 0.097656 0.097656
0 0.663086 0.893066 0.109375 0.110352
0 0.091309 0.881836 0.122070 0.123047
0 0.088379 0.768555 0.122070 0.123047
0 0.097168 0.656738 0.084961 0.086914
0 0.092285 0.530273 0.084961 0.085938
0 0.198242 0.604492 0.085938 0.085938
0 0.203125 0.716797 0.085938 0.085938
0 0.191406 0.826172 0.085938 0.085938
0 0.195312 0.940430 0.085938 0.085938
0 0.284180 0.865234 0.097656 0.097656
0 0.280762 0.744141 0.084961 0.085938
0 0.288574 0.559570 0.084961 0.085938
0 0.372559 0.503906 0.084961 0.085938
0 0.364746 0.620605 0.084961 0.086914
0 0.369629 0.725586 0.084961 0.085938
0 0.363281 0.946289 0.085938 0.085938
0 0.560547 0.922363 0.097656 0.098633
0 0.555664 0.818848 0.097656 0.098633
0 0.570312 0.718262 0.097656 0.098633
0 0.574219 0.598633 0.097656 0.097656
0 0.568848 0.507812 0.084961 0.085938
0 0.476074 0.567383 0.122070 0.123047
0 0.475586 0.670410 0.097656 0.098633
0 0.461426 0.872070 0.084961 0.085938
0 0.863281 0.072754 0.048828 0.049805
0 0.867188 0.185547 0.048828 0.048828
0 0.771973 0.140137 0.061523 0.061523
0 0.583008 0.037109 0.037109 0.037109
0 0.479980 0.086914 0.036133 0.037109
0 0.300293 0.066406 0.073242 0.074219
0 0.298828 0.187500 0.037109 0.037109
0 0.211914 0.215332 0.048828 0.049805
0 0.108398 0.256348 0.048828 0.049805