0 0.158203 0.531738 0.060547 0.061523
0 0.060547 0.608887 0.060547 0.061523
0 0.059082 0.710938 0.073242 0.074219
0 0.442383 0.335938 0.048828 0.048828
0 0.344238 0.425293 0.061523 0.061523
0 0.252441 0.380371 0.061523 0.061523
0 0.610840 0.853027 0.061523 0.061523
0 0.536133 0.659668 0.060547 0.061523
0 0.444336 0.785645 0.048828 0.049805
0 0.627930 0.758301 0.060547 0.061523
0 0.902832 0.506348 0.061523 0.061523
0 0.811523 0.371094 0.037109 0.037109
0 0.541504 0.326172 0.036133 0.037109
0 0.346191 0.655762 0.061523 0.061523
0 0.901367 0.406738 0.048828 0.049805
0 0.623047 0.300781 0.037109 0.037109
0 0.534180 0.431641 0.048828 0.048828
0 0.442383 0.670410 0.048828 0.049805
0 0.898926 0.633301 0.061523 0.061523
0 0.895508 0.725586 0.048828 0.048828
0 0.266602 0.594238 0.048828 0.049805
0 0.903809 0.311035 0.061523 0.061523
0 0.723145 0.191895 0.073242 0.073242
0 0.724609 0.099121 0.048828 0.049805
0 0.626465 0.200684 0.122070 0.122070
0 0.527344 0.212402 0.097656 0.098633
0 0.523926 0.109863 0.110352 0.110352
0 0.435059 0.122070 0.122070 0.123047
0 0.434570 0.256348 0.109375 0.110352
0 0.345215 0.088867 0.122070 0.123047
0 0.345703 0.206543 0.097656 0.098633
0 0.250488 0.274414 0.110352 0.111328
0 0.241211 0.152344 0.097656 0.097656
0 0.156250 0.092773 0.097656 0.097656
0 0.153320 0.206055 0.109375 0.111328
0 0.159180 0.301758 0.085938 0.085938
0 0.065430 0.127930 0.109375 0.111328
0 0.062012 0.250000 0.122070 0.123047
0 0.069824 0.358398 0.122070 0.123047
0 0.802246 0.138184 0.036133 0.036133
0 0.909180 0.094727 0.037109 0.037109
0 0.908203 0.205566 0.048828 0.049805
0 0.806152 0.245605 0.036133 0.036133
0 0.804688 0.469727 0.037109 0.037109
0 0.802734 0.585938 0.037109 0.037109
0 0.804688 0.690430 0.037109 0.037109
0 0.800781 0.788086 0.037109 0.037109
0 0.725586 0.411133 0.048828 0.048828
0 0.616699 0.421875 0.036133 0.037109
0 0.628418 0.547852 0.036133 0.037109
0 0.627930 0.630859 0.048828 0.048828
0 0.721680 0.523926 0.060547 0.061523
0 0.533203 0.541016 0.037109 0.037109
0 0.435547 0.591797 0.048828 0.048828
0 0.438477 0.487305 0.037109 0.037109
0 0.345703 0.331055 0.048828 0.048828
0 0.340820 0.538574 0.048828 0.049805
0 0.267578 0.686035 0.048828 0.049805
0 0.263184 0.494629 0.061523 0.061523
0 0.149414 0.419434 0.048828 0.049805
0 0.064453 0.481934 0.060547 0.061523
0 0.062988 0.806641 0.024414 0.025391
0 0.164062 0.750977 0.048828 0.048828
0 0.158203 0.633301 0.048828 0.049805
0 0.341797 0.757324 0.048828 0.049805
0 0.535156 0.757324 0.048828 0.049805
0 0.709473 0.838867 0.036133 0.037109
0 0.705078 0.967285 0.048828 0.049805
0 0.619141 0.965332 0.048828 0.049805
0 0.539062 0.942871 0.048828 0.049805
0 0.449219 0.886230 0.048828 0.049805
0 0.336914 0.871094 0.048828 0.048828
0 0.263184 0.914551 0.024414 0.024414
0 0.153809 0.843262 0.024414 0.024414