0 0.628418 0.482422 0.073242 0.074219
0 0.912109 0.476074 0.060547 0.061523
0 0.558594 0.961914 0.048828 0.048828
0 0.561523 0.760742 0.048828 0.048828
0 0.557617 0.868164 0.048828 0.048828
0 0.827148 0.926270 0.060547 0.061523
0 0.913086 0.684082 0.060547 0.061523
0 0.916016 0.570801 0.060547 0.061523
0 0.557129 0.645020 0.061523 0.061523
0 0.743164 0.744141 0.048828 0.048828
0 0.631836 0.809570 0.037109 0.037109
0 0.742188 0.650391 0.048828 0.048828
0 0.919922 0.778320 0.048828 0.048828
0 0.832031 0.815430 0.060547 0.060547
0 0.632324 0.695312 0.073242 0.074219
0 0.835449 0.738770 0.061523 0.061523
0 0.623047 0.922852 0.048828 0.048828
0 0.632324 0.593750 0.073242 0.074219
0 0.161133 0.074219 0.085938 0.085938
0 0.355957 0.103516 0.073242 0.074219
0 0.032227 0.455566 0.048828 0.049805
0 0.354492 0.741699 0.048828 0.049805
0 0.444824 0.689941 0.061523 0.061523
0 0.243164 0.784668 0.060547 0.061523
0 0.348633 0.940430 0.048828 0.048828
0 0.442383 0.923340 0.060547 0.061523
0 0.351562 0.840332 0.048828 0.049805
0 0.247070 0.704590 0.060547 0.061523
0 0.351562 0.643555 0.037109 0.037109
0 0.440430 0.805176 0.048828 0.049805
0 0.247070 0.582520 0.048828 0.049805
0 0.453613 0.587891 0.036133 0.037109
0 0.753418 0.371582 0.061523 0.061523
0 0.907715 0.245605 0.061523 0.061523
0 0.833008 0.052246 0.060547 0.061523
0 0.637695 0.377930 0.048828 0.048828
0 0.741211 0.178223 0.048828 0.049805
0 0.924805 0.150879 0.060547 0.061523
0 0.643066 0.048340 0.061523 0.061523
0 0.739258 0.062988 0.048828 0.049805
0 0.912109 0.973633 0.037109 0.037109
0 0.747070 0.964844 0.048828 0.048828
0 0.564453 0.078613 0.048828 0.049805
0 0.359863 0.199219 0.024414 0.025391
0 0.460938 0.143555 0.048828 0.048828
0 0.455078 0.025879 0.048828 0.049805
0 0.638672 0.149902 0.048828 0.049805
0 0.832031 0.149902 0.048828 0.049805
0 0.916016 0.357910 0.048828 0.049805
0 0.835938 0.335449 0.048828 0.049805
0 0.830566 0.438965 0.061523 0.061523
0 0.833984 0.519531 0.048828 0.048828
0 0.835938 0.601562 0.048828 0.048828
0 0.744141 0.539062 0.048828 0.048828
0 0.749023 0.446289 0.048828 0.048828
0 0.746094 0.278809 0.048828 0.049805
0 0.633789 0.263672 0.048828 0.048828
0 0.560059 0.307129 0.024414 0.024414
0 0.564941 0.432129 0.024414 0.024414
0 0.566895 0.546875 0.024414 0.025391
0 0.450684 0.474121 0.024414 0.024414
0 0.450684 0.235840 0.024414 0.024414
0 0.915039 0.879883 0.048828 0.048828
0 0.743652 0.830566 0.024414 0.024414
0 0.147949 0.625488 0.024414 0.024414
0 0.147949 0.732422 0.036133 0.037109
0 0.254883 0.149414 0.048828 0.048828
0 0.257812 0.260742 0.048828 0.048828
0 0.152344 0.513184 0.037109 0.036133
0 0.157227 0.396484 0.048828 0.048828
0 0.157227 0.291992 0.048828 0.048828
0 0.164062 0.180664 0.048828 0.048828
0 0.045898 0.145996 0.023438 0.024414
0 0.040039 0.249023 0.048828 0.048828
0 0.029297 0.361816 0.037109 0.036133
0 0.263184 0.038574 0.024414 0.024414
0 0.358887 0.420410 0.024414 0.024414
0 0.242676 0.507812 0.036133 0.037109