0 0.313477 0.511719 0.048828 0.048828
0 0.217285 0.680176 0.061523 0.061523
0 0.312012 0.617676 0.061523 0.061523
0 0.312500 0.716309 0.048828 0.049805
0 0.311523 0.816895 0.048828 0.049805
0 0.507812 0.898438 0.048828 0.048828
0 0.608398 0.929688 0.037109 0.037109
0 0.424805 0.940430 0.037109 0.037109
0 0.802734 0.532227 0.048828 0.048828
0 0.800781 0.638672 0.048828 0.048828
0 0.793945 0.735352 0.037109 0.037109
0 0.794922 0.824219 0.037109 0.037109
0 0.887695 0.573242 0.048828 0.048828
0 0.889648 0.687012 0.060547 0.061523
0 0.879883 0.807617 0.037109 0.037109
0 0.954590 0.704590 0.061523 0.061523
0 0.946289 0.803711 0.048828 0.048828
0 0.423828 0.574219 0.048828 0.048828
0 0.421875 0.662109 0.048828 0.048828
0 0.426270 0.766113 0.036133 0.036133
0 0.419922 0.848145 0.048828 0.049805
0 0.514648 0.785156 0.037109 0.037109
0 0.576660 0.748047 0.036133 0.037109
0 0.524414 0.674805 0.037109 0.037109
0 0.530273 0.552734 0.037109 0.037109
0 0.974609 0.375488 0.037109 0.036133
0 0.906250 0.106445 0.048828 0.048828
0 0.905762 0.222168 0.024414 0.024414
0 0.898926 0.349121 0.024414 0.024414
0 0.892578 0.463379 0.048828 0.049805
0 0.812988 0.159668 0.036133 0.036133
0 0.812988 0.289551 0.024414 0.024414
0 0.807129 0.398926 0.024414 0.024414
0 0.739258 0.089355 0.037109 0.036133
0 0.742188 0.208496 0.048828 0.049805
0 0.736328 0.339844 0.037109 0.037109
0 0.738281 0.442383 0.048828 0.048828
0 0.735840 0.572266 0.036133 0.037109
0 0.648926 0.132324 0.036133 0.036133
0 0.412598 0.053711 0.036133 0.037109
0 0.648438 0.036621 0.037109 0.036133
0 0.816895 0.039062 0.036133 0.037109
0 0.237793 0.077148 0.024414 0.025391
0 0.318848 0.077148 0.036133 0.037109
0 0.040039 0.263672 0.037109 0.037109
0 0.030273 0.355957 0.037109 0.036133
0 0.039062 0.469238 0.037109 0.036133
0 0.036133 0.551270 0.037109 0.036133
0 0.034180 0.640625 0.037109 0.037109
0 0.028320 0.718750 0.037109 0.037109
0 0.128906 0.671387 0.048828 0.049805
0 0.140625 0.555176 0.048828 0.049805
0 0.145508 0.456543 0.037109 0.036133
0 0.149414 0.375000 0.037109 0.037109
0 0.159668 0.257812 0.036133 0.037109
0 0.242676 0.293945 0.036133 0.037109
0 0.247559 0.383789 0.036133 0.037109
0 0.237793 0.477539 0.036133 0.037109
0 0.229004 0.578613 0.036133 0.036133
0 0.313477 0.416016 0.037109 0.037109
0 0.313477 0.331055 0.037109 0.037109
0 0.312500 0.257812 0.037109 0.037109
0 0.219238 0.787109 0.036133 0.037109
0 0.125977 0.781250 0.037109 0.037109
0 0.024902 0.812500 0.036133 0.037109
0 0.740234 0.687500 0.048828 0.048828