0 0.109375 0.118652 0.060547 0.061523
0 0.190918 0.187500 0.084961 0.085938
0 0.116211 0.335938 0.048828 0.048828
0 0.190430 0.398438 0.048828 0.048828
0 0.115723 0.226074 0.061523 0.061523
1 0.860352 0.457520 0.097656 0.098633
0 0.290039 0.453125 0.048828 0.048828
0 0.290039 0.571777 0.060547 0.061523
0 0.291016 0.346680 0.048828 0.048828
0 0.290527 0.903809 0.061523 0.061523
0 0.383789 0.621582 0.048828 0.049805
0 0.289062 0.666504 0.060547 0.061523
0 0.300293 0.785645 0.073242 0.073242
0 0.861816 0.122559 0.110352 0.110352
0 0.682129 0.125977 0.122070 0.123047
0 0.577148 0.077637 0.097656 0.098633
0 0.494629 0.122070 0.110352 0.111328
0 0.388672 0.067383 0.109375 0.111328
0 0.298828 0.122070 0.109375 0.111328
0 0.195312 0.073242 0.097656 0.097656
0 0.288574 0.213867 0.084961 0.085938
0 0.383301 0.176270 0.110352 0.110352
0 0.482422 0.240723 0.109375 0.110352
0 0.482422 0.350098 0.109375 0.110352
0 0.484863 0.458496 0.110352 0.110352
0 0.485840 0.558105 0.110352 0.110352
0 0.485840 0.670410 0.110352 0.110352
0 0.586914 0.617676 0.097656 0.098633
0 0.583008 0.506348 0.097656 0.098633
0 0.577148 0.397949 0.109375 0.110352
0 0.583984 0.285645 0.109375 0.110352
0 0.570801 0.176270 0.110352 0.110352
0 0.667480 0.231445 0.122070 0.123047
0 0.677246 0.333496 0.110352 0.110352
0 0.679688 0.454590 0.109375 0.110352
0 0.675781 0.559082 0.109375 0.110352
0 0.681641 0.670410 0.097656 0.098633
0 0.762207 0.619629 0.110352 0.110352
0 0.770020 0.514160 0.110352 0.110352
0 0.766113 0.399902 0.110352 0.110352
0 0.760254 0.304199 0.110352 0.110352
0 0.765625 0.176758 0.109375 0.111328
0 0.863281 0.235352 0.109375 0.111328
0 0.865234 0.344238 0.109375 0.110352
0 0.863770 0.573730 0.110352 0.110352
0 0.859863 0.688965 0.110352 0.110352
0 0.855957 0.791504 0.110352 0.110352
0 0.859375 0.902832 0.097656 0.098633
0 0.769531 0.732910 0.109375 0.110352
0 0.768555 0.849121 0.097656 0.098633
0 0.678711 0.799316 0.097656 0.098633
0 0.679688 0.889648 0.097656 0.097656
0 0.575684 0.737793 0.110352 0.110352
0 0.585938 0.844727 0.097656 0.097656
0 0.480469 0.908203 0.109375 0.111328
0 0.487793 0.791992 0.110352 0.111328
0 0.201172 0.276855 0.060547 0.061523
0 0.201172 0.503906 0.037109 0.037109
0 0.379883 0.512695 0.037109 0.037109
0 0.379883 0.742676 0.048828 0.049805
0 0.383789 0.847656 0.048828 0.048828
0 0.378418 0.952637 0.061523 0.061523
0 0.385742 0.289062 0.048828 0.048828
0 0.386719 0.389648 0.048828 0.048828