0 0.199219 0.883301 0.048828 0.049805
0 0.293945 0.961426 0.048828 0.049805
0 0.085938 0.951660 0.037109 0.036133
0 0.103516 0.071777 0.097656 0.098633
0 0.197754 0.126465 0.110352 0.110352
0 0.296875 0.070312 0.109375 0.111328
0 0.300293 0.176758 0.122070 0.123047
0 0.399414 0.118164 0.097656 0.097656
0 0.487305 0.073242 0.097656 0.097656
0 0.489258 0.185547 0.109375 0.111328
0 0.578613 0.119141 0.122070 0.123047
0 0.692871 0.169922 0.122070 0.123047
0 0.582031 0.241211 0.097656 0.097656
0 0.589844 0.346680 0.097656 0.097656
0 0.578125 0.469727 0.097656 0.097656
0 0.582031 0.558105 0.097656 0.098633
0 0.479492 0.625488 0.097656 0.098633
0 0.493164 0.506836 0.085938 0.085938
0 0.486328 0.401367 0.085938 0.085938
0 0.491211 0.290039 0.097656 0.097656
0 0.390625 0.236328 0.097656 0.097656
0 0.392578 0.355957 0.097656 0.098633
0 0.392578 0.447754 0.097656 0.098633
0 0.385742 0.563965 0.097656 0.098633
0 0.393066 0.670410 0.084961 0.086914
0 0.297363 0.513184 0.110352 0.110352
0 0.295898 0.395020 0.097656 0.098633
0 0.295410 0.288574 0.110352 0.110352
0 0.202148 0.234863 0.097656 0.098633
0 0.195312 0.329590 0.097656 0.098633
0 0.198242 0.458496 0.109375 0.110352
0 0.194336 0.563965 0.109375 0.110352
0 0.098633 0.508301 0.097656 0.098633
0 0.105469 0.398926 0.097656 0.098633
0 0.114258 0.267090 0.097656 0.098633
0 0.101562 0.181152 0.097656 0.098633
0 0.097656 0.619141 0.048828 0.048828
0 0.785645 0.122559 0.122070 0.122070
0 0.874512 0.061035 0.110352 0.110352
0 0.689941 0.276367 0.122070 0.123047
0 0.685059 0.390137 0.122070 0.122070
0 0.687988 0.492676 0.110352 0.110352
0 0.680664 0.623535 0.097656 0.098633
0 0.578125 0.672852 0.085938 0.085938
0 0.679199 0.735840 0.110352 0.110352
0 0.771973 0.673828 0.084961 0.085938
0 0.775391 0.572754 0.097656 0.098633
0 0.773438 0.454590 0.097656 0.098633
0 0.778320 0.345215 0.097656 0.098633
0 0.778809 0.242188 0.122070 0.123047
0 0.874512 0.170898 0.096680 0.097656
0 0.865234 0.281250 0.097656 0.097656
0 0.883789 0.386230 0.097656 0.098633
0 0.874023 0.510742 0.085938 0.085938
0 0.876953 0.609863 0.097656 0.098633
0 0.873047 0.731934 0.097656 0.098633
0 0.862305 0.838379 0.097656 0.098633
0 0.864258 0.941895 0.097656 0.098633
0 0.772949 0.778809 0.084961 0.086914
0 0.663086 0.835449 0.048828 0.049805
0 0.582031 0.793457 0.097656 0.098633
0 0.461914 0.962891 0.037109 0.037109
0 0.610352 0.919922 0.037109 0.037109
0 0.768555 0.901367 0.037109 0.037109
0 0.487305 0.734375 0.097656 0.097656