0 0.058105 0.296875 0.110352 0.111328
0 0.144043 0.156250 0.122070 0.123047
0 0.061035 0.187012 0.110352 0.110352
0 0.148438 0.255371 0.109375 0.110352
0 0.148926 0.371094 0.122070 0.123047
0 0.156738 0.461914 0.110352 0.111328
0 0.251465 0.103027 0.122070 0.122070
0 0.251465 0.195312 0.122070 0.123047
0 0.250488 0.300781 0.122070 0.123047
0 0.238281 0.407715 0.109375 0.110352
0 0.246582 0.503906 0.122070 0.123047
0 0.428223 0.087891 0.122070 0.123047
0 0.433105 0.195801 0.122070 0.122070
0 0.338379 0.251465 0.110352 0.110352
0 0.339355 0.140137 0.110352 0.110352
0 0.422363 0.311035 0.122070 0.122070
0 0.343262 0.391602 0.122070 0.123047
0 0.347168 0.493164 0.122070 0.123047
0 0.441895 0.393066 0.110352 0.110352
0 0.530273 0.356934 0.109375 0.110352
0 0.537109 0.234863 0.109375 0.110352
0 0.529297 0.134277 0.109375 0.110352
0 0.633301 0.073242 0.122070 0.123047
0 0.629395 0.185547 0.122070 0.123047
0 0.631836 0.290527 0.109375 0.110352
0 0.638672 0.386230 0.109375 0.110352
1 0.620605 0.520996 0.122070 0.122070
0 0.718750 0.471191 0.109375 0.110352
0 0.722168 0.351074 0.110352 0.110352
0 0.719238 0.249512 0.110352 0.110352
0 0.726074 0.131836 0.110352 0.111328
0 0.815430 0.074219 0.109375 0.111328
0 0.817383 0.185547 0.109375 0.111328
0 0.810547 0.293945 0.097656 0.097656
0 0.817383 0.408691 0.097656 0.098633
0 0.815918 0.526855 0.110352 0.110352
0 0.909180 0.575684 0.097656 0.098633
0 0.915039 0.474609 0.097656 0.097656
0 0.903320 0.360352 0.109375 0.111328
0 0.918457 0.240234 0.122070 0.123047
0 0.917480 0.125000 0.073242 0.074219
0 0.902344 0.684082 0.097656 0.098633
0 0.906250 0.788574 0.097656 0.098633
0 0.904297 0.902832 0.097656 0.098633
0 0.812500 0.627441 0.097656 0.098633
0 0.806152 0.732910 0.110352 0.110352
0 0.801758 0.851074 0.109375 0.110352
0 0.717773 0.571777 0.097656 0.098633
0 0.716797 0.682129 0.109375 0.110352
0 0.717773 0.789551 0.109375 0.110352
0 0.715820 0.902832 0.109375 0.110352
1 0.625977 0.620605 0.097656 0.098633
0 0.628418 0.729004 0.110352 0.110352
0 0.625488 0.853027 0.110352 0.110352
0 0.538086 0.583496 0.097656 0.098633
0 0.526367 0.679199 0.097656 0.098633
0 0.522461 0.797363 0.097656 0.098633
0 0.432129 0.643555 0.122070 0.123047
0 0.430664 0.730957 0.097656 0.098633
0 0.428711 0.842773 0.097656 0.097656
0 0.426758 0.949219 0.097656 0.097656
0 0.520996 0.898926 0.110352 0.110352
0 0.328613 0.695312 0.122070 0.123047
0 0.243652 0.727539 0.110352 0.111328
0 0.149902 0.778320 0.122070 0.123047
0 0.140625 0.886230 0.097656 0.098633
0 0.237305 0.835938 0.097656 0.097656
0 0.337402 0.898438 0.122070 0.123047