0 0.529297 0.146973 0.060547 0.061523
0 0.610840 0.215820 0.084961 0.085938
0 0.536133 0.364258 0.048828 0.048828
0 0.610352 0.426758 0.048828 0.048828
0 0.535645 0.254395 0.061523 0.061523
0 0.350586 0.049316 0.048828 0.049805
0 0.038574 0.181641 0.073242 0.074219
0 0.158691 0.042480 0.061523 0.061523
0 0.238281 0.093750 0.048828 0.048828
0 0.433105 0.214355 0.061523 0.061523
0 0.043945 0.069824 0.060547 0.061523
0 0.044434 0.401855 0.061523 0.061523
0 0.432617 0.102051 0.048828 0.049805
0 0.035156 0.862793 0.060547 0.061523
0 0.152344 0.895020 0.060547 0.061523
0 0.709961 0.481445 0.048828 0.048828
0 0.709961 0.600098 0.060547 0.061523
0 0.710938 0.375000 0.048828 0.048828
0 0.710449 0.932129 0.061523 0.061523
0 0.803711 0.649902 0.048828 0.049805
0 0.708984 0.694824 0.060547 0.061523
0 0.720215 0.813965 0.073242 0.073242
0 0.914551 0.150391 0.110352 0.111328
0 0.808594 0.095703 0.109375 0.111328
0 0.718750 0.150391 0.109375 0.111328
0 0.615234 0.101562 0.097656 0.097656
0 0.708496 0.242188 0.084961 0.085938
0 0.803223 0.204590 0.110352 0.110352
0 0.902344 0.269043 0.109375 0.110352
0 0.902344 0.378418 0.109375 0.110352
0 0.904785 0.486816 0.110352 0.110352
0 0.905762 0.586426 0.110352 0.110352
0 0.905762 0.698730 0.110352 0.110352
0 0.900391 0.936523 0.109375 0.111328
0 0.907715 0.820312 0.110352 0.111328
0 0.517578 0.034180 0.048828 0.048828
0 0.172852 0.159668 0.048828 0.049805
0 0.621094 0.305176 0.060547 0.061523
0 0.621094 0.532227 0.037109 0.037109
0 0.233398 0.193848 0.048828 0.049805
0 0.238770 0.524902 0.024414 0.024414
0 0.235840 0.320801 0.024414 0.024414
0 0.038086 0.517578 0.037109 0.037109
0 0.161621 0.492188 0.036133 0.037109
0 0.041504 0.269043 0.024414 0.024414
0 0.799805 0.541016 0.037109 0.037109
0 0.799805 0.770996 0.048828 0.049805
0 0.803711 0.875977 0.048828 0.048828
0 0.805664 0.317383 0.048828 0.048828
0 0.806641 0.417969 0.048828 0.048828
0 0.336914 0.928711 0.048828 0.048828
0 0.227051 0.856445 0.024414 0.025391
0 0.231445 0.749023 0.037109 0.037109
0 0.157227 0.702148 0.037109 0.037109
0 0.151367 0.798340 0.060547 0.061523
0 0.040039 0.636719 0.037109 0.037109
0 0.039062 0.753906 0.037109 0.037109
0 0.153320 0.595703 0.037109 0.037109