0 0.313477 0.816406 0.048828 0.048828
0 0.039551 0.242188 0.061523 0.060547
0 0.242188 0.070801 0.048828 0.049805
0 0.137695 0.291992 0.060547 0.060547
0 0.142578 0.108398 0.048828 0.048828
0 0.247070 0.152344 0.048828 0.048828
0 0.233398 0.236328 0.048828 0.048828
0 0.331543 0.169922 0.036133 0.037109
0 0.312012 0.922363 0.061523 0.061523
0 0.919922 0.095215 0.097656 0.098633
0 0.927734 0.194824 0.097656 0.098633
0 0.732422 0.297363 0.060547 0.061523
0 0.729492 0.196777 0.048828 0.049805
0 0.802734 0.836914 0.048828 0.048828
0 0.800781 0.943359 0.048828 0.048828
0 0.887695 0.877930 0.048828 0.048828
0 0.423828 0.878906 0.048828 0.048828
0 0.421875 0.966797 0.048828 0.048828
0 0.524414 0.979492 0.037109 0.037109
0 0.530273 0.857422 0.037109 0.037109
0 0.974609 0.680176 0.037109 0.036133
0 0.906250 0.411133 0.048828 0.048828
0 0.905762 0.526855 0.024414 0.024414
0 0.898926 0.653809 0.024414 0.024414
0 0.892578 0.768066 0.048828 0.049805
0 0.812988 0.464355 0.036133 0.036133
0 0.812988 0.594238 0.024414 0.024414
0 0.807129 0.703613 0.024414 0.024414
0 0.739258 0.394043 0.037109 0.036133
0 0.742188 0.513184 0.048828 0.049805
0 0.736328 0.644531 0.037109 0.037109
0 0.738281 0.747070 0.048828 0.048828
0 0.735840 0.876953 0.036133 0.037109
0 0.648926 0.437012 0.036133 0.036133
0 0.814941 0.144531 0.036133 0.037109
0 0.734863 0.079102 0.036133 0.037109
0 0.631836 0.133789 0.037109 0.037109
0 0.534180 0.187012 0.037109 0.036133
0 0.434082 0.233887 0.036133 0.036133
0 0.412598 0.358398 0.036133 0.037109
0 0.528809 0.310059 0.036133 0.036133
0 0.647461 0.252441 0.048828 0.049805
0 0.648438 0.341309 0.037109 0.036133
0 0.909180 0.304688 0.048828 0.048828
0 0.816406 0.242188 0.048828 0.048828
0 0.816895 0.343750 0.036133 0.037109
0 0.040527 0.128906 0.036133 0.037109
0 0.148438 0.202148 0.037109 0.037109
0 0.237793 0.381836 0.024414 0.025391
0 0.318848 0.381836 0.036133 0.037109
0 0.480957 0.080566 0.036133 0.036133
0 0.821289 0.030273 0.037109 0.037109
0 0.040039 0.568359 0.037109 0.037109
0 0.030273 0.660645 0.037109 0.036133
0 0.039062 0.773926 0.037109 0.036133
0 0.036133 0.855957 0.037109 0.036133
0 0.034180 0.945312 0.037109 0.037109
0 0.140625 0.859863 0.048828 0.049805
0 0.145508 0.761230 0.037109 0.036133
0 0.149414 0.679688 0.037109 0.037109
0 0.159668 0.562500 0.036133 0.037109
0 0.242676 0.598633 0.036133 0.037109
0 0.247559 0.688477 0.036133 0.037109
0 0.237793 0.782227 0.036133 0.037109
0 0.229004 0.883301 0.036133 0.036133
0 0.313477 0.720703 0.037109 0.037109
0 0.313477 0.635742 0.037109 0.037109
0 0.312500 0.562500 0.037109 0.037109