0 0.651855 0.405762 0.061523 0.061523
0 0.744141 0.484375 0.048828 0.048828
0 0.749023 0.365723 0.048828 0.049805
0 0.491211 0.388184 0.060547 0.061523
0 0.132812 0.396484 0.048828 0.048828
0 0.211914 0.461914 0.048828 0.048828
0 0.395020 0.445801 0.061523 0.061523
0 0.841797 0.415527 0.048828 0.049805
0 0.214844 0.337402 0.060547 0.061523
0 0.852051 0.181152 0.073242 0.073242
0 0.854004 0.292480 0.073242 0.073242
0 0.752930 0.247559 0.060547 0.061523
0 0.852539 0.068848 0.060547 0.061523
0 0.139648 0.185547 0.048828 0.048828
0 0.138672 0.091797 0.048828 0.048828
0 0.134766 0.301270 0.060547 0.061523
0 0.408203 0.149902 0.060547 0.061523
0 0.212891 0.033203 0.037109 0.037109
0 0.413086 0.039062 0.060547 0.060547
0 0.211914 0.249512 0.060547 0.061523
0 0.569336 0.033203 0.048828 0.048828
0 0.484375 0.290039 0.048828 0.048828
0 0.204102 0.146484 0.048828 0.048828
0 0.403809 0.237305 0.073242 0.074219
0 0.926270 0.368652 0.061523 0.061523
0 0.935547 0.152832 0.060547 0.061523
0 0.931152 0.473145 0.061523 0.061523
0 0.489746 0.618652 0.061523 0.061523
0 0.391113 0.552246 0.061523 0.061523
0 0.742676 0.688477 0.073242 0.074219
0 0.652832 0.619629 0.061523 0.061523
0 0.496094 0.522461 0.060547 0.060547
0 0.488770 0.713379 0.061523 0.061523
0 0.840820 0.633789 0.048828 0.048828
0 0.845703 0.525879 0.048828 0.049805
0 0.561035 0.675781 0.073242 0.074219
0 0.650391 0.506836 0.048828 0.048828
0 0.561523 0.549805 0.060547 0.060547
0 0.749023 0.579590 0.060547 0.061523
0 0.937012 0.254883 0.036133 0.037109
0 0.936523 0.582520 0.048828 0.049805
0 0.846680 0.712891 0.048828 0.048828
0 0.654785 0.326172 0.036133 0.037109
0 0.668945 0.204590 0.037109 0.036133
0 0.568359 0.335938 0.048828 0.048828
0 0.578125 0.448242 0.037109 0.037109
0 0.493164 0.197266 0.037109 0.037109
0 0.403320 0.344727 0.048828 0.048828
0 0.320312 0.400391 0.048828 0.048828
0 0.315430 0.498535 0.060547 0.061523
0 0.328125 0.188477 0.048828 0.048828
0 0.126465 0.501465 0.024414 0.024414
0 0.023926 0.245117 0.036133 0.037109
0 0.664062 0.093750 0.037109 0.037109
0 0.496094 0.103516 0.048828 0.048828
0 0.572266 0.134766 0.037109 0.037109
0 0.324707 0.054199 0.024414 0.024414
0 0.331543 0.283691 0.024414 0.024414
0 0.033691 0.534668 0.024414 0.024414