0 0.426758 0.071777 0.060547 0.061523
0 0.508301 0.140625 0.084961 0.085938
0 0.433594 0.289062 0.048828 0.048828
0 0.507812 0.351562 0.048828 0.048828
0 0.433105 0.179199 0.061523 0.061523
0 0.330566 0.139160 0.061523 0.061523
0 0.330078 0.026855 0.048828 0.049805
0 0.049805 0.819824 0.060547 0.061523
0 0.607422 0.406250 0.048828 0.048828
0 0.607422 0.524902 0.060547 0.061523
0 0.608398 0.299805 0.048828 0.048828
0 0.607910 0.856934 0.061523 0.061523
0 0.701172 0.574707 0.048828 0.049805
0 0.606445 0.619629 0.060547 0.061523
0 0.608398 0.965332 0.060547 0.061523
0 0.617676 0.738770 0.073242 0.073242
0 0.040039 0.948242 0.048828 0.048828
0 0.812012 0.075195 0.110352 0.111328
0 0.616211 0.075195 0.109375 0.111328
0 0.605957 0.166992 0.084961 0.085938
0 0.700684 0.129395 0.110352 0.110352
0 0.799805 0.193848 0.109375 0.110352
0 0.799805 0.303223 0.109375 0.110352
0 0.802246 0.411621 0.110352 0.110352
0 0.803223 0.511230 0.110352 0.110352
0 0.803223 0.623535 0.110352 0.110352
0 0.904297 0.570801 0.097656 0.098633
0 0.900391 0.459473 0.097656 0.098633
0 0.894531 0.351074 0.109375 0.110352
0 0.901367 0.238770 0.109375 0.110352
0 0.888184 0.129395 0.110352 0.110352
0 0.893066 0.690918 0.110352 0.110352
0 0.903320 0.797852 0.097656 0.097656
0 0.898926 0.909180 0.110352 0.111328
0 0.797852 0.861328 0.109375 0.111328
0 0.805176 0.745117 0.110352 0.111328
0 0.070312 0.084473 0.048828 0.049805
0 0.518555 0.229980 0.060547 0.061523
0 0.518555 0.457031 0.037109 0.037109
0 0.130859 0.118652 0.048828 0.049805
0 0.136230 0.449707 0.024414 0.024414
0 0.133301 0.245605 0.024414 0.024414
0 0.059082 0.416992 0.036133 0.037109
0 0.697266 0.465820 0.037109 0.037109
0 0.697266 0.695801 0.048828 0.049805
0 0.701172 0.800781 0.048828 0.048828
0 0.695801 0.905762 0.061523 0.061523
0 0.703125 0.242188 0.048828 0.048828
0 0.704102 0.342773 0.048828 0.048828
0 0.234375 0.853516 0.048828 0.048828
0 0.226074 0.966309 0.024414 0.024414
0 0.123047 0.904785 0.048828 0.049805
0 0.124512 0.781250 0.024414 0.025391
0 0.128906 0.673828 0.037109 0.037109
0 0.054688 0.626953 0.037109 0.037109
0 0.048828 0.723145 0.060547 0.061523
0 0.050781 0.520508 0.037109 0.037109