0 0.574219 0.959473 0.048828 0.049805
0 0.861328 0.450195 0.048828 0.048828
0 0.855957 0.555176 0.061523 0.061523
0 0.860840 0.353027 0.061523 0.061523
0 0.859375 0.239746 0.060547 0.061523
0 0.858887 0.669434 0.061523 0.061523
0 0.852539 0.884277 0.060547 0.061523
0 0.856445 0.770020 0.060547 0.061523
0 0.931641 0.849609 0.048828 0.048828
0 0.951172 0.186523 0.048828 0.048828
0 0.939941 0.510254 0.047852 0.049805
0 0.947266 0.298340 0.060547 0.061523
0 0.937012 0.738770 0.073242 0.073242
0 0.031250 0.420410 0.060547 0.061523
0 0.329590 0.867676 0.061523 0.061523
0 0.315430 0.224609 0.048828 0.048828
0 0.217285 0.313965 0.061523 0.061523
0 0.125488 0.269043 0.061523 0.061523
0 0.483887 0.741699 0.061523 0.061523
0 0.409180 0.548340 0.060547 0.061523
0 0.213867 0.874023 0.048828 0.048828
0 0.317383 0.674316 0.048828 0.049805
0 0.500977 0.646973 0.060547 0.061523
0 0.775879 0.395020 0.061523 0.061523
0 0.684570 0.259766 0.037109 0.037109
0 0.414551 0.214844 0.036133 0.037109
0 0.669434 0.905762 0.061523 0.061523
0 0.219238 0.544434 0.061523 0.061523
0 0.774414 0.295410 0.048828 0.049805
0 0.496094 0.189453 0.037109 0.037109
0 0.407227 0.320312 0.048828 0.048828
0 0.315430 0.559082 0.048828 0.049805
0 0.771973 0.521973 0.061523 0.061523
0 0.768555 0.614258 0.048828 0.048828
0 0.139648 0.482910 0.048828 0.049805
0 0.776855 0.199707 0.061523 0.061523
0 0.596191 0.080566 0.073242 0.073242
0 0.857910 0.143555 0.073242 0.074219
0 0.861328 0.041992 0.048828 0.048828
0 0.951660 0.086426 0.061523 0.061523
0 0.499512 0.089355 0.122070 0.122070
0 0.400391 0.101074 0.097656 0.098633
0 0.307617 0.145020 0.109375 0.110352
0 0.218750 0.095215 0.097656 0.098633
0 0.123535 0.163086 0.110352 0.111328
0 0.943848 0.415039 0.036133 0.037109
0 0.939941 0.617188 0.084961 0.085938
0 0.932617 0.960938 0.048828 0.048828
0 0.675293 0.026855 0.036133 0.036133
0 0.781250 0.094238 0.048828 0.049805
0 0.679199 0.134277 0.036133 0.036133
0 0.677734 0.358398 0.037109 0.037109
0 0.675781 0.474609 0.037109 0.037109
0 0.677734 0.579102 0.037109 0.037109
0 0.673828 0.676758 0.037109 0.037109
0 0.598633 0.299805 0.048828 0.048828
0 0.489746 0.310547 0.036133 0.037109
0 0.501465 0.436523 0.036133 0.037109
0 0.500977 0.519531 0.048828 0.048828
0 0.594727 0.412598 0.060547 0.061523
0 0.406250 0.429688 0.037109 0.037109
0 0.308594 0.480469 0.048828 0.048828
0 0.311523 0.375977 0.037109 0.037109
0 0.218750 0.219727 0.048828 0.048828
0 0.213867 0.427246 0.048828 0.049805
0 0.140625 0.574707 0.048828 0.049805
0 0.136230 0.383301 0.061523 0.061523
0 0.037109 0.639648 0.048828 0.048828
0 0.031250 0.521973 0.048828 0.049805
0 0.214844 0.645996 0.048828 0.049805
0 0.408203 0.645996 0.048828 0.049805
0 0.582520 0.727539 0.036133 0.037109
0 0.578125 0.855957 0.048828 0.049805
0 0.762695 0.941406 0.037109 0.037109
0 0.492188 0.854004 0.048828 0.049805
0 0.412109 0.831543 0.048828 0.049805
0 0.406738 0.935059 0.061523 0.061523
0 0.325195 0.942383 0.048828 0.048828
0 0.322266 0.774902 0.048828 0.049805
0 0.209961 0.759766 0.048828 0.048828
0 0.136230 0.803223 0.024414 0.024414
0 0.141113 0.928223 0.024414 0.024414
0 0.026855 0.970215 0.024414 0.024414
0 0.026855 0.731934 0.024414 0.024414