0 0.067383 0.882812 0.048828 0.048828
0 0.066895 0.785645 0.061523 0.061523
0 0.065430 0.672363 0.060547 0.061523
0 0.736328 0.961426 0.060547 0.061523
0 0.735352 0.732422 0.048828 0.048828
0 0.559570 0.749023 0.048828 0.048828
0 0.450195 0.695312 0.048828 0.048828
0 0.157227 0.619141 0.048828 0.048828
0 0.145996 0.942871 0.047852 0.049805
0 0.557617 0.863770 0.048828 0.049805
0 0.359375 0.737305 0.048828 0.048828
0 0.365723 0.856934 0.061523 0.061523
0 0.445312 0.908203 0.048828 0.048828
0 0.153320 0.730957 0.060547 0.061523
0 0.250977 0.884277 0.060547 0.061523
0 0.639648 0.916504 0.048828 0.049805
0 0.253418 0.795898 0.061523 0.060547
0 0.258789 0.677246 0.060547 0.061523
0 0.063965 0.576172 0.073242 0.074219
0 0.066406 0.381348 0.060547 0.061523
0 0.067383 0.474609 0.048828 0.048828
0 0.730469 0.520020 0.048828 0.049805
0 0.159180 0.416992 0.048828 0.048828
0 0.256348 0.465332 0.061523 0.061523
0 0.559570 0.305176 0.060547 0.061523
0 0.157715 0.519043 0.061523 0.061523
0 0.167480 0.313965 0.061523 0.061523
0 0.355469 0.410645 0.048828 0.049805
0 0.557617 0.532715 0.048828 0.049805
0 0.452637 0.361816 0.073242 0.073242
0 0.640137 0.470215 0.061523 0.061523
0 0.355469 0.296387 0.060547 0.061523
0 0.255859 0.357910 0.060547 0.061523
0 0.646484 0.251953 0.048828 0.048828
0 0.452148 0.578125 0.048828 0.048828
0 0.162109 0.090332 0.097656 0.098633
0 0.256348 0.139160 0.110352 0.110352
0 0.358398 0.090332 0.097656 0.098633
0 0.446289 0.146973 0.097656 0.098633
0 0.564941 0.086426 0.110352 0.110352
0 0.739258 0.086426 0.109375 0.110352
0 0.830566 0.137207 0.110352 0.110352
0 0.937012 0.082031 0.110352 0.111328
0 0.930176 0.398438 0.122070 0.123047
0 0.827148 0.463379 0.109375 0.110352
0 0.920898 0.506348 0.097656 0.098633
0 0.835938 0.566895 0.109375 0.110352
0 0.832520 0.685547 0.084961 0.085938
0 0.926758 0.631348 0.097656 0.098633
0 0.730469 0.395508 0.048828 0.048828
0 0.353516 0.222168 0.097656 0.098633
0 0.262207 0.248047 0.084961 0.085938
0 0.921875 0.851562 0.109375 0.111328
0 0.924805 0.737305 0.109375 0.111328
0 0.833984 0.792969 0.097656 0.097656
0 0.822266 0.916016 0.097656 0.097656
0 0.733398 0.190430 0.048828 0.048828
0 0.729492 0.298828 0.048828 0.048828
0 0.648438 0.358887 0.048828 0.049805
0 0.567871 0.398926 0.024414 0.024414
0 0.553711 0.205078 0.048828 0.048828
0 0.654297 0.137695 0.048828 0.048828
0 0.452148 0.251465 0.037109 0.036133
0 0.454102 0.470703 0.037109 0.037109
0 0.643555 0.581055 0.048828 0.048828
0 0.166992 0.190918 0.037109 0.036133
0 0.729980 0.622559 0.024414 0.024414
0 0.724609 0.848633 0.048828 0.048828
0 0.640625 0.818359 0.037109 0.037109
0 0.642578 0.692383 0.048828 0.048828
0 0.557129 0.636230 0.024414 0.024414
0 0.379883 0.974121 0.048828 0.049805
0 0.360840 0.629395 0.024414 0.024414
0 0.360840 0.516113 0.024414 0.024414
0 0.258301 0.568848 0.024414 0.024414
0 0.149902 0.847656 0.036133 0.037109
0 0.064941 0.171875 0.036133 0.037109
0 0.089355 0.312012 0.024414 0.024414