0 0.799805 0.498047 0.048828 0.048828
0 0.878906 0.563477 0.048828 0.048828
0 0.881836 0.438965 0.060547 0.061523
0 0.806641 0.287109 0.048828 0.048828
0 0.809570 0.085938 0.048828 0.048828
0 0.805664 0.193359 0.048828 0.048828
0 0.801758 0.402832 0.060547 0.061523
0 0.879883 0.134766 0.037109 0.037109
0 0.878906 0.351074 0.060547 0.061523
0 0.871094 0.248047 0.048828 0.048828
0 0.687500 0.531738 0.048828 0.049805
0 0.691406 0.435059 0.048828 0.049805
0 0.591797 0.373535 0.048828 0.049805
0 0.602539 0.066895 0.048828 0.049805
0 0.598145 0.472168 0.061523 0.061523
0 0.491211 0.109863 0.060547 0.061523
0 0.596680 0.265625 0.048828 0.048828
0 0.488281 0.358887 0.048828 0.049805
0 0.499023 0.439941 0.048828 0.049805
0 0.499023 0.535645 0.048828 0.049805
0 0.392578 0.574219 0.048828 0.048828
0 0.596680 0.573730 0.048828 0.049805
0 0.690430 0.248535 0.060547 0.061523
0 0.599609 0.165527 0.048828 0.049805
0 0.688477 0.130371 0.048828 0.049805
0 0.059570 0.752930 0.048828 0.048828
0 0.069336 0.650391 0.048828 0.048828
0 0.793457 0.603027 0.024414 0.024414
0 0.690918 0.346680 0.036133 0.037109
0 0.500977 0.633789 0.048828 0.048828
0 0.395508 0.472656 0.048828 0.048828
0 0.306641 0.527344 0.048828 0.048828
0 0.096680 0.046875 0.037109 0.037109
0 0.097656 0.135742 0.037109 0.037109
0 0.182617 0.119141 0.037109 0.037109
0 0.249023 0.115234 0.048828 0.048828
0 0.395996 0.057617 0.036133 0.037109
0 0.700684 0.636230 0.024414 0.024414