0 0.442871 0.051270 0.061523 0.061523
0 0.695801 0.121094 0.073242 0.074219
0 0.605957 0.052246 0.061523 0.061523
0 0.441895 0.145996 0.061523 0.061523
0 0.793945 0.066406 0.048828 0.048828
0 0.514160 0.108398 0.073242 0.074219
0 0.793457 0.430664 0.122070 0.123047
0 0.785645 0.536133 0.122070 0.123047
0 0.790527 0.661133 0.122070 0.123047
0 0.790527 0.770508 0.122070 0.123047
0 0.784668 0.877930 0.122070 0.123047
0 0.687012 0.936523 0.122070 0.123047
0 0.690918 0.809082 0.122070 0.122070
0 0.693848 0.708984 0.122070 0.123047
0 0.698730 0.603516 0.122070 0.123047
0 0.692871 0.525391 0.122070 0.123047
0 0.598145 0.427734 0.110352 0.111328
0 0.599121 0.544922 0.122070 0.123047
0 0.609863 0.652832 0.122070 0.122070
0 0.598145 0.768555 0.122070 0.123047
0 0.594238 0.871094 0.122070 0.123047
0 0.501953 0.916992 0.085938 0.085938
0 0.512207 0.818359 0.084961 0.085938
0 0.512695 0.703125 0.085938 0.085938
0 0.519043 0.583008 0.084961 0.085938
0 0.518066 0.486328 0.084961 0.085938
0 0.416016 0.534180 0.097656 0.097656
0 0.414551 0.654297 0.084961 0.085938
0 0.414062 0.758301 0.097656 0.098633
0 0.409180 0.865723 0.097656 0.098633
0 0.314941 0.918945 0.122070 0.123047
0 0.327637 0.479492 0.122070 0.123047
0 0.322754 0.597656 0.122070 0.123047
0 0.323730 0.707031 0.122070 0.123047
0 0.327637 0.819336 0.122070 0.123047
0 0.238770 0.534180 0.122070 0.123047
0 0.233887 0.656250 0.122070 0.123047
0 0.227051 0.756836 0.122070 0.123047
0 0.228027 0.867188 0.122070 0.123047
0 0.133789 0.909668 0.109375 0.110352
0 0.133789 0.811035 0.109375 0.110352
0 0.138184 0.704102 0.122070 0.123047
0 0.135742 0.592285 0.097656 0.098633
0 0.131348 0.472656 0.084961 0.085938
0 0.053711 0.528320 0.085938 0.085938
0 0.047363 0.644531 0.084961 0.085938
0 0.876465 0.393555 0.084961 0.085938
0 0.877441 0.486816 0.122070 0.122070
0 0.873535 0.605469 0.122070 0.123047
0 0.879883 0.708984 0.085938 0.085938
0 0.873535 0.826172 0.122070 0.123047
0 0.870605 0.930664 0.122070 0.123047
0 0.799805 0.145508 0.048828 0.048828