0 0.734375 0.169922 0.085938 0.085938
0 0.930664 0.097168 0.060547 0.061523
0 0.929199 0.199219 0.073242 0.074219
0 0.605469 0.551270 0.048828 0.049805
0 0.927734 0.837402 0.048828 0.049805
0 0.816406 0.880371 0.060547 0.061523
0 0.924805 0.936035 0.048828 0.049805
0 0.820312 0.800293 0.060547 0.061523
0 0.924805 0.739258 0.037109 0.037109
0 0.820312 0.678223 0.048828 0.049805
0 0.733398 0.077637 0.097656 0.098633
0 0.627930 0.120117 0.085938 0.085938
0 0.360352 0.074707 0.060547 0.061523
0 0.933105 0.294922 0.024414 0.025391
0 0.430664 0.614258 0.048828 0.048828
0 0.428711 0.720703 0.048828 0.048828
0 0.421875 0.817383 0.037109 0.037109
0 0.422852 0.906250 0.037109 0.037109
0 0.515625 0.655273 0.048828 0.048828
0 0.517578 0.769043 0.060547 0.061523
0 0.507812 0.889648 0.037109 0.037109
0 0.582520 0.786621 0.061523 0.061523
0 0.574219 0.885742 0.048828 0.048828
0 0.721191 0.721191 0.024414 0.024414
0 0.721191 0.828125 0.036133 0.037109
0 0.051758 0.656250 0.048828 0.048828
0 0.049805 0.744141 0.048828 0.048828
0 0.054199 0.848145 0.036133 0.036133
0 0.047852 0.930176 0.048828 0.049805
0 0.142578 0.867188 0.037109 0.037109
0 0.204590 0.830078 0.036133 0.037109
0 0.152344 0.756836 0.037109 0.037109
0 0.158203 0.634766 0.037109 0.037109
0 0.828125 0.245117 0.048828 0.048828
0 0.831055 0.356445 0.048828 0.048828
0 0.725586 0.608887 0.037109 0.036133
0 0.730469 0.492188 0.048828 0.048828
0 0.730469 0.387695 0.048828 0.048828
0 0.737305 0.276367 0.048828 0.048828
0 0.619141 0.241699 0.023438 0.024414
0 0.613281 0.344727 0.048828 0.048828
0 0.602539 0.457520 0.037109 0.036133
0 0.534180 0.188477 0.048828 0.048828
0 0.533691 0.304199 0.024414 0.024414
0 0.526855 0.431152 0.024414 0.024414
0 0.520508 0.545410 0.048828 0.049805
0 0.440918 0.241699 0.036133 0.036133
0 0.440918 0.371582 0.024414 0.024414
0 0.435059 0.480957 0.024414 0.024414
0 0.367188 0.171387 0.037109 0.036133
0 0.370117 0.290527 0.048828 0.049805
0 0.364258 0.421875 0.037109 0.037109
0 0.366211 0.524414 0.048828 0.048828
0 0.363770 0.654297 0.036133 0.037109
0 0.276855 0.214355 0.036133 0.036133
0 0.836426 0.134277 0.024414 0.024414
0 0.040527 0.135742 0.036133 0.037109
0 0.156738 0.087402 0.036133 0.036133
0 0.275391 0.029785 0.048828 0.049805
0 0.276367 0.118652 0.037109 0.036133
0 0.537109 0.082031 0.048828 0.048828
0 0.444824 0.121094 0.036133 0.037109
0 0.368164 0.769531 0.048828 0.048828
0 0.932129 0.516113 0.024414 0.024414
0 0.815918 0.603516 0.036133 0.037109