0 0.881348 0.392578 0.073242 0.074219
0 0.811523 0.872070 0.048828 0.048828
0 0.814453 0.670898 0.048828 0.048828
0 0.810547 0.778320 0.048828 0.048828
0 0.810059 0.555176 0.061523 0.061523
0 0.884766 0.719727 0.037109 0.037109
0 0.885254 0.605469 0.073242 0.074219
0 0.883789 0.936035 0.060547 0.061523
0 0.875977 0.833008 0.048828 0.048828
0 0.885254 0.503906 0.073242 0.074219
0 0.285156 0.365723 0.048828 0.049805
0 0.596680 0.958496 0.048828 0.049805
0 0.607422 0.651855 0.048828 0.049805
0 0.697754 0.600098 0.061523 0.061523
0 0.496094 0.694824 0.060547 0.061523
0 0.601562 0.850586 0.048828 0.048828
0 0.493164 0.943848 0.048828 0.049805
0 0.695312 0.833496 0.060547 0.061523
0 0.604492 0.750488 0.048828 0.049805
0 0.500000 0.614746 0.060547 0.061523
0 0.604492 0.553711 0.037109 0.037109
0 0.693359 0.715332 0.048828 0.049805
0 0.500000 0.492676 0.048828 0.049805
0 0.706543 0.498047 0.036133 0.037109
0 0.890625 0.288086 0.048828 0.048828
0 0.695801 0.931641 0.036133 0.037109
0 0.612793 0.109375 0.024414 0.025391
0 0.713867 0.053711 0.048828 0.048828
0 0.891602 0.060059 0.048828 0.049805
0 0.886719 0.173828 0.048828 0.048828
0 0.812988 0.217285 0.024414 0.024414
0 0.817871 0.342285 0.024414 0.024414
0 0.819824 0.457031 0.024414 0.025391
0 0.703613 0.384277 0.024414 0.024414
0 0.703613 0.145996 0.024414 0.024414
0 0.110352 0.428711 0.048828 0.048828
0 0.108398 0.535156 0.048828 0.048828
0 0.101562 0.631836 0.037109 0.037109
0 0.102539 0.720703 0.037109 0.037109
0 0.195312 0.469727 0.048828 0.048828
0 0.197266 0.583496 0.060547 0.061523
0 0.187500 0.704102 0.037109 0.037109
0 0.262207 0.601074 0.061523 0.061523
0 0.253906 0.700195 0.048828 0.048828
0 0.400879 0.535645 0.024414 0.024414
0 0.400879 0.642578 0.036133 0.037109
0 0.507812 0.059570 0.048828 0.048828
0 0.510742 0.170898 0.048828 0.048828
0 0.405273 0.423340 0.037109 0.036133
0 0.410156 0.306641 0.048828 0.048828
0 0.410156 0.202148 0.048828 0.048828
0 0.416992 0.090820 0.048828 0.048828
0 0.298828 0.056152 0.023438 0.024414
0 0.292969 0.159180 0.048828 0.048828
0 0.282227 0.271973 0.037109 0.036133
0 0.213379 0.118652 0.024414 0.024414
0 0.206543 0.245605 0.024414 0.024414
0 0.200195 0.359863 0.048828 0.049805
0 0.120605 0.056152 0.036133 0.036133
0 0.120605 0.186035 0.024414 0.024414
0 0.114746 0.295410 0.024414 0.024414
0 0.049805 0.104980 0.048828 0.049805
0 0.043945 0.236328 0.037109 0.037109
0 0.045898 0.338867 0.048828 0.048828
0 0.043457 0.468750 0.036133 0.037109
0 0.047852 0.583984 0.048828 0.048828
0 0.611816 0.330566 0.024414 0.024414
0 0.495605 0.417969 0.036133 0.037109