0 0.169434 0.748535 0.061523 0.061523
0 0.158691 0.635254 0.061523 0.061523
0 0.264648 0.027344 0.048828 0.048828
0 0.264648 0.145996 0.060547 0.061523
0 0.919434 0.850586 0.073242 0.074219
0 0.265137 0.478027 0.061523 0.061523
0 0.358398 0.195801 0.048828 0.049805
0 0.263672 0.240723 0.060547 0.061523
0 0.265625 0.586426 0.060547 0.061523
0 0.254395 0.818848 0.061523 0.061523
0 0.274902 0.359863 0.073242 0.073242
0 0.254395 0.921387 0.061523 0.061523
0 0.449219 0.908691 0.060547 0.061523
0 0.740234 0.958008 0.048828 0.048828
0 0.922363 0.635742 0.084961 0.085938
0 0.912598 0.751465 0.110352 0.110352
0 0.832520 0.583496 0.110352 0.110352
0 0.818848 0.682129 0.110352 0.110352
0 0.819824 0.785156 0.073242 0.074219
0 0.820312 0.885742 0.085938 0.085938
0 0.742188 0.865234 0.037109 0.037109
0 0.648926 0.925781 0.036133 0.037109
0 0.349609 0.636230 0.060547 0.061523
0 0.349609 0.744629 0.048828 0.049805
0 0.348633 0.839355 0.048828 0.049805
0 0.338867 0.965332 0.048828 0.049805
0 0.266602 0.707520 0.048828 0.049805
0 0.068359 0.697266 0.037109 0.037109
0 0.057617 0.802734 0.048828 0.048828
0 0.058594 0.929688 0.037109 0.037109
0 0.745117 0.641113 0.109375 0.110352
0 0.734375 0.741211 0.109375 0.111328
0 0.656738 0.596680 0.122070 0.123047
0 0.645996 0.696289 0.110352 0.111328
0 0.644043 0.802246 0.110352 0.110352
0 0.558105 0.642578 0.110352 0.111328
0 0.559082 0.745605 0.110352 0.110352
0 0.550293 0.857910 0.110352 0.110352
0 0.458984 0.679688 0.085938 0.085938
0 0.459473 0.786133 0.122070 0.123047
0 0.460449 0.132324 0.110352 0.110352
0 0.460449 0.244629 0.110352 0.110352
0 0.561523 0.191895 0.097656 0.098633
0 0.557617 0.080566 0.097656 0.098633
0 0.650391 0.133301 0.109375 0.110352
0 0.656250 0.244629 0.097656 0.098633
0 0.736816 0.193848 0.110352 0.110352
0 0.744629 0.088379 0.110352 0.110352
0 0.838379 0.147949 0.110352 0.110352
0 0.922852 0.195801 0.109375 0.110352
0 0.923828 0.076660 0.109375 0.110352
1 0.930176 0.309082 0.110352 0.110352
0 0.935059 0.409668 0.084961 0.086914
0 0.927246 0.536621 0.110352 0.110352
0 0.834473 0.263184 0.110352 0.110352
0 0.830566 0.365723 0.110352 0.110352
0 0.833984 0.477051 0.097656 0.098633
0 0.744141 0.307129 0.109375 0.110352
0 0.743164 0.423340 0.097656 0.098633
0 0.740234 0.533691 0.109375 0.110352
0 0.653320 0.373535 0.097656 0.098633
0 0.654297 0.463867 0.097656 0.097656
0 0.550293 0.312012 0.110352 0.110352
0 0.560547 0.418945 0.097656 0.097656
0 0.556152 0.530273 0.110352 0.111328
0 0.455078 0.571777 0.097656 0.098633
0 0.455078 0.482422 0.109375 0.111328
0 0.462402 0.366211 0.110352 0.111328
0 0.175781 0.078125 0.037109 0.037109
0 0.354492 0.086914 0.037109 0.037109
0 0.354492 0.316895 0.048828 0.049805
0 0.358398 0.421875 0.048828 0.048828
0 0.353027 0.526855 0.061523 0.061523