0 0.788574 0.100586 0.073242 0.074219
0 0.606934 0.087402 0.110352 0.110352
0 0.421875 0.109863 0.109375 0.110352
0 0.225098 0.112305 0.122070 0.123047
0 0.114746 0.287109 0.122070 0.123047
0 0.117676 0.166992 0.122070 0.123047
0 0.119141 0.386230 0.109375 0.110352
0 0.119629 0.501953 0.122070 0.123047
0 0.127441 0.592773 0.110352 0.111328
0 0.222168 0.233887 0.122070 0.122070
0 0.222168 0.326172 0.122070 0.123047
0 0.221191 0.431641 0.122070 0.123047
0 0.208984 0.538574 0.109375 0.110352
0 0.217285 0.634766 0.122070 0.123047
0 0.398926 0.218750 0.122070 0.123047
0 0.403809 0.326660 0.122070 0.122070
0 0.309082 0.382324 0.110352 0.110352
0 0.310059 0.270996 0.110352 0.110352
0 0.322754 0.158691 0.110352 0.110352
0 0.393066 0.441895 0.122070 0.122070
0 0.313965 0.522461 0.122070 0.123047
0 0.317871 0.624023 0.122070 0.123047
0 0.412598 0.523926 0.110352 0.110352
0 0.500977 0.487793 0.109375 0.110352
0 0.507812 0.365723 0.109375 0.110352
0 0.500000 0.265137 0.109375 0.110352
0 0.504883 0.157715 0.109375 0.110352
0 0.604004 0.204102 0.122070 0.123047
0 0.600098 0.316406 0.122070 0.123047
0 0.602539 0.421387 0.109375 0.110352
0 0.609375 0.517090 0.109375 0.110352
1 0.591309 0.651855 0.122070 0.122070
0 0.689453 0.602051 0.109375 0.110352
0 0.692871 0.481934 0.110352 0.110352
0 0.689941 0.380371 0.110352 0.110352
0 0.696777 0.262695 0.110352 0.111328
0 0.693848 0.158203 0.110352 0.111328
0 0.786133 0.205078 0.109375 0.111328
0 0.788086 0.316406 0.109375 0.111328
0 0.781250 0.424805 0.097656 0.097656
0 0.788086 0.539551 0.097656 0.098633
0 0.786621 0.657715 0.110352 0.110352
0 0.879883 0.706543 0.097656 0.098633
0 0.885742 0.605469 0.097656 0.097656
0 0.874023 0.491211 0.109375 0.111328
0 0.889160 0.371094 0.122070 0.123047
0 0.888184 0.255859 0.073242 0.074219
0 0.879883 0.161621 0.097656 0.098633
0 0.873047 0.814941 0.097656 0.098633
0 0.876953 0.919434 0.097656 0.098633
0 0.783203 0.758301 0.097656 0.098633
0 0.776855 0.863770 0.110352 0.110352
0 0.688477 0.702637 0.097656 0.098633
0 0.687500 0.812988 0.109375 0.110352
0 0.688477 0.920410 0.109375 0.110352
1 0.596680 0.751465 0.097656 0.098633
0 0.599121 0.859863 0.110352 0.110352
0 0.508789 0.714355 0.097656 0.098633
0 0.497070 0.810059 0.097656 0.098633
0 0.493164 0.928223 0.097656 0.098633
0 0.402832 0.774414 0.122070 0.123047
0 0.401367 0.861816 0.097656 0.098633
0 0.299316 0.826172 0.122070 0.123047
0 0.214355 0.858398 0.110352 0.111328
0 0.120605 0.909180 0.122070 0.123047