0 0.049805 0.152344 0.048828 0.048828
0 0.054688 0.044434 0.048828 0.049805
0 0.806152 0.177734 0.073242 0.074219
0 0.336426 0.489258 0.084961 0.085938
0 0.518066 0.207520 0.061523 0.061523
0 0.618164 0.152344 0.048828 0.048828
0 0.421387 0.639648 0.084961 0.085938
0 0.349121 0.100098 0.061523 0.061523
0 0.517090 0.104980 0.061523 0.061523
0 0.243652 0.049316 0.061523 0.061523
0 0.715820 0.120117 0.048828 0.048828
0 0.504395 0.807129 0.073242 0.073242
0 0.907715 0.229980 0.061523 0.061523
0 0.891602 0.919434 0.097656 0.098633
0 0.883789 0.813965 0.097656 0.098633
0 0.886719 0.724121 0.109375 0.110352
0 0.886719 0.594727 0.085938 0.085938
0 0.895996 0.486328 0.084961 0.085938
0 0.801758 0.542480 0.097656 0.098633
0 0.805664 0.653809 0.109375 0.110352
0 0.797852 0.756836 0.097656 0.097656
0 0.798828 0.867676 0.109375 0.110352
0 0.132324 0.479492 0.084961 0.085938
0 0.133301 0.572754 0.122070 0.122070
0 0.129395 0.691406 0.122070 0.123047
0 0.135742 0.794922 0.085938 0.085938
0 0.129395 0.912109 0.122070 0.123047
0 0.227051 0.856445 0.122070 0.123047
0 0.224121 0.743164 0.122070 0.123047
0 0.232910 0.631348 0.084961 0.086914
0 0.228027 0.504883 0.084961 0.085938
0 0.333984 0.579102 0.085938 0.085938
0 0.338867 0.691406 0.085938 0.085938
0 0.327148 0.800781 0.085938 0.085938
0 0.331055 0.915039 0.085938 0.085938
0 0.419922 0.839844 0.097656 0.097656
0 0.416504 0.718750 0.084961 0.085938
0 0.424316 0.534180 0.084961 0.085938
0 0.508301 0.478516 0.084961 0.085938
0 0.500488 0.595215 0.084961 0.086914
0 0.505371 0.700195 0.084961 0.085938
0 0.591797 0.950195 0.048828 0.048828
0 0.499023 0.920898 0.085938 0.085938
0 0.696289 0.896973 0.097656 0.098633
0 0.691406 0.793457 0.097656 0.098633
0 0.706055 0.692871 0.097656 0.098633
0 0.709961 0.573242 0.097656 0.097656
0 0.704590 0.482422 0.084961 0.085938
0 0.611816 0.541992 0.122070 0.123047
0 0.611328 0.645020 0.097656 0.098633
0 0.597168 0.846680 0.084961 0.085938
0 0.907715 0.114746 0.061523 0.061523
0 0.615723 0.061523 0.036133 0.037109
0 0.436035 0.041016 0.073242 0.074219
0 0.434570 0.162109 0.037109 0.037109
0 0.347656 0.189941 0.048828 0.049805
0 0.244141 0.230957 0.048828 0.049805
0 0.145508 0.101074 0.048828 0.049805
0 0.055664 0.231445 0.048828 0.048828