0 0.179199 0.609375 0.073242 0.074219
0 0.175293 0.817871 0.061523 0.061523
0 0.540527 0.932129 0.061523 0.061523
0 0.941406 0.407715 0.109375 0.110352
0 0.939941 0.501953 0.110352 0.111328
0 0.937988 0.624023 0.122070 0.123047
0 0.923340 0.730957 0.110352 0.110352
0 0.932129 0.834473 0.110352 0.110352
0 0.849609 0.893066 0.097656 0.098633
0 0.841797 0.800293 0.109375 0.110352
0 0.846191 0.685547 0.122070 0.123047
0 0.845215 0.564453 0.122070 0.123047
0 0.845215 0.453125 0.122070 0.123047
0 0.846191 0.334961 0.073242 0.074219
0 0.753906 0.395508 0.097656 0.097656
0 0.750488 0.524414 0.122070 0.123047
0 0.750977 0.620605 0.109375 0.110352
0 0.750000 0.732910 0.109375 0.110352
0 0.752930 0.845215 0.109375 0.110352
0 0.653809 0.876465 0.110352 0.110352
0 0.655762 0.775879 0.110352 0.110352
0 0.659668 0.666504 0.110352 0.110352
0 0.660156 0.553223 0.109375 0.110352
0 0.656250 0.442871 0.109375 0.110352
0 0.659180 0.337891 0.097656 0.097656
0 0.561035 0.394043 0.110352 0.110352
0 0.567383 0.504395 0.097656 0.098633
0 0.558594 0.625488 0.097656 0.098633
0 0.560059 0.730957 0.110352 0.110352
0 0.559570 0.842285 0.097656 0.098633
0 0.472168 0.345215 0.110352 0.110352
0 0.462402 0.447754 0.110352 0.110352
0 0.459473 0.562988 0.110352 0.110352
0 0.467773 0.664551 0.109375 0.110352
0 0.463867 0.807129 0.109375 0.110352
0 0.459961 0.904297 0.085938 0.085938
0 0.373047 0.397949 0.109375 0.110352
0 0.371094 0.504395 0.109375 0.110352
0 0.369141 0.620605 0.109375 0.110352
0 0.365234 0.732910 0.109375 0.110352
0 0.374512 0.830566 0.110352 0.110352
0 0.277344 0.452637 0.097656 0.098633
0 0.269531 0.559082 0.109375 0.110352
0 0.267090 0.666504 0.110352 0.110352
0 0.269043 0.788086 0.084961 0.085938
0 0.270996 0.895508 0.073242 0.074219
0 0.182129 0.394531 0.084961 0.085938
0 0.172363 0.510254 0.110352 0.110352
0 0.181152 0.721680 0.073242 0.074219
0 0.184082 0.899414 0.073242 0.074219
0 0.092285 0.342285 0.110352 0.110352
0 0.078613 0.440918 0.110352 0.110352
0 0.079590 0.543945 0.073242 0.074219
0 0.080078 0.644531 0.085938 0.085938
0 0.087891 0.736328 0.085938 0.085938
0 0.090820 0.854980 0.097656 0.098633
0 0.954590 0.081543 0.073242 0.073242
0 0.839355 0.130859 0.122070 0.123047
0 0.849121 0.224609 0.122070 0.123047
0 0.757324 0.082520 0.110352 0.110352
0 0.758789 0.181641 0.097656 0.097656
0 0.746094 0.288086 0.109375 0.111328
0 0.662109 0.133789 0.097656 0.097656
0 0.653320 0.240234 0.109375 0.111328
0 0.569336 0.067383 0.097656 0.097656
0 0.561523 0.177734 0.109375 0.111328
0 0.556152 0.273926 0.110352 0.110352
0 0.472168 0.233887 0.110352 0.110352
0 0.474121 0.117676 0.110352 0.110352
0 0.372559 0.067383 0.122070 0.123047
0 0.378418 0.183594 0.122070 0.123047
0 0.372559 0.283691 0.122070 0.122070
0 0.274414 0.119629 0.109375 0.110352
0 0.274414 0.228027 0.109375 0.110352
0 0.273438 0.337402 0.109375 0.110352
1 0.189941 0.067871 0.110352 0.110352
0 0.194824 0.168457 0.084961 0.086914
0 0.187012 0.295410 0.110352 0.110352
0 0.090332 0.124512 0.110352 0.110352
0 0.093750 0.235840 0.097656 0.098633