1 0.400391 0.217285 0.097656 0.098633
0 0.866699 0.820801 0.110352 0.110352
0 0.873047 0.931152 0.097656 0.098633
0 0.777832 0.771973 0.110352 0.110352
0 0.768066 0.874512 0.110352 0.110352
0 0.678711 0.824707 0.109375 0.110352
0 0.676758 0.931152 0.109375 0.110352
0 0.583008 0.879395 0.097656 0.098633
0 0.487793 0.821289 0.084961 0.085938
0 0.478027 0.937012 0.110352 0.110352
0 0.397949 0.769043 0.110352 0.110352
0 0.384277 0.867676 0.110352 0.110352
0 0.310547 0.826660 0.109375 0.110352
0 0.299805 0.926758 0.109375 0.111328
0 0.222168 0.782227 0.122070 0.123047
0 0.211426 0.881836 0.110352 0.111328
0 0.123535 0.828125 0.110352 0.111328
0 0.124512 0.931152 0.110352 0.110352
0 0.878418 0.061035 0.110352 0.110352
0 0.875977 0.176270 0.109375 0.110352
0 0.873047 0.281738 0.109375 0.110352
0 0.869141 0.385742 0.097656 0.097656
0 0.779297 0.113770 0.109375 0.110352
0 0.778320 0.222168 0.109375 0.110352
0 0.780762 0.329102 0.110352 0.111328
0 0.688965 0.264648 0.110352 0.111328
0 0.688965 0.166992 0.073242 0.074219
0 0.693848 0.063477 0.122070 0.123047
0 0.875000 0.494141 0.097656 0.097656
0 0.867188 0.604492 0.109375 0.111328
0 0.861816 0.700684 0.110352 0.110352
0 0.772949 0.441406 0.110352 0.111328
0 0.777832 0.660645 0.110352 0.110352
0 0.779785 0.544434 0.110352 0.110352
0 0.678223 0.494141 0.122070 0.123047
0 0.684082 0.610352 0.122070 0.123047
0 0.678223 0.710449 0.122070 0.122070
0 0.675293 0.386230 0.110352 0.110352
0 0.578613 0.332520 0.110352 0.110352
0 0.589844 0.439941 0.109375 0.110352
0 0.580078 0.546387 0.109375 0.110352
0 0.580078 0.654785 0.109375 0.110352
0 0.579102 0.764160 0.109375 0.110352
0 0.126953 0.377441 0.097656 0.098633
0 0.123047 0.266113 0.097656 0.098633
0 0.117188 0.157715 0.109375 0.110352
0 0.217285 0.093262 0.110352 0.110352
0 0.219727 0.214355 0.109375 0.110352
0 0.215820 0.318848 0.109375 0.110352
0 0.221680 0.430176 0.097656 0.098633
0 0.302246 0.379395 0.110352 0.110352
0 0.310059 0.273926 0.110352 0.110352
0 0.306152 0.159668 0.110352 0.110352
0 0.300293 0.063965 0.110352 0.110352
0 0.405273 0.104004 0.109375 0.110352
0 0.403809 0.333496 0.110352 0.110352
0 0.488281 0.381348 0.109375 0.110352
0 0.489258 0.262207 0.109375 0.110352
0 0.496094 0.167969 0.109375 0.111328
0 0.589844 0.104492 0.097656 0.097656
0 0.590332 0.218750 0.110352 0.111328
1 0.495605 0.494629 0.110352 0.110352
0 0.500488 0.595215 0.084961 0.086914
0 0.492676 0.722168 0.110352 0.110352
0 0.399902 0.448730 0.110352 0.110352
0 0.395996 0.551270 0.110352 0.110352
0 0.399414 0.662598 0.097656 0.098633
0 0.309570 0.492676 0.109375 0.110352
0 0.308594 0.608887 0.097656 0.098633
0 0.305664 0.719238 0.109375 0.110352
0 0.218750 0.559082 0.097656 0.098633
0 0.219727 0.649414 0.097656 0.097656
0 0.115723 0.497559 0.110352 0.110352
0 0.125977 0.604492 0.097656 0.097656
0 0.121582 0.715820 0.110352 0.111328