0 0.234863 0.170898 0.073242 0.074219
0 0.230957 0.610840 0.061523 0.061523
0 0.900879 0.044922 0.073242 0.074219
0 0.899902 0.150391 0.073242 0.074219
0 0.895020 0.260742 0.122070 0.123047
0 0.891113 0.366211 0.122070 0.123047
0 0.897461 0.485840 0.109375 0.110352
0 0.898926 0.595703 0.122070 0.123047
0 0.895996 0.713867 0.110352 0.111328
0 0.803223 0.082031 0.122070 0.123047
0 0.801270 0.194824 0.110352 0.110352
0 0.795898 0.295410 0.097656 0.098633
0 0.803711 0.410645 0.109375 0.110352
0 0.790527 0.529297 0.122070 0.123047
0 0.785156 0.630859 0.097656 0.097656
0 0.792969 0.729492 0.097656 0.097656
0 0.698242 0.795898 0.097656 0.097656
0 0.699219 0.670898 0.097656 0.097656
0 0.699219 0.566895 0.097656 0.098633
0 0.702637 0.465332 0.110352 0.110352
0 0.705566 0.352051 0.110352 0.110352
0 0.699219 0.248535 0.109375 0.110352
0 0.712402 0.138672 0.122070 0.123047
0 0.615723 0.079102 0.073242 0.074219
0 0.613770 0.193359 0.073242 0.074219
0 0.615234 0.289551 0.097656 0.098633
0 0.605957 0.397949 0.110352 0.110352
0 0.604492 0.511230 0.109375 0.110352
0 0.608398 0.623047 0.085938 0.085938
0 0.600586 0.742676 0.097656 0.098633
0 0.509766 0.787598 0.109375 0.110352
0 0.503418 0.687500 0.122070 0.123047
0 0.517090 0.560059 0.073242 0.073242
0 0.521973 0.458496 0.110352 0.110352
0 0.524902 0.334961 0.122070 0.123047
0 0.523438 0.230957 0.109375 0.110352
0 0.524414 0.136230 0.097656 0.098633
0 0.426270 0.081055 0.122070 0.123047
0 0.430176 0.172363 0.122070 0.122070
0 0.425293 0.276855 0.110352 0.110352
0 0.414551 0.389648 0.110352 0.111328
0 0.416016 0.509277 0.109375 0.110352
0 0.418457 0.617676 0.110352 0.110352
0 0.418457 0.726562 0.110352 0.111328
0 0.323730 0.773438 0.110352 0.111328
0 0.324219 0.671875 0.085938 0.085938
0 0.327637 0.570312 0.073242 0.074219
0 0.330566 0.453125 0.084961 0.085938
0 0.329590 0.330078 0.084961 0.085938
0 0.328125 0.228516 0.085938 0.085938
0 0.341309 0.128418 0.110352 0.110352
0 0.239258 0.074707 0.085938 0.086914
0 0.240234 0.281250 0.085938 0.085938
0 0.235352 0.394531 0.097656 0.097656
0 0.233887 0.506836 0.084961 0.085938
0 0.230957 0.729004 0.110352 0.110352
0 0.135254 0.776855 0.110352 0.110352
0 0.137695 0.663574 0.109375 0.110352
0 0.139160 0.548340 0.110352 0.110352
0 0.148438 0.432129 0.097656 0.098633
0 0.156250 0.333496 0.109375 0.110352
0 0.151367 0.248535 0.109375 0.110352
0 0.156738 0.124023 0.110352 0.111328
0 0.064941 0.076172 0.122070 0.123047
0 0.062012 0.185059 0.110352 0.110352
0 0.043945 0.500000 0.085938 0.085938
0 0.057617 0.614258 0.109375 0.111328
0 0.054688 0.708008 0.097656 0.097656
0 0.044434 0.840820 0.084961 0.085938
0 0.129883 0.889160 0.109375 0.110352
0 0.229004 0.942383 0.073242 0.074219
0 0.330078 0.893066 0.109375 0.110352
0 0.414062 0.839844 0.109375 0.111328
0 0.506348 0.889648 0.122070 0.123047
0 0.595215 0.830566 0.110352 0.110352
0 0.696289 0.897461 0.097656 0.097656
0 0.786133 0.838867 0.097656 0.097656
0 0.895020 0.877930 0.122070 0.123047
0 0.897461 0.796387 0.097656 0.098633
0 0.227539 0.833008 0.109375 0.111328