0 0.443848 0.931152 0.061523 0.061523
0 0.453613 0.835449 0.061523 0.061523
0 0.729980 0.906738 0.061523 0.061523
0 0.917969 0.889160 0.060547 0.061523
0 0.818359 0.950684 0.060547 0.061523
0 0.915527 0.125488 0.110352 0.110352
0 0.829590 0.185059 0.110352 0.110352
0 0.819824 0.071777 0.110352 0.110352
0 0.735352 0.129395 0.097656 0.098633
0 0.641602 0.190430 0.097656 0.097656
0 0.562012 0.137695 0.036133 0.037109
0 0.642578 0.073242 0.085938 0.085938
0 0.370605 0.127930 0.122070 0.123047
0 0.369629 0.221680 0.122070 0.123047
0 0.273926 0.186035 0.110352 0.110352
0 0.273926 0.077148 0.122070 0.123047
0 0.187988 0.127441 0.110352 0.110352
0 0.176758 0.220215 0.097656 0.098633
1 0.087402 0.175293 0.122070 0.122070
0 0.080566 0.081055 0.122070 0.123047
0 0.925293 0.233887 0.110352 0.110352
0 0.827148 0.298340 0.109375 0.110352
0 0.723145 0.247070 0.122070 0.123047
0 0.635254 0.309570 0.073242 0.074219
0 0.730469 0.348145 0.109375 0.110352
0 0.272949 0.311523 0.122070 0.123047
0 0.182129 0.346680 0.122070 0.123047
0 0.364746 0.348633 0.122070 0.123047
0 0.083496 0.755371 0.122070 0.122070
0 0.095703 0.637207 0.097656 0.098633
0 0.085449 0.534180 0.122070 0.123047
0 0.092285 0.405273 0.122070 0.123047
0 0.097168 0.280273 0.122070 0.123047
0 0.179199 0.466797 0.122070 0.123047
0 0.173340 0.567383 0.122070 0.123047
0 0.181152 0.686523 0.122070 0.123047
0 0.266113 0.736328 0.122070 0.123047
0 0.273926 0.625000 0.122070 0.123047
0 0.269043 0.506836 0.122070 0.123047
0 0.272461 0.404297 0.097656 0.097656
0 0.368652 0.446289 0.122070 0.123047
0 0.364746 0.587891 0.122070 0.123047
0 0.363281 0.687988 0.097656 0.098633
0 0.375488 0.802734 0.122070 0.123047
0 0.172363 0.775879 0.084961 0.086914
0 0.729980 0.447266 0.084961 0.085938
0 0.716309 0.559570 0.122070 0.123047
0 0.724609 0.683105 0.097656 0.098633
0 0.823242 0.402832 0.109375 0.110352
0 0.825195 0.515137 0.097656 0.098633
0 0.825195 0.630371 0.109375 0.110352
0 0.818848 0.731934 0.110352 0.110352
0 0.920410 0.346191 0.110352 0.110352
0 0.920410 0.456543 0.110352 0.110352
0 0.923340 0.573730 0.122070 0.122070
0 0.920898 0.683105 0.097656 0.098633
0 0.916016 0.814941 0.097656 0.098633
0 0.824707 0.840820 0.084961 0.085938
0 0.368164 0.900879 0.109375 0.110352
0 0.274414 0.837402 0.109375 0.110352
0 0.273926 0.939941 0.110352 0.110352
0 0.174805 0.896973 0.097656 0.098633
0 0.076172 0.895996 0.097656 0.098633
0 0.729492 0.783691 0.037109 0.036133
0 0.627441 0.764648 0.036133 0.037109
0 0.651855 0.904785 0.024414 0.024414
0 0.543945 0.885742 0.037109 0.037109
0 0.547852 0.790039 0.037109 0.037109
0 0.548828 0.673828 0.037109 0.037109