0 0.104492 0.896973 0.048828 0.049805
0 0.103027 0.140137 0.110352 0.110352
0 0.202148 0.083984 0.109375 0.111328
0 0.205566 0.190430 0.122070 0.123047
0 0.304688 0.131836 0.097656 0.097656
0 0.392578 0.086914 0.097656 0.097656
0 0.394531 0.199219 0.109375 0.111328
0 0.483887 0.132812 0.122070 0.123047
0 0.598145 0.075195 0.122070 0.123047
0 0.598145 0.183594 0.122070 0.123047
0 0.487305 0.254883 0.097656 0.097656
0 0.495117 0.360352 0.097656 0.097656
0 0.483398 0.483398 0.097656 0.097656
0 0.487305 0.571777 0.097656 0.098633
0 0.384766 0.639160 0.097656 0.098633
0 0.398438 0.520508 0.085938 0.085938
0 0.391602 0.415039 0.085938 0.085938
0 0.396484 0.303711 0.097656 0.097656
0 0.295898 0.250000 0.097656 0.097656
0 0.297852 0.369629 0.097656 0.098633
0 0.297852 0.461426 0.097656 0.098633
0 0.291016 0.577637 0.097656 0.098633
0 0.298340 0.684082 0.084961 0.086914
0 0.202637 0.526855 0.110352 0.110352
0 0.201172 0.408691 0.097656 0.098633
0 0.200684 0.302246 0.110352 0.110352
0 0.107422 0.248535 0.097656 0.098633
0 0.100586 0.343262 0.097656 0.098633
0 0.103516 0.472168 0.109375 0.110352
0 0.099609 0.577637 0.109375 0.110352
0 0.690918 0.136230 0.122070 0.122070
0 0.779785 0.074707 0.110352 0.110352
0 0.875488 0.144531 0.122070 0.123047
0 0.595215 0.290039 0.122070 0.123047
0 0.590332 0.403809 0.122070 0.122070
0 0.593262 0.506348 0.110352 0.110352
0 0.585938 0.637207 0.097656 0.098633
0 0.483398 0.686523 0.085938 0.085938
0 0.584473 0.749512 0.110352 0.110352
0 0.677246 0.687500 0.084961 0.085938
0 0.680664 0.586426 0.097656 0.098633
0 0.678711 0.468262 0.097656 0.098633
0 0.683594 0.358887 0.097656 0.098633
0 0.684082 0.255859 0.122070 0.123047
0 0.779785 0.184570 0.096680 0.097656
0 0.770508 0.294922 0.097656 0.097656
0 0.789062 0.399902 0.097656 0.098633
0 0.779297 0.524414 0.085938 0.085938
0 0.782227 0.623535 0.097656 0.098633
0 0.778320 0.745605 0.097656 0.098633
0 0.872559 0.684570 0.122070 0.123047
0 0.869629 0.580078 0.122070 0.123047
0 0.869629 0.460938 0.122070 0.123047
0 0.866699 0.361328 0.110352 0.111328
0 0.871582 0.246094 0.122070 0.123047
0 0.866211 0.798340 0.109375 0.110352
0 0.862305 0.895996 0.097656 0.098633
0 0.767578 0.852051 0.097656 0.098633
0 0.678223 0.792480 0.084961 0.086914
0 0.568359 0.849121 0.048828 0.049805
0 0.487305 0.807129 0.097656 0.098633
0 0.367188 0.976562 0.037109 0.037109
0 0.515625 0.933594 0.037109 0.037109
0 0.673828 0.915039 0.037109 0.037109
0 0.392578 0.748047 0.097656 0.097656