0 0.733887 0.552246 0.061523 0.061523
0 0.826172 0.630859 0.048828 0.048828
0 0.831055 0.512207 0.048828 0.049805
0 0.573242 0.534668 0.060547 0.061523
0 0.214844 0.542969 0.048828 0.048828
0 0.293945 0.608398 0.048828 0.048828
0 0.477051 0.592285 0.061523 0.061523
0 0.923828 0.562012 0.048828 0.049805
0 0.296875 0.483887 0.060547 0.061523
0 0.934082 0.327637 0.073242 0.073242
0 0.936035 0.438965 0.073242 0.073242
0 0.934082 0.091309 0.061523 0.061523
0 0.834961 0.394043 0.060547 0.061523
0 0.934570 0.215332 0.060547 0.061523
0 0.221680 0.332031 0.048828 0.048828
0 0.224609 0.130859 0.048828 0.048828
0 0.220703 0.238281 0.048828 0.048828
0 0.216797 0.447754 0.060547 0.061523
0 0.490234 0.296387 0.060547 0.061523
0 0.576172 0.054199 0.060547 0.061523
0 0.406250 0.114258 0.048828 0.048828
0 0.294922 0.179688 0.037109 0.037109
0 0.583008 0.148438 0.048828 0.048828
0 0.495117 0.185547 0.060547 0.060547
0 0.295410 0.065430 0.073242 0.074219
0 0.498535 0.108887 0.061523 0.061523
0 0.293945 0.395996 0.060547 0.061523
0 0.651367 0.179688 0.048828 0.048828
0 0.566406 0.436523 0.048828 0.048828
0 0.286133 0.292969 0.048828 0.048828
0 0.485840 0.383789 0.073242 0.074219
0 0.102539 0.576660 0.048828 0.049805
0 0.106445 0.479980 0.048828 0.049805
0 0.107910 0.060059 0.061523 0.061523
0 0.105469 0.293457 0.060547 0.061523
0 0.103516 0.175293 0.048828 0.049805
0 0.571777 0.765137 0.061523 0.061523
0 0.473145 0.698730 0.061523 0.061523
0 0.824707 0.834961 0.073242 0.074219
0 0.734863 0.766113 0.061523 0.061523
0 0.578125 0.668945 0.060547 0.060547
0 0.570801 0.859863 0.061523 0.061523
0 0.922852 0.780273 0.048828 0.048828
0 0.927734 0.672363 0.048828 0.049805
0 0.643066 0.822266 0.073242 0.074219
0 0.732422 0.653320 0.048828 0.048828
0 0.643555 0.696289 0.060547 0.060547
0 0.831055 0.726074 0.060547 0.061523
0 0.928711 0.859375 0.048828 0.048828
0 0.736816 0.472656 0.036133 0.037109
0 0.750977 0.351074 0.037109 0.036133
0 0.650391 0.482422 0.048828 0.048828
0 0.660156 0.594727 0.037109 0.037109
0 0.575195 0.343750 0.037109 0.037109
0 0.485352 0.491211 0.048828 0.048828
0 0.402344 0.546875 0.048828 0.048828
0 0.397461 0.645020 0.060547 0.061523
0 0.410156 0.334961 0.048828 0.048828
0 0.208496 0.647949 0.024414 0.024414
0 0.105957 0.391602 0.036133 0.037109
0 0.650391 0.061523 0.037109 0.037109
0 0.843262 0.145996 0.036133 0.036133
0 0.746094 0.240234 0.037109 0.037109
0 0.578125 0.250000 0.048828 0.048828
0 0.654297 0.281250 0.037109 0.037109
0 0.406738 0.200684 0.024414 0.024414
0 0.413574 0.430176 0.024414 0.024414
0 0.115723 0.681152 0.024414 0.024414