0 0.906738 0.087891 0.122070 0.123047
0 0.916504 0.190918 0.110352 0.110352
0 0.914551 0.302246 0.110352 0.110352
0 0.903320 0.395020 0.097656 0.098633
1 0.813965 0.350098 0.122070 0.122070
0 0.807129 0.255859 0.122070 0.123047
0 0.801270 0.137695 0.122070 0.123047
0 0.715820 0.082520 0.109375 0.110352
0 0.718262 0.184570 0.122070 0.123047
0 0.718262 0.293457 0.122070 0.122070
0 0.717773 0.395020 0.097656 0.098633
0 0.615234 0.355957 0.097656 0.098633
0 0.607422 0.251465 0.097656 0.098633
0 0.617188 0.137207 0.097656 0.098633
0 0.525391 0.083496 0.097656 0.098633
0 0.524902 0.187988 0.110352 0.110352
0 0.528320 0.306152 0.109375 0.110352
0 0.427246 0.350586 0.122070 0.123047
0 0.424805 0.225098 0.109375 0.110352
0 0.441895 0.110352 0.122070 0.123047
0 0.337891 0.082520 0.109375 0.110352
0 0.335938 0.187012 0.097656 0.098633
0 0.340332 0.314453 0.122070 0.123047
0 0.908691 0.521484 0.122070 0.123047
0 0.145020 0.303711 0.122070 0.123047
0 0.145020 0.188477 0.122070 0.123047
0 0.151855 0.075195 0.122070 0.123047
0 0.246582 0.145996 0.110352 0.110352
0 0.237793 0.247070 0.110352 0.111328
0 0.250488 0.367188 0.110352 0.111328
0 0.147461 0.413574 0.109375 0.110352
0 0.155762 0.507812 0.122070 0.123047
0 0.145996 0.627930 0.122070 0.123047
0 0.146973 0.753906 0.122070 0.123047
0 0.139160 0.857910 0.110352 0.110352
0 0.243164 0.906738 0.109375 0.110352
0 0.249023 0.797852 0.097656 0.097656
0 0.239746 0.693359 0.122070 0.123047
0 0.240723 0.585938 0.122070 0.123047
0 0.239258 0.473145 0.097656 0.098633
0 0.340332 0.411621 0.110352 0.110352
0 0.430664 0.453613 0.109375 0.110352
0 0.431152 0.571777 0.110352 0.110352
0 0.335449 0.527832 0.110352 0.110352
0 0.342285 0.623535 0.110352 0.110352
0 0.335449 0.745117 0.122070 0.123047
0 0.331543 0.853516 0.122070 0.123047
0 0.437012 0.897461 0.122070 0.123047
0 0.430176 0.801758 0.122070 0.123047
0 0.432617 0.669434 0.097656 0.098633
0 0.524414 0.416504 0.109375 0.110352
0 0.520996 0.530762 0.122070 0.122070
0 0.520020 0.642578 0.122070 0.123047
0 0.521973 0.744141 0.122070 0.123047
0 0.518066 0.848633 0.122070 0.123047
0 0.613770 0.917969 0.122070 0.123047
0 0.613770 0.803711 0.122070 0.123047
0 0.619629 0.688965 0.122070 0.122070
0 0.619629 0.579590 0.122070 0.122070
0 0.610352 0.476074 0.097656 0.098633
0 0.718262 0.513672 0.122070 0.123047
0 0.721191 0.628906 0.122070 0.123047
0 0.717285 0.738770 0.122070 0.122070
0 0.717285 0.849609 0.122070 0.123047
0 0.810059 0.930176 0.122070 0.122070
0 0.822266 0.812012 0.097656 0.098633
0 0.812012 0.708984 0.122070 0.123047
0 0.818848 0.580078 0.122070 0.123047
0 0.823730 0.455078 0.122070 0.123047
0 0.905762 0.641602 0.122070 0.123047
0 0.899902 0.742188 0.122070 0.123047
0 0.907715 0.861328 0.122070 0.123047
0 0.898926 0.950684 0.084961 0.086914