0 0.111816 0.160645 0.073242 0.073242
0 0.206543 0.223145 0.073242 0.073242
0 0.115234 0.044922 0.060547 0.060547
0 0.291504 0.151855 0.073242 0.073242
0 0.386719 0.247070 0.085938 0.085938
0 0.297363 0.281738 0.073242 0.073242
0 0.388184 0.119141 0.073242 0.074219
0 0.390137 0.341797 0.084961 0.085938
0 0.293457 0.583008 0.073242 0.074219
0 0.290527 0.715332 0.073242 0.073242
0 0.388184 0.754395 0.073242 0.073242
0 0.288574 0.474609 0.073242 0.074219
0 0.396973 0.637207 0.073242 0.073242
0 0.294434 0.388672 0.073242 0.074219
0 0.487793 0.278320 0.073242 0.074219
0 0.486328 0.183105 0.060547 0.061523
0 0.681152 0.187500 0.084961 0.085938
0 0.391113 0.868164 0.073242 0.074219
0 0.480469 0.816895 0.060547 0.061523
0 0.477051 0.924316 0.073242 0.073242
0 0.571777 0.892090 0.061523 0.061523
0 0.287109 0.927734 0.085938 0.085938
0 0.186523 0.873047 0.097656 0.097656
0 0.097656 0.919922 0.097656 0.097656
0 0.378906 0.443359 0.097656 0.097656
0 0.381348 0.525391 0.084961 0.085938
0 0.476562 0.694336 0.085938 0.085938
0 0.484375 0.608887 0.097656 0.098633
0 0.482910 0.499023 0.122070 0.123047
0 0.483398 0.395020 0.109375 0.110352
1 0.204590 0.104004 0.061523 0.061523
0 0.201660 0.345703 0.084961 0.085938
0 0.203125 0.435547 0.085938 0.085938
0 0.193848 0.535156 0.084961 0.085938
0 0.200195 0.647461 0.085938 0.085938
0 0.116699 0.266113 0.084961 0.086914
0 0.111328 0.393555 0.085938 0.085938
0 0.108398 0.480469 0.085938 0.085938
0 0.102051 0.588867 0.084961 0.085938
0 0.105469 0.703125 0.085938 0.085938
0 0.286621 0.823242 0.084961 0.085938
0 0.193848 0.765625 0.122070 0.123047
0 0.100098 0.812500 0.122070 0.123047
0 0.877930 0.147461 0.085938 0.085938
0 0.681152 0.386719 0.122070 0.123047
1 0.677246 0.506348 0.110352 0.110352
0 0.675293 0.615234 0.122070 0.123047
0 0.554199 0.772461 0.084961 0.085938
0 0.590820 0.344727 0.109375 0.111328
0 0.572754 0.464355 0.122070 0.122070
0 0.580566 0.563477 0.122070 0.123047
0 0.577637 0.666992 0.122070 0.123047
0 0.775391 0.458008 0.109375 0.111328
0 0.774902 0.558594 0.122070 0.123047
0 0.773926 0.671387 0.122070 0.122070
0 0.770996 0.784180 0.122070 0.123047
0 0.680176 0.830078 0.122070 0.123047
0 0.856934 0.728516 0.122070 0.123047
0 0.868164 0.612793 0.097656 0.098633
0 0.869629 0.508789 0.084961 0.085938
0 0.864746 0.406250 0.084961 0.085938
0 0.865723 0.844727 0.122070 0.123047
0 0.662109 0.940430 0.048828 0.048828
0 0.764160 0.887695 0.122070 0.123047