0 0.167480 0.471191 0.073242 0.073242
0 0.262207 0.533691 0.073242 0.073242
0 0.170898 0.355469 0.060547 0.060547
0 0.354980 0.252930 0.073242 0.074219
0 0.071777 0.199219 0.073242 0.074219
0 0.347168 0.462402 0.073242 0.073242
0 0.264160 0.197754 0.061523 0.061523
0 0.269531 0.291504 0.060547 0.061523
0 0.442383 0.557617 0.085938 0.085938
0 0.353027 0.592285 0.073242 0.073242
0 0.457031 0.032715 0.048828 0.049805
0 0.443848 0.429688 0.073242 0.074219
0 0.445801 0.652344 0.084961 0.085938
0 0.349121 0.893555 0.073242 0.074219
0 0.344238 0.785156 0.073242 0.074219
0 0.452637 0.947754 0.073242 0.073242
0 0.350098 0.699219 0.073242 0.074219
0 0.543457 0.588867 0.073242 0.074219
0 0.541992 0.493652 0.060547 0.061523
0 0.736816 0.498047 0.084961 0.085938
0 0.434570 0.753906 0.097656 0.097656
0 0.437012 0.835938 0.084961 0.085938
0 0.540039 0.919434 0.097656 0.098633
0 0.538574 0.809570 0.122070 0.123047
0 0.539062 0.705566 0.109375 0.110352
1 0.260254 0.414551 0.061523 0.061523
0 0.257324 0.656250 0.084961 0.085938
0 0.258789 0.746094 0.085938 0.085938
0 0.249512 0.845703 0.084961 0.085938
0 0.172363 0.576660 0.084961 0.086914
0 0.166992 0.704102 0.085938 0.085938
0 0.164062 0.791016 0.085938 0.085938
0 0.157715 0.899414 0.084961 0.085938
0 0.065430 0.414062 0.097656 0.097656
0 0.071289 0.534668 0.097656 0.098633
0 0.068848 0.639160 0.110352 0.110352
0 0.062500 0.741699 0.097656 0.098633
0 0.060547 0.853516 0.109375 0.111328
0 0.450195 0.202148 0.048828 0.048828
0 0.446289 0.306641 0.048828 0.048828
0 0.354980 0.347656 0.073242 0.074219
0 0.175293 0.237305 0.084961 0.085938
0 0.072754 0.292969 0.084961 0.085938
0 0.933594 0.458008 0.085938 0.085938
0 0.736816 0.697266 0.122070 0.123047
1 0.732910 0.816895 0.110352 0.110352
0 0.730957 0.925781 0.122070 0.123047
0 0.646484 0.655273 0.109375 0.111328
0 0.628418 0.774902 0.122070 0.122070
0 0.636230 0.874023 0.122070 0.123047
0 0.831055 0.768555 0.109375 0.111328
0 0.830566 0.869141 0.122070 0.123047
0 0.923828 0.923340 0.097656 0.098633
0 0.925293 0.819336 0.084961 0.085938
0 0.920410 0.716797 0.084961 0.085938