0 0.792969 0.689453 0.048828 0.048828
0 0.872070 0.754883 0.048828 0.048828
0 0.875000 0.630371 0.060547 0.061523
0 0.799805 0.478516 0.048828 0.048828
0 0.802734 0.277344 0.048828 0.048828
0 0.798828 0.384766 0.048828 0.048828
0 0.794922 0.594238 0.060547 0.061523
0 0.798340 0.161621 0.061523 0.061523
0 0.873047 0.326172 0.037109 0.037109
0 0.873535 0.211914 0.073242 0.074219
0 0.872070 0.542480 0.060547 0.061523
0 0.864258 0.439453 0.048828 0.048828
0 0.873535 0.110352 0.073242 0.074219
0 0.680664 0.723145 0.048828 0.049805
0 0.684570 0.626465 0.048828 0.049805
0 0.584961 0.564941 0.048828 0.049805
0 0.595703 0.258301 0.048828 0.049805
0 0.591309 0.663574 0.061523 0.061523
0 0.686035 0.206543 0.061523 0.061523
0 0.484375 0.301270 0.060547 0.061523
0 0.589844 0.457031 0.048828 0.048828
0 0.481445 0.550293 0.048828 0.049805
0 0.492188 0.631348 0.048828 0.049805
0 0.492188 0.727051 0.048828 0.049805
0 0.385742 0.765625 0.048828 0.048828
0 0.589844 0.765137 0.048828 0.049805
0 0.683594 0.439941 0.060547 0.061523
0 0.592773 0.356934 0.048828 0.049805
0 0.488281 0.221191 0.060547 0.061523
0 0.592773 0.160156 0.037109 0.037109
0 0.681641 0.321777 0.048828 0.049805
0 0.488281 0.099121 0.048828 0.049805
0 0.694824 0.104492 0.036133 0.037109
0 0.052734 0.944336 0.048828 0.048828
0 0.062500 0.841797 0.048828 0.048828
0 0.786621 0.794434 0.024414 0.024414
0 0.684082 0.538086 0.036133 0.037109
0 0.494141 0.825195 0.048828 0.048828
0 0.388672 0.664062 0.048828 0.048828
0 0.299805 0.718750 0.048828 0.048828
0 0.808105 0.063477 0.024414 0.025391
0 0.984863 0.347168 0.024414 0.024414
0 0.098633 0.035156 0.048828 0.048828
0 0.096680 0.141602 0.048828 0.048828
0 0.089844 0.238281 0.037109 0.037109
0 0.090820 0.327148 0.037109 0.037109
0 0.183594 0.076172 0.048828 0.048828
0 0.185547 0.189941 0.060547 0.061523
0 0.175781 0.310547 0.037109 0.037109
0 0.250488 0.207520 0.061523 0.061523
0 0.242188 0.306641 0.048828 0.048828
0 0.389160 0.142090 0.024414 0.024414
0 0.389160 0.249023 0.036133 0.037109
0 0.393555 0.029785 0.037109 0.036133
0 0.031738 0.075195 0.036133 0.037109
0 0.036133 0.190430 0.048828 0.048828
0 0.483887 0.024414 0.036133 0.037109
0 0.693848 0.827637 0.024414 0.024414