0 0.174316 0.752441 0.061523 0.061523
0 0.179688 0.531738 0.048828 0.049805
0 0.174805 0.876465 0.060547 0.061523
0 0.183105 0.090332 0.061523 0.061523
0 0.186035 0.204590 0.061523 0.061523
0 0.179688 0.419434 0.060547 0.061523
0 0.183594 0.305176 0.060547 0.061523
0 0.258789 0.384766 0.048828 0.048828
0 0.857422 0.063965 0.060547 0.061523
0 0.938965 0.132812 0.084961 0.085938
0 0.864258 0.281250 0.048828 0.048828
0 0.938477 0.343750 0.048828 0.048828
0 0.863770 0.171387 0.061523 0.061523
0 0.267090 0.045410 0.047852 0.049805
0 0.366699 0.098633 0.073242 0.074219
0 0.761230 0.131348 0.061523 0.061523
0 0.264160 0.273926 0.073242 0.073242
0 0.372559 0.318848 0.061523 0.061523
0 0.255859 0.834473 0.060547 0.061523
0 0.363281 0.779785 0.060547 0.061523
0 0.480469 0.812012 0.060547 0.061523
0 0.361328 0.896973 0.060547 0.061523
0 0.254883 0.600098 0.048828 0.049805
0 0.257812 0.960449 0.060547 0.061523
0 0.099121 0.057129 0.061523 0.061523
0 0.095703 0.149414 0.048828 0.048828
0 0.470703 0.940430 0.048828 0.048828
0 0.500977 0.076660 0.048828 0.049805
0 0.267090 0.152344 0.084961 0.085938
0 0.949219 0.222168 0.060547 0.061523
0 0.949219 0.449219 0.037109 0.037109
0 0.561523 0.110840 0.048828 0.049805
0 0.566895 0.441895 0.024414 0.024414
0 0.563965 0.237793 0.024414 0.024414
0 0.366211 0.434570 0.037109 0.037109
0 0.489746 0.409180 0.036133 0.037109
0 0.369629 0.186035 0.024414 0.024414
0 0.665039 0.845703 0.048828 0.048828
0 0.656738 0.958496 0.024414 0.024414
0 0.553711 0.896973 0.048828 0.049805
0 0.555176 0.773438 0.024414 0.025391
0 0.559570 0.666016 0.037109 0.037109
0 0.485352 0.619141 0.037109 0.037109
0 0.479492 0.715332 0.060547 0.061523
0 0.368164 0.553711 0.037109 0.037109
0 0.367188 0.670898 0.037109 0.037109
0 0.255859 0.739258 0.048828 0.048828
0 0.178223 0.655273 0.036133 0.037109
0 0.259766 0.496094 0.048828 0.048828
0 0.481445 0.512695 0.037109 0.037109
0 0.089844 0.476562 0.037109 0.037109
0 0.083496 0.807129 0.036133 0.036133