0 0.474609 0.837891 0.048828 0.048828
0 0.298828 0.854492 0.048828 0.048828
0 0.189453 0.800781 0.048828 0.048828
0 0.296875 0.969238 0.048828 0.049805
0 0.098633 0.842773 0.048828 0.048828
0 0.104980 0.962402 0.061523 0.061523
0 0.469727 0.625488 0.048828 0.049805
0 0.298828 0.410645 0.060547 0.061523
0 0.094727 0.516113 0.048828 0.049805
0 0.296875 0.638184 0.048828 0.049805
0 0.191895 0.467285 0.073242 0.073242
0 0.379395 0.575684 0.061523 0.061523
0 0.094727 0.401855 0.060547 0.061523
0 0.385742 0.357422 0.048828 0.048828
0 0.191406 0.683594 0.048828 0.048828
0 0.100098 0.086426 0.122070 0.122070
0 0.097656 0.195801 0.097656 0.098633
0 0.187500 0.142090 0.097656 0.098633
0 0.185547 0.252441 0.097656 0.098633
0 0.293457 0.085938 0.122070 0.123047
0 0.304199 0.191895 0.110352 0.110352
0 0.387207 0.143555 0.122070 0.123047
0 0.472168 0.073242 0.122070 0.123047
0 0.478516 0.191895 0.109375 0.110352
0 0.569824 0.242676 0.110352 0.110352
0 0.565918 0.126953 0.110352 0.111328
0 0.668457 0.096680 0.122070 0.123047
0 0.676270 0.187500 0.110352 0.111328
0 0.757812 0.133301 0.109375 0.110352
0 0.766113 0.229492 0.122070 0.123047
0 0.862793 0.117188 0.122070 0.123047
0 0.866699 0.218750 0.122070 0.123047
0 0.950195 0.456543 0.097656 0.098633
0 0.948242 0.568359 0.097656 0.097656
0 0.946289 0.674805 0.097656 0.097656
0 0.931641 0.794922 0.097656 0.097656
0 0.848145 0.420898 0.122070 0.123047
0 0.763184 0.453125 0.110352 0.111328
0 0.669434 0.503906 0.122070 0.123047
0 0.566406 0.568848 0.109375 0.110352
0 0.660156 0.611816 0.097656 0.098633
0 0.756836 0.561523 0.097656 0.097656
0 0.575195 0.672363 0.109375 0.110352
0 0.571777 0.791016 0.084961 0.085938
0 0.666016 0.736816 0.097656 0.098633
0 0.753418 0.674316 0.110352 0.110352
0 0.752441 0.788574 0.110352 0.110352
0 0.854980 0.731445 0.122070 0.123047
0 0.856934 0.624023 0.122070 0.123047
0 0.469727 0.500977 0.048828 0.048828
0 0.092773 0.327637 0.097656 0.098633
0 0.754395 0.895508 0.122070 0.123047
0 0.858887 0.844727 0.122070 0.123047
0 0.664062 0.842773 0.109375 0.111328
0 0.573242 0.898438 0.097656 0.097656
0 0.472656 0.295898 0.048828 0.048828
0 0.468750 0.404297 0.048828 0.048828
0 0.387695 0.464355 0.048828 0.049805
0 0.307129 0.504395 0.024414 0.024414
0 0.292969 0.310547 0.048828 0.048828
0 0.393555 0.243164 0.048828 0.048828
0 0.191406 0.356934 0.037109 0.036133
0 0.193359 0.576172 0.037109 0.037109
0 0.382812 0.686523 0.048828 0.048828
0 0.469238 0.728027 0.024414 0.024414
0 0.463867 0.954102 0.048828 0.048828
0 0.379883 0.923828 0.037109 0.037109
0 0.381836 0.797852 0.048828 0.048828
0 0.296387 0.741699 0.024414 0.024414
0 0.100098 0.734863 0.024414 0.024414
0 0.100098 0.621582 0.024414 0.024414