0 0.466309 0.319336 0.073242 0.074219
0 0.835938 0.300293 0.048828 0.049805
0 0.750000 0.312988 0.060547 0.061523
0 0.471680 0.950684 0.060547 0.061523
0 0.396484 0.798828 0.048828 0.048828
0 0.399414 0.597656 0.048828 0.048828
0 0.395508 0.705078 0.048828 0.048828
0 0.391602 0.914551 0.060547 0.061523
0 0.665039 0.763184 0.060547 0.061523
0 0.750977 0.520996 0.060547 0.061523
0 0.835938 0.424316 0.060547 0.061523
0 0.753906 0.407715 0.060547 0.061523
0 0.395020 0.481934 0.061523 0.061523
0 0.581055 0.581055 0.048828 0.048828
0 0.469727 0.646484 0.037109 0.037109
0 0.580078 0.487305 0.048828 0.048828
0 0.757812 0.615234 0.048828 0.048828
0 0.669922 0.652344 0.060547 0.060547
0 0.924316 0.366699 0.061523 0.061523
0 0.470215 0.532227 0.073242 0.074219
0 0.673340 0.575684 0.061523 0.061523
0 0.468750 0.862793 0.060547 0.061523
0 0.826172 0.646484 0.048828 0.048828
0 0.741211 0.903320 0.048828 0.048828
0 0.460938 0.759766 0.048828 0.048828
0 0.660645 0.850586 0.073242 0.074219
0 0.470215 0.430664 0.073242 0.074219
0 0.281250 0.946777 0.048828 0.049805
0 0.181641 0.885254 0.048828 0.049805
0 0.192383 0.578613 0.048828 0.049805
0 0.282715 0.526855 0.061523 0.061523
0 0.081055 0.621582 0.060547 0.061523
0 0.186523 0.777344 0.048828 0.048828
0 0.078125 0.870605 0.048828 0.049805
0 0.088867 0.951660 0.048828 0.049805
0 0.280273 0.760254 0.060547 0.061523
0 0.189453 0.677246 0.048828 0.049805
0 0.084961 0.541504 0.060547 0.061523
0 0.189453 0.480469 0.037109 0.037109
0 0.278320 0.642090 0.048828 0.049805
0 0.084961 0.419434 0.048828 0.049805
0 0.291504 0.424805 0.036133 0.037109
0 0.591309 0.208496 0.061523 0.061523
0 0.745605 0.082520 0.061523 0.061523
0 0.475586 0.214844 0.048828 0.048828
0 0.931152 0.246582 0.061523 0.061523
0 0.911621 0.939453 0.036133 0.037109
0 0.925781 0.817871 0.037109 0.036133
0 0.825195 0.949219 0.048828 0.048828
0 0.750000 0.810547 0.037109 0.037109
0 0.660156 0.958008 0.048828 0.048828
0 0.584961 0.801758 0.048828 0.048828
0 0.280762 0.858398 0.036133 0.037109
0 0.197754 0.036133 0.024414 0.025391
0 0.844238 0.068359 0.036133 0.037109
0 0.839844 0.196777 0.048828 0.049805
0 0.925293 0.466309 0.036133 0.036133
0 0.753906 0.194824 0.048828 0.049805
0 0.825195 0.528320 0.037109 0.037109
0 0.673828 0.172363 0.048828 0.049805
0 0.668457 0.275879 0.061523 0.061523
0 0.671875 0.356445 0.048828 0.048828
0 0.673828 0.438477 0.048828 0.048828
0 0.582031 0.375977 0.048828 0.048828
0 0.586914 0.283203 0.048828 0.048828
0 0.583984 0.115723 0.048828 0.049805
0 0.471680 0.100586 0.048828 0.048828
0 0.397949 0.144043 0.024414 0.024414
0 0.402832 0.269043 0.024414 0.024414
0 0.404785 0.383789 0.024414 0.025391
0 0.288574 0.311035 0.024414 0.024414
0 0.288574 0.072754 0.024414 0.024414
0 0.920898 0.707031 0.037109 0.037109
0 0.752930 0.716797 0.048828 0.048828
0 0.829102 0.748047 0.037109 0.037109
0 0.581543 0.667480 0.024414 0.024414
0 0.588379 0.896973 0.024414 0.024414
0 0.095703 0.097656 0.048828 0.048828
0 0.196777 0.257324 0.024414 0.024414
0 0.080566 0.344727 0.036133 0.037109