0 0.811523 0.575684 0.060547 0.061523
0 0.453125 0.583984 0.048828 0.048828
0 0.532227 0.649414 0.048828 0.048828
0 0.715332 0.633301 0.061523 0.061523
0 0.535156 0.524902 0.060547 0.061523
0 0.459961 0.373047 0.048828 0.048828
0 0.462891 0.171875 0.048828 0.048828
0 0.458984 0.279297 0.048828 0.048828
0 0.455078 0.488770 0.060547 0.061523
0 0.728516 0.337402 0.060547 0.061523
0 0.814453 0.095215 0.060547 0.061523
0 0.458496 0.056152 0.061523 0.061523
0 0.644531 0.155273 0.048828 0.048828
0 0.533203 0.220703 0.037109 0.037109
0 0.643555 0.061523 0.048828 0.048828
0 0.821289 0.189453 0.048828 0.048828
0 0.733398 0.226562 0.060547 0.060547
0 0.533691 0.106445 0.073242 0.074219
0 0.736816 0.149902 0.061523 0.061523
0 0.532227 0.437012 0.060547 0.061523
0 0.889648 0.220703 0.048828 0.048828
0 0.804688 0.477539 0.048828 0.048828
0 0.524414 0.333984 0.048828 0.048828
0 0.724121 0.424805 0.073242 0.074219
0 0.340820 0.617676 0.048828 0.049805
0 0.344727 0.520996 0.048828 0.049805
0 0.245117 0.459473 0.048828 0.049805
0 0.255859 0.152832 0.048828 0.049805
0 0.251465 0.558105 0.061523 0.061523
0 0.346191 0.101074 0.061523 0.061523
0 0.144531 0.195801 0.060547 0.061523
0 0.250000 0.351562 0.048828 0.048828
0 0.141602 0.444824 0.048828 0.049805
0 0.152344 0.525879 0.048828 0.049805
0 0.152344 0.621582 0.048828 0.049805
0 0.045898 0.660156 0.048828 0.048828
0 0.250000 0.659668 0.048828 0.049805
0 0.343750 0.334473 0.060547 0.061523
0 0.252930 0.251465 0.048828 0.049805
0 0.148438 0.115723 0.060547 0.061523
0 0.252930 0.054688 0.037109 0.037109
0 0.341797 0.216309 0.048828 0.049805
0 0.810059 0.806152 0.061523 0.061523
0 0.711426 0.739746 0.061523 0.061523
0 0.816406 0.709961 0.060547 0.060547
0 0.809082 0.900879 0.061523 0.061523
0 0.881348 0.863281 0.073242 0.074219
0 0.970703 0.694336 0.048828 0.048828
0 0.881836 0.737305 0.060547 0.060547
0 0.975098 0.513672 0.036133 0.037109
0 0.888672 0.523438 0.048828 0.048828
0 0.898438 0.635742 0.037109 0.037109
0 0.813477 0.384766 0.037109 0.037109
0 0.723633 0.532227 0.048828 0.048828
0 0.640625 0.587891 0.048828 0.048828
0 0.635742 0.686035 0.060547 0.061523
0 0.648438 0.375977 0.048828 0.048828
0 0.446777 0.688965 0.024414 0.024414
0 0.344238 0.432617 0.036133 0.037109
0 0.154297 0.719727 0.048828 0.048828
0 0.048828 0.558594 0.048828 0.048828
0 0.888672 0.102539 0.037109 0.037109
0 0.816406 0.291016 0.048828 0.048828
0 0.892578 0.322266 0.037109 0.037109
0 0.645020 0.241699 0.024414 0.024414
0 0.651855 0.471191 0.024414 0.024414
0 0.049316 0.036621 0.024414 0.024414
0 0.049316 0.143555 0.036133 0.037109
0 0.354004 0.722168 0.024414 0.024414