0 0.774902 0.809082 0.061523 0.061523
0 0.697266 0.891113 0.048828 0.049805
0 0.784668 0.713379 0.061523 0.061523
0 0.959961 0.852051 0.060547 0.061523
0 0.960938 0.945312 0.048828 0.048828
0 0.700684 0.099609 0.122070 0.123047
0 0.604980 0.063965 0.110352 0.110352
0 0.507812 0.098145 0.097656 0.098633
0 0.322266 0.098145 0.097656 0.098633
0 0.219727 0.059082 0.097656 0.098633
0 0.604004 0.189453 0.122070 0.123047
0 0.513184 0.224609 0.122070 0.123047
0 0.695801 0.226562 0.122070 0.123047
0 0.128906 0.119629 0.109375 0.110352
0 0.125488 0.233887 0.122070 0.122070
0 0.124512 0.345703 0.122070 0.123047
0 0.126465 0.447266 0.122070 0.123047
0 0.122559 0.551758 0.122070 0.123047
0 0.118652 0.669922 0.122070 0.123047
0 0.218262 0.621094 0.122070 0.123047
0 0.218262 0.506836 0.122070 0.123047
0 0.224121 0.392090 0.122070 0.122070
0 0.224121 0.282715 0.122070 0.122070
0 0.214844 0.179199 0.097656 0.098633
0 0.322754 0.216797 0.122070 0.123047
0 0.325684 0.332031 0.122070 0.123047
0 0.321777 0.441895 0.122070 0.122070
0 0.321777 0.552734 0.122070 0.123047
0 0.320801 0.666016 0.122070 0.123047
0 0.414551 0.633301 0.122070 0.122070
0 0.426758 0.515137 0.097656 0.098633
0 0.416504 0.412109 0.122070 0.123047
0 0.423340 0.283203 0.122070 0.123047
0 0.428223 0.158203 0.122070 0.123047
0 0.510254 0.344727 0.122070 0.123047
0 0.504395 0.445312 0.122070 0.123047
0 0.512207 0.564453 0.122070 0.123047
0 0.597168 0.614258 0.122070 0.123047
0 0.604980 0.502930 0.122070 0.123047
0 0.600098 0.384766 0.122070 0.123047
0 0.603516 0.282227 0.097656 0.097656
0 0.699707 0.324219 0.122070 0.123047
0 0.695801 0.465820 0.122070 0.123047
0 0.694336 0.565918 0.097656 0.098633
0 0.706543 0.680664 0.122070 0.123047
0 0.503418 0.653809 0.084961 0.086914
0 0.699219 0.778809 0.109375 0.110352
0 0.605469 0.715332 0.109375 0.110352
0 0.604980 0.817871 0.110352 0.110352
0 0.496582 0.901855 0.110352 0.110352
0 0.505859 0.774902 0.097656 0.098633
0 0.407227 0.773926 0.097656 0.098633
0 0.407715 0.914062 0.122070 0.123047
0 0.319336 0.776855 0.097656 0.098633
0 0.317871 0.880859 0.122070 0.123047
0 0.209961 0.725098 0.097656 0.098633
0 0.221680 0.838379 0.097656 0.098633
0 0.213867 0.944336 0.097656 0.097656
0 0.125977 0.772949 0.097656 0.098633
0 0.128906 0.884766 0.097656 0.097656
0 0.958496 0.642578 0.036133 0.037109
0 0.982910 0.782715 0.024414 0.024414
0 0.875000 0.763672 0.037109 0.037109
0 0.878906 0.667969 0.037109 0.037109
0 0.879883 0.551758 0.037109 0.037109
0 0.774902 0.930176 0.036133 0.036133
0 0.881836 0.886719 0.037109 0.037109