0 0.081055 0.119629 0.109375 0.110352
0 0.081543 0.235352 0.122070 0.123047
0 0.089355 0.326172 0.110352 0.111328
0 0.183105 0.165039 0.122070 0.123047
0 0.170898 0.271973 0.109375 0.110352
0 0.179199 0.368164 0.122070 0.123047
0 0.270996 0.115723 0.110352 0.110352
0 0.354980 0.175293 0.122070 0.122070
0 0.275879 0.255859 0.122070 0.123047
0 0.279785 0.357422 0.122070 0.123047
0 0.374512 0.257324 0.110352 0.110352
0 0.462891 0.221191 0.109375 0.110352
0 0.469727 0.099121 0.109375 0.110352
0 0.564453 0.154785 0.109375 0.110352
0 0.571289 0.250488 0.109375 0.110352
1 0.553223 0.385254 0.122070 0.122070
0 0.651367 0.335449 0.109375 0.110352
0 0.654785 0.215332 0.110352 0.110352
0 0.651855 0.113770 0.110352 0.110352
0 0.743164 0.158203 0.097656 0.097656
0 0.750000 0.272949 0.097656 0.098633
0 0.748535 0.391113 0.110352 0.110352
0 0.841797 0.439941 0.097656 0.098633
0 0.847656 0.338867 0.097656 0.097656
0 0.835938 0.224609 0.109375 0.111328
0 0.851074 0.104492 0.122070 0.123047
0 0.931641 0.154297 0.097656 0.097656
0 0.928711 0.274414 0.109375 0.111328
0 0.932617 0.391113 0.109375 0.110352
0 0.933594 0.489258 0.109375 0.111328
0 0.926758 0.604980 0.109375 0.110352
0 0.929199 0.705566 0.110352 0.110352
0 0.921387 0.815918 0.110352 0.110352
0 0.931152 0.898926 0.073242 0.073242
0 0.834961 0.548340 0.097656 0.098633
0 0.838867 0.652832 0.097656 0.098633
0 0.836914 0.767090 0.097656 0.098633
0 0.832520 0.879395 0.110352 0.110352
0 0.745117 0.491699 0.097656 0.098633
0 0.738770 0.597168 0.110352 0.110352
0 0.734375 0.715332 0.109375 0.110352
0 0.741211 0.830566 0.109375 0.110352
0 0.650391 0.436035 0.097656 0.098633
0 0.649414 0.546387 0.109375 0.110352
0 0.650391 0.653809 0.109375 0.110352
0 0.648438 0.767090 0.109375 0.110352
1 0.558594 0.484863 0.097656 0.098633
0 0.561035 0.593262 0.110352 0.110352
0 0.558105 0.717285 0.110352 0.110352
0 0.552246 0.827637 0.110352 0.110352
0 0.470703 0.447754 0.097656 0.098633
0 0.458984 0.543457 0.097656 0.098633
0 0.455078 0.661621 0.097656 0.098633
0 0.364746 0.507812 0.122070 0.123047
0 0.363281 0.595215 0.097656 0.098633
0 0.361328 0.707031 0.097656 0.097656
0 0.359375 0.813477 0.097656 0.097656
0 0.344727 0.933594 0.097656 0.097656
0 0.453613 0.763184 0.110352 0.110352
0 0.454102 0.882812 0.109375 0.111328
0 0.551270 0.933105 0.110352 0.110352
0 0.643066 0.877441 0.110352 0.110352
0 0.744141 0.940918 0.109375 0.110352
0 0.261230 0.559570 0.122070 0.123047
0 0.176270 0.591797 0.110352 0.111328
0 0.082520 0.642578 0.122070 0.123047
0 0.073242 0.750488 0.097656 0.098633
0 0.169922 0.700195 0.097656 0.097656
0 0.079102 0.875488 0.097656 0.098633
0 0.166504 0.812988 0.110352 0.110352
0 0.165527 0.927246 0.110352 0.110352
0 0.268066 0.870117 0.122070 0.123047
0 0.270020 0.762695 0.122070 0.123047