0 0.188477 0.458984 0.048828 0.048828
0 0.092285 0.627441 0.061523 0.061523
0 0.187012 0.564941 0.061523 0.061523
0 0.187500 0.663574 0.048828 0.049805
0 0.186523 0.764160 0.048828 0.049805
0 0.481445 0.973633 0.048828 0.048828
0 0.382812 0.845703 0.048828 0.048828
0 0.852539 0.416504 0.048828 0.049805
0 0.483398 0.876953 0.037109 0.037109
0 0.299805 0.887695 0.037109 0.037109
0 0.677734 0.479492 0.048828 0.048828
0 0.675781 0.585938 0.048828 0.048828
0 0.668945 0.682617 0.037109 0.037109
0 0.669922 0.771484 0.037109 0.037109
0 0.762695 0.520508 0.048828 0.048828
0 0.764648 0.634277 0.060547 0.061523
0 0.754883 0.754883 0.037109 0.037109
0 0.829590 0.651855 0.061523 0.061523
0 0.821289 0.750977 0.048828 0.048828
0 0.968262 0.586426 0.024414 0.024414
0 0.968262 0.693359 0.036133 0.037109
0 0.298828 0.521484 0.048828 0.048828
0 0.296875 0.609375 0.048828 0.048828
0 0.301270 0.713379 0.036133 0.036133
0 0.294922 0.795410 0.048828 0.049805
0 0.389648 0.732422 0.037109 0.037109
0 0.451660 0.695312 0.036133 0.037109
0 0.399414 0.622070 0.037109 0.037109
0 0.405273 0.500000 0.037109 0.037109
0 0.972656 0.474121 0.037109 0.036133
0 0.866211 0.106934 0.023438 0.024414
0 0.860352 0.209961 0.048828 0.048828
0 0.849609 0.322754 0.037109 0.036133
0 0.781250 0.053711 0.048828 0.048828
0 0.780762 0.169434 0.024414 0.024414
0 0.773926 0.296387 0.024414 0.024414
0 0.767578 0.410645 0.048828 0.049805
0 0.687988 0.106934 0.036133 0.036133
0 0.687988 0.236816 0.024414 0.024414
0 0.682129 0.346191 0.024414 0.024414
0 0.614258 0.036621 0.037109 0.036133
0 0.617188 0.155762 0.048828 0.049805
0 0.611328 0.287109 0.037109 0.037109
0 0.613281 0.389648 0.048828 0.048828
0 0.610840 0.519531 0.036133 0.037109
0 0.523926 0.079590 0.036133 0.036133
0 0.112793 0.024414 0.024414 0.025391
0 0.193848 0.024414 0.036133 0.037109
0 0.020508 0.403809 0.037109 0.036133
0 0.024414 0.322266 0.037109 0.037109
0 0.034668 0.205078 0.036133 0.037109
0 0.117676 0.241211 0.036133 0.037109
0 0.122559 0.331055 0.036133 0.037109
0 0.112793 0.424805 0.036133 0.037109
0 0.104004 0.525879 0.036133 0.036133
0 0.188477 0.363281 0.037109 0.037109
0 0.188477 0.278320 0.037109 0.037109
0 0.187500 0.205078 0.037109 0.037109
0 0.094238 0.734375 0.036133 0.037109
0 0.615234 0.634766 0.048828 0.048828