0 0.532715 0.088379 0.061523 0.061523
0 0.327148 0.203613 0.060547 0.061523
0 0.146973 0.199219 0.073242 0.074219
0 0.243652 0.045410 0.061523 0.061523
0 0.052246 0.120117 0.073242 0.074219
0 0.222656 0.250977 0.048828 0.048828
0 0.326172 0.105957 0.060547 0.061523
0 0.050293 0.248535 0.073242 0.073242
0 0.232910 0.150391 0.061523 0.060547
0 0.150879 0.076172 0.073242 0.074219
0 0.509277 0.435547 0.073242 0.074219
0 0.221191 0.465332 0.061523 0.061523
0 0.321289 0.410156 0.048828 0.048828
0 0.124512 0.897461 0.084961 0.085938
0 0.052246 0.357910 0.061523 0.061523
0 0.220215 0.362793 0.061523 0.061523
0 0.418945 0.377930 0.048828 0.048828
0 0.617676 0.158691 0.061523 0.061523
0 0.617676 0.261230 0.061523 0.061523
0 0.812500 0.248535 0.060547 0.061523
0 0.610840 0.487793 0.061523 0.061523
0 0.791504 0.425293 0.073242 0.073242
0 0.812500 0.318848 0.048828 0.049805
0 0.914062 0.315918 0.060547 0.061523
0 0.904785 0.407715 0.073242 0.073242
0 0.896484 0.706543 0.097656 0.098633
0 0.897461 0.813477 0.085938 0.085938
0 0.909180 0.911133 0.097656 0.097656
0 0.807617 0.865234 0.097656 0.097656
0 0.818848 0.769531 0.084961 0.085938
0 0.807129 0.688477 0.084961 0.085938
0 0.684570 0.685547 0.085938 0.085938
0 0.677734 0.921387 0.097656 0.098633
0 0.589844 0.852539 0.085938 0.085938
0 0.599121 0.744141 0.084961 0.085938
0 0.504883 0.800293 0.097656 0.098633
0 0.508789 0.911621 0.109375 0.110352
0 0.127441 0.791992 0.084961 0.085938
0 0.211426 0.736328 0.084961 0.085938
0 0.203613 0.853027 0.084961 0.086914
0 0.413086 0.831055 0.097656 0.097656
0 0.407715 0.740234 0.084961 0.085938
0 0.314941 0.799805 0.122070 0.123047
0 0.314453 0.902832 0.097656 0.098633
0 0.899414 0.494629 0.048828 0.049805
0 0.712891 0.084473 0.048828 0.049805
0 0.711914 0.179199 0.048828 0.049805
0 0.702148 0.305176 0.048828 0.049805
0 0.706055 0.417969 0.048828 0.048828
0 0.610840 0.372559 0.061523 0.061523
0 0.629883 0.047363 0.048828 0.049805
0 0.431641 0.037109 0.037109 0.037109
0 0.420898 0.142578 0.048828 0.048828
0 0.421875 0.269531 0.037109 0.037109
0 0.318848 0.319336 0.036133 0.037109
0 0.922363 0.085449 0.110352 0.110352
0 0.913574 0.197754 0.110352 0.110352
0 0.822754 0.125977 0.122070 0.123047
0 0.139160 0.298828 0.073242 0.074219
0 0.137695 0.419922 0.037109 0.037109
0 0.050781 0.447754 0.048828 0.049805