0 0.032227 0.226562 0.060547 0.060547
0 0.096680 0.974609 0.048828 0.048828
0 0.104492 0.648926 0.060547 0.061523
0 0.093750 0.881348 0.048828 0.049805
0 0.106445 0.447266 0.048828 0.048828
0 0.093750 0.789551 0.048828 0.049805
0 0.036133 0.427734 0.048828 0.048828
0 0.215332 0.271484 0.073242 0.074219
0 0.421875 0.035645 0.048828 0.049805
0 0.516602 0.113770 0.048828 0.049805
0 0.414062 0.267090 0.048828 0.049805
0 0.308594 0.104004 0.037109 0.036133
0 0.218750 0.191406 0.048828 0.048828
0 0.515137 0.208496 0.036133 0.036133
0 0.214355 0.374023 0.061523 0.060547
0 0.304199 0.537109 0.061523 0.060547
0 0.506836 0.365723 0.048828 0.049805
0 0.402344 0.586914 0.060547 0.060547
0 0.407227 0.403320 0.048828 0.048828
0 0.511719 0.447266 0.048828 0.048828
0 0.498047 0.531250 0.048828 0.048828
0 0.596191 0.464844 0.036133 0.037109
0 0.913574 0.731934 0.036133 0.036133
0 0.896484 0.428711 0.037109 0.037109
0 0.798828 0.481934 0.037109 0.036133
0 0.698730 0.528809 0.036133 0.036133
0 0.677246 0.653320 0.036133 0.037109
0 0.793457 0.604980 0.036133 0.036133
0 0.912109 0.547363 0.048828 0.049805
0 0.913086 0.636230 0.037109 0.036133
0 0.304688 0.312500 0.037109 0.037109
0 0.120605 0.235352 0.036133 0.037109
0 0.426758 0.142090 0.048828 0.049805
0 0.617676 0.279785 0.036133 0.036133
0 0.684570 0.115234 0.037109 0.037109
0 0.833008 0.072266 0.037109 0.037109
0 0.883301 0.198242 0.036133 0.037109
0 0.801758 0.257812 0.037109 0.037109
0 0.895996 0.299316 0.024414 0.024414
0 0.587402 0.160156 0.036133 0.037109
0 0.211914 0.670898 0.048828 0.048828
0 0.305176 0.423828 0.036133 0.037109
0 0.413086 0.497070 0.037109 0.037109
0 0.502441 0.676758 0.024414 0.025391
0 0.583496 0.676758 0.036133 0.037109
0 0.745605 0.375488 0.036133 0.036133
0 0.304688 0.863281 0.037109 0.037109
0 0.294922 0.955566 0.037109 0.036133
0 0.414062 0.974609 0.037109 0.037109
0 0.424316 0.857422 0.036133 0.037109
0 0.507324 0.893555 0.036133 0.037109
0 0.578125 0.930664 0.037109 0.037109
0 0.577148 0.857422 0.037109 0.037109