0 0.667969 0.813965 0.060547 0.061523
0 0.749512 0.882812 0.084961 0.085938
0 0.674316 0.921387 0.061523 0.061523
0 0.666992 0.584961 0.048828 0.048828
0 0.491211 0.601562 0.048828 0.048828
0 0.381836 0.547852 0.048828 0.048828
0 0.088867 0.471680 0.048828 0.048828
0 0.077637 0.795410 0.047852 0.049805
0 0.489258 0.716309 0.048828 0.049805
0 0.177246 0.848633 0.073242 0.074219
0 0.291016 0.589844 0.048828 0.048828
0 0.297363 0.709473 0.061523 0.061523
0 0.376953 0.760742 0.048828 0.048828
0 0.084961 0.583496 0.060547 0.061523
0 0.571777 0.881348 0.061523 0.061523
0 0.182617 0.736816 0.060547 0.061523
0 0.571289 0.769043 0.048828 0.049805
0 0.185059 0.648438 0.061523 0.060547
0 0.190430 0.529785 0.060547 0.061523
0 0.662109 0.372559 0.048828 0.049805
0 0.090820 0.269531 0.048828 0.048828
0 0.187988 0.317871 0.061523 0.061523
0 0.491211 0.157715 0.060547 0.061523
0 0.089355 0.371582 0.061523 0.061523
0 0.099121 0.166504 0.061523 0.061523
0 0.287109 0.263184 0.048828 0.049805
0 0.489258 0.385254 0.048828 0.049805
0 0.384277 0.214355 0.073242 0.073242
0 0.571777 0.322754 0.061523 0.061523
0 0.287109 0.148926 0.060547 0.061523
0 0.187500 0.210449 0.060547 0.061523
0 0.578125 0.104492 0.048828 0.048828
0 0.383789 0.430664 0.048828 0.048828
0 0.861816 0.250977 0.122070 0.123047
0 0.758789 0.315918 0.109375 0.110352
0 0.852539 0.358887 0.097656 0.098633
0 0.949219 0.308594 0.097656 0.097656
0 0.767578 0.419434 0.109375 0.110352
0 0.764160 0.538086 0.084961 0.085938
0 0.858398 0.483887 0.097656 0.098633
0 0.662109 0.248047 0.048828 0.048828
0 0.285156 0.074707 0.097656 0.098633
0 0.193848 0.100586 0.084961 0.085938
0 0.857422 0.817383 0.109375 0.111328
0 0.853516 0.704102 0.109375 0.111328
0 0.856445 0.589844 0.109375 0.111328
0 0.765625 0.645508 0.097656 0.097656
0 0.753906 0.768555 0.097656 0.097656
0 0.847168 0.909180 0.084961 0.085938
0 0.941895 0.871582 0.110352 0.110352
0 0.665039 0.042969 0.048828 0.048828
0 0.661133 0.151367 0.048828 0.048828
0 0.580078 0.211426 0.048828 0.049805
0 0.499512 0.251465 0.024414 0.024414
0 0.485352 0.057617 0.048828 0.048828
0 0.383789 0.104004 0.037109 0.036133
0 0.385742 0.323242 0.037109 0.037109
0 0.575195 0.433594 0.048828 0.048828
0 0.098633 0.043457 0.037109 0.036133
0 0.661621 0.475098 0.024414 0.024414
0 0.656250 0.701172 0.048828 0.048828
0 0.572266 0.670898 0.037109 0.037109
0 0.574219 0.544922 0.048828 0.048828
0 0.488770 0.488770 0.024414 0.024414
0 0.311523 0.826660 0.048828 0.049805
0 0.292480 0.481934 0.024414 0.024414
0 0.292480 0.368652 0.024414 0.024414
0 0.189941 0.421387 0.024414 0.024414
0 0.081543 0.700195 0.036133 0.037109
0 0.077637 0.902344 0.084961 0.085938
0 0.372070 0.860840 0.048828 0.049805
0 0.180176 0.936035 0.024414 0.024414
0 0.020996 0.164551 0.024414 0.024414