0 0.177246 0.083008 0.073242 0.074219
0 0.086914 0.025391 0.048828 0.048828
0 0.946777 0.046387 0.061523 0.061523
0 0.939941 0.456055 0.073242 0.074219
0 0.278809 0.135254 0.061523 0.061523
0 0.671875 0.133301 0.048828 0.049805
0 0.459473 0.072754 0.073242 0.073242
0 0.774902 0.063965 0.061523 0.061523
0 0.869629 0.305176 0.061523 0.061523
0 0.572754 0.055176 0.073242 0.073242
0 0.936035 0.895996 0.061523 0.061523
0 0.662109 0.837891 0.085938 0.085938
0 0.944336 0.359863 0.085938 0.086914
0 0.945312 0.566406 0.085938 0.085938
0 0.940430 0.679688 0.097656 0.097656
0 0.938965 0.791992 0.084961 0.085938
0 0.844238 0.833496 0.110352 0.110352
0 0.853516 0.717285 0.097656 0.098633
0 0.861328 0.618652 0.109375 0.110352
0 0.856445 0.533691 0.109375 0.110352
0 0.861816 0.409180 0.110352 0.111328
0 0.770020 0.361328 0.122070 0.123047
0 0.767090 0.470215 0.110352 0.110352
0 0.758301 0.568848 0.110352 0.110352
0 0.755371 0.686035 0.110352 0.110352
0 0.749023 0.785156 0.085938 0.085938
0 0.762695 0.899414 0.109375 0.111328
0 0.654297 0.947266 0.085938 0.085938
0 0.655762 0.744629 0.110352 0.110352
0 0.662598 0.617188 0.110352 0.111328
0 0.677734 0.506348 0.097656 0.098633
0 0.672852 0.406250 0.097656 0.097656
0 0.564453 0.354004 0.097656 0.098633
0 0.565430 0.460938 0.085938 0.085938
0 0.577148 0.558594 0.097656 0.097656
0 0.574219 0.671387 0.109375 0.110352
0 0.569336 0.778320 0.109375 0.111328
0 0.566406 0.891602 0.109375 0.111328
0 0.469727 0.943359 0.085938 0.085938
0 0.466797 0.834473 0.097656 0.098633
0 0.470703 0.723633 0.097656 0.097656
0 0.477539 0.614258 0.109375 0.111328
0 0.475586 0.512695 0.097656 0.097656
0 0.486816 0.416992 0.084961 0.085938
0 0.475098 0.335938 0.084961 0.085938
0 0.352539 0.333008 0.085938 0.085938
0 0.345703 0.568848 0.097656 0.098633
0 0.354492 0.680664 0.097656 0.097656
0 0.350586 0.784668 0.097656 0.098633
0 0.351562 0.871582 0.097656 0.098633
0 0.264160 0.934082 0.110352 0.110352
0 0.262695 0.824707 0.097656 0.098633
0 0.254883 0.719238 0.097656 0.098633
0 0.257812 0.629395 0.109375 0.110352
0 0.257812 0.500000 0.085938 0.085938
0 0.267090 0.391602 0.084961 0.085938
0 0.172852 0.447754 0.097656 0.098633
0 0.176758 0.559082 0.109375 0.110352
0 0.168945 0.662109 0.097656 0.097656
0 0.169922 0.772949 0.109375 0.110352
0 0.164551 0.862793 0.110352 0.110352
0 0.067383 0.903809 0.097656 0.098633
0 0.067383 0.802246 0.097656 0.098633
0 0.062500 0.698730 0.097656 0.098633
0 0.077148 0.598145 0.097656 0.098633
0 0.081055 0.478516 0.097656 0.097656
0 0.075684 0.387695 0.084961 0.085938
0 0.955566 0.127930 0.073242 0.074219
0 0.862305 0.083496 0.097656 0.098633
0 0.567383 0.142090 0.048828 0.049805
0 0.374023 0.065430 0.048828 0.048828