0 0.906250 0.240723 0.109375 0.110352
0 0.813965 0.297363 0.110352 0.110352
0 0.814453 0.186035 0.109375 0.110352
0 0.816406 0.071777 0.109375 0.110352
0 0.721680 0.124512 0.097656 0.098633
0 0.722168 0.236816 0.110352 0.110352
0 0.628906 0.294434 0.109375 0.110352
0 0.628906 0.182129 0.097656 0.098633
0 0.631836 0.070801 0.097656 0.098633
0 0.533203 0.117676 0.109375 0.110352
1 0.538086 0.239746 0.109375 0.110352
0 0.432129 0.285156 0.110352 0.111328
0 0.434570 0.175781 0.097656 0.097656
0 0.436523 0.073730 0.109375 0.110352
0 0.345215 0.131836 0.110352 0.111328
0 0.344727 0.234375 0.097656 0.097656
0 0.248535 0.291992 0.073242 0.074219
0 0.251953 0.185547 0.085938 0.085938
0 0.253906 0.083008 0.085938 0.085938
0 0.154297 0.126465 0.109375 0.110352
0 0.157227 0.231934 0.097656 0.098633
0 0.064453 0.060059 0.097656 0.098633
0 0.070801 0.179688 0.122070 0.123047
0 0.066895 0.278809 0.110352 0.110352
0 0.063965 0.395508 0.122070 0.123047
0 0.062500 0.612793 0.109375 0.110352
0 0.069336 0.708496 0.109375 0.110352
0 0.149414 0.793457 0.109375 0.110352
0 0.152832 0.673340 0.110352 0.110352
0 0.149902 0.571777 0.110352 0.110352
0 0.156738 0.454102 0.110352 0.111328
0 0.153809 0.349609 0.110352 0.111328
0 0.246094 0.396484 0.109375 0.111328
0 0.248047 0.507812 0.109375 0.111328
0 0.241211 0.616211 0.097656 0.097656
0 0.248047 0.730957 0.097656 0.098633
0 0.246582 0.849121 0.110352 0.110352
0 0.339844 0.897949 0.097656 0.098633
0 0.345703 0.796875 0.097656 0.097656
0 0.333984 0.682617 0.109375 0.111328
0 0.349121 0.562500 0.122070 0.123047
0 0.348145 0.447266 0.073242 0.074219
0 0.339844 0.353027 0.097656 0.098633
0 0.433105 0.413086 0.122070 0.123047
0 0.433105 0.509277 0.110352 0.110352
0 0.429688 0.612305 0.097656 0.097656
0 0.426758 0.732422 0.109375 0.111328
0 0.430664 0.849121 0.109375 0.110352
0 0.538086 0.790039 0.109375 0.111328
0 0.524902 0.682129 0.110352 0.110352
0 0.527832 0.564941 0.110352 0.110352
0 0.532715 0.463379 0.110352 0.110352
0 0.533203 0.342285 0.109375 0.110352
0 0.625977 0.400879 0.109375 0.110352
0 0.622070 0.507324 0.109375 0.110352
0 0.625977 0.603027 0.097656 0.098633
0 0.627441 0.739746 0.110352 0.110352
0 0.624512 0.847656 0.110352 0.111328
0 0.520996 0.901367 0.110352 0.111328
0 0.718750 0.900391 0.097656 0.097656
0 0.711914 0.794434 0.109375 0.110352
0 0.717773 0.680176 0.109375 0.110352
0 0.718750 0.568848 0.109375 0.110352
0 0.711914 0.449707 0.097656 0.098633
0 0.721680 0.343262 0.097656 0.098633
0 0.819336 0.399902 0.097656 0.098633
0 0.811523 0.514160 0.097656 0.098633
0 0.814453 0.620605 0.097656 0.098633
0 0.814453 0.734863 0.109375 0.110352
0 0.809570 0.846191 0.109375 0.110352
0 0.908691 0.899902 0.110352 0.110352
0 0.928223 0.788574 0.073242 0.073242
0 0.904297 0.677246 0.097656 0.098633
0 0.910156 0.566895 0.097656 0.098633
0 0.914551 0.460449 0.110352 0.110352
0 0.906250 0.344727 0.097656 0.097656
0 0.243164 0.949707 0.097656 0.098633
0 0.148438 0.894043 0.097656 0.098633
1 0.056641 0.942871 0.097656 0.098633