0 0.525879 0.398438 0.073242 0.074219
0 0.257812 0.075684 0.048828 0.049805
0 0.455566 0.247559 0.061523 0.061523
0 0.521973 0.838379 0.061523 0.061523
0 0.248047 0.780273 0.085938 0.085938
0 0.897949 0.103027 0.061523 0.061523
0 0.619629 0.256836 0.084961 0.085938
0 0.906738 0.306641 0.073242 0.074219
0 0.904785 0.420898 0.073242 0.074219
0 0.906250 0.517090 0.097656 0.098633
0 0.896973 0.625488 0.110352 0.110352
0 0.895508 0.738770 0.109375 0.110352
0 0.899414 0.850586 0.085938 0.085938
0 0.794434 0.915039 0.122070 0.123047
0 0.808105 0.787598 0.073242 0.073242
0 0.812988 0.686035 0.110352 0.110352
0 0.815918 0.562500 0.122070 0.123047
0 0.814453 0.458496 0.109375 0.110352
0 0.815430 0.363770 0.097656 0.098633
0 0.813477 0.255371 0.097656 0.098633
0 0.717285 0.308594 0.122070 0.123047
0 0.721191 0.399902 0.122070 0.122070
0 0.716309 0.504395 0.110352 0.110352
0 0.705566 0.617188 0.110352 0.111328
0 0.707031 0.736816 0.109375 0.110352
0 0.709473 0.845215 0.110352 0.110352
0 0.615234 0.899414 0.085938 0.085938
0 0.618652 0.797852 0.073242 0.074219
0 0.621582 0.680664 0.084961 0.085938
0 0.620605 0.557617 0.084961 0.085938
0 0.619141 0.456055 0.085938 0.085938
0 0.632324 0.355957 0.110352 0.110352
0 0.530273 0.302246 0.085938 0.086914
0 0.531250 0.508789 0.085938 0.085938
0 0.526367 0.622070 0.097656 0.097656
0 0.524902 0.734375 0.084961 0.085938
0 0.428711 0.891113 0.109375 0.110352
0 0.430176 0.775879 0.110352 0.110352
0 0.439453 0.659668 0.097656 0.098633
0 0.447266 0.561035 0.109375 0.110352
0 0.442383 0.476074 0.109375 0.110352
0 0.447754 0.351562 0.110352 0.111328
0 0.355957 0.303711 0.122070 0.123047
0 0.353027 0.412598 0.110352 0.110352
0 0.344238 0.511230 0.110352 0.110352
0 0.341309 0.628418 0.110352 0.110352
0 0.334961 0.727539 0.085938 0.085938
0 0.348633 0.841797 0.109375 0.111328
0 0.345703 0.935547 0.097656 0.097656
0 0.240234 0.889648 0.085938 0.085938
0 0.241699 0.687012 0.110352 0.110352
0 0.248535 0.559570 0.110352 0.111328
0 0.263672 0.448730 0.097656 0.098633
0 0.258789 0.348633 0.097656 0.097656
0 0.150391 0.296387 0.097656 0.098633
0 0.151367 0.403320 0.085938 0.085938
0 0.163086 0.500977 0.097656 0.097656
0 0.160156 0.613770 0.109375 0.110352
0 0.155273 0.720703 0.109375 0.111328
0 0.152344 0.833984 0.109375 0.111328
0 0.055664 0.885742 0.085938 0.085938
0 0.052734 0.776855 0.097656 0.098633
0 0.056641 0.666016 0.097656 0.097656
0 0.063477 0.556641 0.109375 0.111328
0 0.061523 0.455078 0.097656 0.097656
0 0.072754 0.359375 0.084961 0.085938
0 0.061035 0.278320 0.084961 0.085938
0 0.817383 0.075195 0.085938 0.085938
0 0.628418 0.066406 0.073242 0.074219
0 0.541504 0.070312 0.073242 0.074219
0 0.153320 0.084473 0.048828 0.049805