0 0.085449 0.147461 0.122070 0.123047
0 0.168457 0.091309 0.110352 0.110352
0 0.362793 0.095703 0.122070 0.123047
0 0.535645 0.094238 0.122070 0.122070
0 0.641113 0.127930 0.122070 0.123047
0 0.739746 0.085938 0.122070 0.123047
0 0.924805 0.088867 0.109375 0.111328
0 0.928711 0.187500 0.109375 0.111328
0 0.926758 0.309570 0.109375 0.111328
0 0.925781 0.407715 0.097656 0.098633
0 0.932129 0.527344 0.122070 0.123047
0 0.928223 0.626465 0.110352 0.110352
0 0.824707 0.581543 0.110352 0.110352
0 0.827637 0.466309 0.110352 0.110352
0 0.829590 0.249512 0.110352 0.110352
0 0.827637 0.146484 0.122070 0.123047
0 0.829102 0.354492 0.048828 0.048828
0 0.737305 0.185059 0.097656 0.098633
0 0.744141 0.300293 0.097656 0.098633
0 0.733398 0.408691 0.109375 0.110352
0 0.737305 0.531738 0.097656 0.098633
0 0.743164 0.648926 0.109375 0.110352
0 0.638184 0.599609 0.122070 0.123047
0 0.636230 0.474121 0.122070 0.122070
0 0.638184 0.359863 0.122070 0.122070
0 0.641602 0.251465 0.109375 0.110352
0 0.545898 0.207520 0.109375 0.110352
0 0.540039 0.309082 0.097656 0.098633
0 0.547363 0.422852 0.122070 0.123047
0 0.546387 0.541992 0.122070 0.123047
0 0.546387 0.651367 0.122070 0.123047
0 0.436523 0.586426 0.109375 0.110352
0 0.452148 0.482910 0.109375 0.110352
0 0.446289 0.373535 0.097656 0.098633
0 0.444824 0.264160 0.110352 0.110352
0 0.449707 0.145020 0.122070 0.122070
0 0.357910 0.204102 0.122070 0.123047
0 0.351562 0.321777 0.109375 0.110352
0 0.353516 0.422363 0.097656 0.098633
0 0.346191 0.533203 0.122070 0.123047
0 0.354004 0.641602 0.122070 0.123047
0 0.252441 0.578125 0.122070 0.123047
0 0.257812 0.461914 0.097656 0.097656
0 0.256348 0.353516 0.122070 0.123047
0 0.252441 0.249023 0.122070 0.123047
0 0.259277 0.143555 0.122070 0.123047
0 0.166504 0.200195 0.122070 0.123047
0 0.162598 0.300781 0.122070 0.123047
0 0.162598 0.416992 0.122070 0.123047
0 0.160645 0.534180 0.122070 0.123047
0 0.150879 0.646484 0.122070 0.123047
0 0.070801 0.250977 0.110352 0.111328
0 0.070801 0.356445 0.110352 0.111328
1 0.064453 0.475098 0.109375 0.110352
0 0.063477 0.588379 0.109375 0.110352
0 0.071289 0.694824 0.109375 0.110352
0 0.056641 0.805664 0.109375 0.111328
0 0.058594 0.915527 0.109375 0.110352
0 0.166504 0.751953 0.122070 0.123047
0 0.164551 0.843750 0.122070 0.123047
0 0.254395 0.692383 0.122070 0.123047
0 0.258301 0.789062 0.122070 0.123047
0 0.254395 0.907227 0.122070 0.123047
0 0.344238 0.746094 0.122070 0.123047
0 0.436035 0.826172 0.122070 0.123047
0 0.438965 0.706055 0.122070 0.123047
0 0.353027 0.856934 0.110352 0.110352
0 0.440430 0.925293 0.109375 0.110352
0 0.543457 0.772949 0.122070 0.122070
0 0.543457 0.865234 0.122070 0.123047
0 0.720215 0.757812 0.122070 0.123047
0 0.725098 0.865723 0.122070 0.122070
0 0.630371 0.921387 0.110352 0.110352
0 0.631348 0.810059 0.110352 0.110352
0 0.644043 0.697754 0.110352 0.110352
0 0.829102 0.904785 0.109375 0.110352
0 0.821289 0.804199 0.109375 0.110352
0 0.826172 0.696777 0.109375 0.110352
0 0.925293 0.743164 0.122070 0.123047
0 0.921387 0.855469 0.122070 0.123047