0 0.676270 0.372559 0.061523 0.061523
0 0.665527 0.259277 0.061523 0.061523
0 0.470703 0.487793 0.060547 0.061523
0 0.290527 0.483398 0.073242 0.074219
0 0.387207 0.329590 0.061523 0.061523
0 0.195801 0.404297 0.073242 0.074219
0 0.366211 0.535156 0.048828 0.048828
0 0.469727 0.390137 0.060547 0.061523
0 0.286621 0.260742 0.073242 0.074219
0 0.091797 0.469727 0.048828 0.048828
0 0.193848 0.532715 0.073242 0.073242
0 0.096680 0.360840 0.060547 0.061523
0 0.376465 0.434570 0.061523 0.060547
0 0.197266 0.304199 0.060547 0.061523
0 0.096680 0.032715 0.060547 0.061523
0 0.213867 0.064941 0.060547 0.061523
0 0.094727 0.149902 0.060547 0.061523
0 0.098633 0.258301 0.060547 0.061523
0 0.294434 0.360352 0.073242 0.074219
0 0.652832 0.719727 0.073242 0.074219
0 0.364746 0.749512 0.061523 0.061523
0 0.464844 0.694336 0.048828 0.048828
0 0.195801 0.642090 0.061523 0.061523
0 0.363770 0.646973 0.061523 0.061523
0 0.090332 0.591309 0.061523 0.061523
0 0.562500 0.662109 0.048828 0.048828
0 0.771973 0.102051 0.061523 0.061523
0 0.772461 0.210449 0.060547 0.061523
0 0.761230 0.442871 0.061523 0.061523
0 0.761230 0.545410 0.061523 0.061523
0 0.956055 0.532715 0.060547 0.061523
0 0.754395 0.771973 0.061523 0.061523
0 0.935059 0.709473 0.073242 0.073242
0 0.956055 0.603027 0.048828 0.049805
0 0.856445 0.260254 0.060547 0.061523
0 0.856445 0.368652 0.048828 0.049805
0 0.855469 0.463379 0.048828 0.049805
0 0.845703 0.589355 0.048828 0.049805
0 0.849609 0.702148 0.048828 0.048828
0 0.754395 0.656738 0.061523 0.061523
0 0.773438 0.331543 0.048828 0.049805
0 0.575195 0.321289 0.037109 0.037109
0 0.564453 0.426758 0.048828 0.048828
0 0.565430 0.553711 0.037109 0.037109
0 0.462402 0.603516 0.036133 0.037109
0 0.282715 0.583008 0.073242 0.074219
0 0.281250 0.704102 0.037109 0.037109
0 0.194336 0.731934 0.048828 0.049805
0 0.090820 0.772949 0.048828 0.049805
0 0.204102 0.193359 0.048828 0.048828
0 0.865234 0.045898 0.048828 0.048828
0 0.859863 0.150879 0.061523 0.061523
0 0.398438 0.098633 0.048828 0.048828
0 0.474609 0.262695 0.037109 0.037109
0 0.390137 0.211426 0.024414 0.024414
0 0.287109 0.149902 0.048828 0.049805
0 0.288574 0.026367 0.024414 0.025391