0 0.072266 0.104004 0.048828 0.049805
0 0.173340 0.045410 0.036133 0.036133
0 0.236328 0.948242 0.048828 0.048828
0 0.165039 0.202637 0.048828 0.049805
0 0.060547 0.423828 0.060547 0.060547
0 0.065430 0.240234 0.048828 0.048828
0 0.169922 0.284180 0.048828 0.048828
0 0.156250 0.368164 0.048828 0.048828
0 0.254395 0.301758 0.036133 0.037109
0 0.629395 0.109863 0.061523 0.061523
0 0.900391 0.905762 0.048828 0.049805
0 0.935059 0.167480 0.122070 0.122070
0 0.845703 0.102051 0.097656 0.098633
0 0.842773 0.227051 0.097656 0.098633
0 0.922852 0.474609 0.085938 0.085938
0 0.934570 0.384766 0.085938 0.085938
0 0.941406 0.274414 0.085938 0.085938
0 0.850586 0.326660 0.097656 0.098633
0 0.655273 0.429199 0.060547 0.061523
0 0.652344 0.328613 0.048828 0.049805
0 0.725586 0.968750 0.048828 0.048828
0 0.914062 0.596191 0.023438 0.024414
0 0.908203 0.699219 0.048828 0.048828
0 0.897461 0.812012 0.037109 0.036133
0 0.829102 0.542969 0.048828 0.048828
0 0.828613 0.658691 0.024414 0.024414
0 0.821777 0.785645 0.024414 0.024414
0 0.815430 0.899902 0.048828 0.049805
0 0.735840 0.596191 0.036133 0.036133
0 0.735840 0.726074 0.024414 0.024414
0 0.729980 0.835449 0.024414 0.024414
0 0.662109 0.525879 0.037109 0.036133
0 0.665039 0.645020 0.048828 0.049805
0 0.659180 0.776367 0.037109 0.037109
0 0.661133 0.878906 0.048828 0.048828
0 0.571777 0.568848 0.036133 0.036133
0 0.737793 0.276367 0.036133 0.037109
0 0.657715 0.210938 0.036133 0.037109
0 0.554688 0.265625 0.037109 0.037109
0 0.457031 0.318848 0.037109 0.036133
0 0.356934 0.365723 0.036133 0.036133
0 0.335449 0.490234 0.036133 0.037109
0 0.451660 0.441895 0.036133 0.036133
0 0.570312 0.384277 0.048828 0.049805
0 0.571289 0.473145 0.037109 0.036133
0 0.832031 0.436523 0.048828 0.048828
0 0.739258 0.374023 0.048828 0.048828
0 0.739746 0.475586 0.036133 0.037109
0 0.275879 0.116699 0.036133 0.036133
0 0.541504 0.035156 0.036133 0.037109
0 0.459961 0.094727 0.037109 0.037109
0 0.554199 0.136230 0.024414 0.024414
0 0.071289 0.333984 0.037109 0.037109
0 0.160645 0.513672 0.024414 0.025391
0 0.241699 0.513672 0.036133 0.037109
0 0.403809 0.212402 0.036133 0.036133
0 0.744141 0.162109 0.037109 0.037109
0 0.068359 0.893066 0.037109 0.036133
0 0.072266 0.811523 0.037109 0.037109
0 0.082520 0.694336 0.036133 0.037109
0 0.165527 0.730469 0.036133 0.037109
0 0.170410 0.820312 0.036133 0.037109
0 0.160645 0.914062 0.036133 0.037109
0 0.236328 0.852539 0.037109 0.037109
0 0.236328 0.767578 0.037109 0.037109
0 0.235352 0.694336 0.037109 0.037109