0 0.222168 0.371582 0.061523 0.061523
0 0.211426 0.258301 0.061523 0.061523
0 0.198730 0.718750 0.073242 0.074219
0 0.108398 0.661133 0.048828 0.048828
0 0.317871 0.101074 0.061523 0.061523
0 0.318359 0.209473 0.060547 0.061523
0 0.307129 0.441895 0.061523 0.061523
0 0.307129 0.544434 0.061523 0.061523
0 0.501953 0.531738 0.060547 0.061523
0 0.968262 0.682129 0.061523 0.061523
0 0.300293 0.770996 0.061523 0.061523
0 0.693359 0.769043 0.048828 0.049805
0 0.792969 0.581055 0.048828 0.048828
0 0.480957 0.708496 0.073242 0.073242
0 0.501953 0.602051 0.048828 0.049805
0 0.796387 0.699707 0.061523 0.061523
0 0.603516 0.599121 0.060547 0.061523
0 0.891113 0.940918 0.061523 0.061523
0 0.693848 0.655762 0.061523 0.061523
0 0.594238 0.690918 0.073242 0.073242
0 0.885254 0.206543 0.110352 0.110352
0 0.871582 0.305176 0.110352 0.110352
0 0.872559 0.408203 0.073242 0.074219
0 0.873047 0.508789 0.085938 0.085938
0 0.880859 0.600586 0.085938 0.085938
0 0.883789 0.719238 0.097656 0.098633
0 0.794922 0.488281 0.037109 0.037109
0 0.701660 0.548828 0.036133 0.037109
0 0.588867 0.777832 0.048828 0.049805
0 0.402344 0.259277 0.060547 0.061523
0 0.402344 0.367676 0.048828 0.049805
0 0.401367 0.462402 0.048828 0.049805
0 0.391602 0.588379 0.048828 0.049805
0 0.395508 0.701172 0.048828 0.048828
0 0.300293 0.655762 0.061523 0.061523
0 0.319336 0.330566 0.048828 0.049805
0 0.121094 0.320312 0.037109 0.037109
0 0.110352 0.425781 0.048828 0.048828
0 0.111328 0.552734 0.037109 0.037109
0 0.797852 0.264160 0.109375 0.110352
0 0.787109 0.364258 0.109375 0.111328
0 0.709473 0.219727 0.122070 0.123047
0 0.698730 0.319336 0.110352 0.111328
0 0.696777 0.425293 0.110352 0.110352
0 0.610840 0.265625 0.110352 0.111328
0 0.611816 0.368652 0.110352 0.110352
0 0.603027 0.480957 0.110352 0.110352
0 0.511719 0.302734 0.085938 0.085938
0 0.512207 0.409180 0.122070 0.123047
0 0.886719 0.100098 0.097656 0.098633
0 0.792969 0.156738 0.109375 0.110352
0 0.707031 0.086914 0.097656 0.097656
0 0.608887 0.153320 0.110352 0.111328
0 0.507812 0.194824 0.097656 0.098633
0 0.507812 0.105469 0.109375 0.111328
0 0.411133 0.044922 0.048828 0.048828
0 0.405762 0.149902 0.061523 0.061523
0 0.020508 0.261719 0.037109 0.037109