0 0.802246 0.227539 0.084961 0.085938
0 0.887207 0.377930 0.084961 0.085938
0 0.515137 0.254883 0.122070 0.123047
0 0.507324 0.360352 0.122070 0.123047
0 0.512207 0.485352 0.122070 0.123047
0 0.512207 0.594727 0.122070 0.123047
0 0.506348 0.702148 0.122070 0.123047
0 0.496582 0.797363 0.122070 0.122070
0 0.500488 0.910156 0.122070 0.123047
0 0.412598 0.862305 0.122070 0.123047
0 0.408691 0.760742 0.122070 0.123047
0 0.412598 0.633301 0.122070 0.122070
0 0.415527 0.533203 0.122070 0.123047
0 0.420410 0.427734 0.122070 0.123047
0 0.414551 0.349609 0.122070 0.123047
0 0.319824 0.251953 0.110352 0.111328
0 0.320801 0.369141 0.122070 0.123047
0 0.331543 0.477051 0.122070 0.122070
0 0.319824 0.592773 0.122070 0.123047
0 0.315918 0.695312 0.122070 0.123047
0 0.312988 0.810059 0.110352 0.110352
0 0.317871 0.910645 0.110352 0.110352
0 0.226074 0.842773 0.084961 0.085938
0 0.223633 0.741211 0.085938 0.085938
0 0.233887 0.642578 0.084961 0.085938
0 0.234375 0.527344 0.085938 0.085938
0 0.240723 0.407227 0.084961 0.085938
0 0.239746 0.310547 0.084961 0.085938
0 0.137695 0.358398 0.097656 0.097656
0 0.136230 0.478516 0.084961 0.085938
0 0.135742 0.582520 0.097656 0.098633
0 0.130859 0.689941 0.097656 0.098633
0 0.127930 0.787598 0.097656 0.098633
0 0.134277 0.914062 0.122070 0.123047
0 0.598145 0.217773 0.084961 0.085938
0 0.599121 0.311035 0.122070 0.122070
0 0.595215 0.429688 0.122070 0.123047
0 0.601562 0.533203 0.085938 0.085938
0 0.595215 0.650391 0.122070 0.123047
0 0.592285 0.754883 0.122070 0.123047
0 0.593262 0.861328 0.122070 0.123047
0 0.685059 0.817383 0.122070 0.123047
0 0.692871 0.926758 0.122070 0.123047
0 0.687988 0.694824 0.122070 0.122070
0 0.692871 0.594727 0.122070 0.123047
0 0.689941 0.481445 0.122070 0.123047
0 0.698730 0.369629 0.084961 0.086914
0 0.693848 0.243164 0.084961 0.085938
0 0.799805 0.317383 0.085938 0.085938
0 0.804688 0.429688 0.085938 0.085938
0 0.792969 0.539062 0.085938 0.085938
0 0.796875 0.653320 0.085938 0.085938
0 0.795410 0.769531 0.084961 0.085938
1 0.790039 0.867676 0.060547 0.061523
0 0.867676 0.903320 0.122070 0.123047
0 0.874023 0.813477 0.109375 0.111328
1 0.880859 0.700195 0.085938 0.085938
0 0.885742 0.578125 0.097656 0.097656
0 0.882324 0.457031 0.084961 0.085938
0 0.890137 0.272461 0.084961 0.085938