0 0.462891 0.512695 0.048828 0.048828
0 0.457520 0.617676 0.061523 0.061523
0 0.462402 0.415527 0.061523 0.061523
0 0.460938 0.302246 0.060547 0.061523
0 0.460449 0.731934 0.061523 0.061523
0 0.454102 0.946777 0.060547 0.061523
0 0.458008 0.832520 0.060547 0.061523
0 0.533203 0.912109 0.048828 0.048828
0 0.955078 0.378906 0.048828 0.048828
0 0.845703 0.325195 0.048828 0.048828
0 0.552734 0.249023 0.048828 0.048828
0 0.541504 0.572754 0.047852 0.049805
0 0.953125 0.493652 0.048828 0.049805
0 0.641113 0.625977 0.073242 0.074219
0 0.754883 0.367188 0.048828 0.048828
0 0.761230 0.486816 0.061523 0.061523
0 0.840820 0.538086 0.048828 0.048828
0 0.548828 0.360840 0.060547 0.061523
0 0.646484 0.514160 0.060547 0.061523
0 0.538574 0.801270 0.073242 0.073242
0 0.646973 0.846191 0.061523 0.061523
0 0.648926 0.425781 0.061523 0.060547
0 0.654297 0.307129 0.060547 0.061523
0 0.085449 0.804199 0.061523 0.061523
0 0.102539 0.709473 0.060547 0.061523
0 0.377441 0.457520 0.061523 0.061523
0 0.286133 0.322266 0.037109 0.037109
0 0.270996 0.968262 0.061523 0.061523
0 0.375977 0.357910 0.048828 0.049805
0 0.097656 0.251953 0.037109 0.037109
0 0.373535 0.584473 0.061523 0.061523
0 0.370117 0.676758 0.048828 0.048828
0 0.378418 0.262207 0.061523 0.061523
0 0.197754 0.143066 0.073242 0.073242
0 0.459473 0.206055 0.073242 0.074219
0 0.199219 0.050293 0.048828 0.049805
0 0.462891 0.104492 0.048828 0.048828
0 0.554688 0.046875 0.048828 0.048828
0 0.651855 0.095215 0.061523 0.061523
0 0.553223 0.148926 0.061523 0.061523
0 0.750977 0.040527 0.048828 0.049805
0 0.953125 0.162598 0.048828 0.049805
0 0.847656 0.208008 0.048828 0.048828
0 0.101074 0.151855 0.122070 0.122070
0 0.963379 0.028809 0.024414 0.024414
0 0.849609 0.100586 0.037109 0.037109
0 0.952637 0.266113 0.024414 0.024414
0 0.775391 0.604004 0.048828 0.049805
0 0.756348 0.259277 0.024414 0.024414
0 0.756348 0.145996 0.024414 0.024414
0 0.653809 0.198730 0.024414 0.024414
0 0.545410 0.477539 0.036133 0.037109
0 0.541504 0.679688 0.084961 0.085938
0 0.835938 0.638184 0.048828 0.049805
0 0.841309 0.969238 0.024414 0.024414
0 0.838379 0.765137 0.024414 0.024414
0 0.640625 0.961914 0.037109 0.037109
0 0.764160 0.936523 0.036133 0.037109
0 0.644043 0.713379 0.024414 0.024414
0 0.276855 0.089355 0.036133 0.036133
0 0.383789 0.045898 0.037109 0.037109
0 0.382812 0.156738 0.048828 0.049805
0 0.280762 0.196777 0.036133 0.036133
0 0.279297 0.420898 0.037109 0.037109
0 0.277344 0.537109 0.037109 0.037109
0 0.279297 0.641602 0.037109 0.037109
0 0.275391 0.739258 0.037109 0.037109
0 0.200195 0.362305 0.048828 0.048828
0 0.091309 0.373047 0.036133 0.037109
0 0.103027 0.499023 0.036133 0.037109
0 0.102539 0.582031 0.048828 0.048828
0 0.196289 0.475098 0.060547 0.061523
0 0.184082 0.790039 0.036133 0.037109
0 0.179688 0.918457 0.048828 0.049805
0 0.093750 0.916504 0.048828 0.049805