0 0.384766 0.670410 0.060547 0.061523
0 0.090820 0.820312 0.085938 0.085938
0 0.287109 0.747559 0.060547 0.061523
0 0.285645 0.849609 0.073242 0.074219
0 0.190430 0.671875 0.048828 0.048828
0 0.668945 0.474609 0.048828 0.048828
0 0.570801 0.563965 0.061523 0.061523
0 0.479004 0.519043 0.061523 0.061523
0 0.762695 0.798340 0.060547 0.061523
0 0.670898 0.924316 0.048828 0.049805
0 0.854492 0.896973 0.060547 0.061523
0 0.768066 0.464844 0.036133 0.037109
0 0.572754 0.794434 0.061523 0.061523
0 0.849609 0.439453 0.037109 0.037109
0 0.760742 0.570312 0.048828 0.048828
0 0.668945 0.809082 0.048828 0.049805
0 0.493164 0.732910 0.048828 0.049805
0 0.949707 0.330566 0.073242 0.073242
0 0.951172 0.237793 0.048828 0.049805
0 0.859375 0.062012 0.109375 0.110352
0 0.858887 0.164551 0.110352 0.110352
0 0.853027 0.339355 0.122070 0.122070
0 0.753906 0.351074 0.097656 0.098633
0 0.750488 0.248535 0.110352 0.110352
0 0.759766 0.121582 0.097656 0.098633
0 0.661133 0.120605 0.097656 0.098633
0 0.661621 0.260742 0.122070 0.123047
0 0.661133 0.395020 0.109375 0.110352
0 0.573242 0.123535 0.097656 0.098633
0 0.571777 0.227539 0.122070 0.123047
0 0.572266 0.345215 0.097656 0.098633
0 0.477051 0.413086 0.110352 0.111328
0 0.463867 0.071777 0.097656 0.098633
0 0.475586 0.185059 0.097656 0.098633
0 0.467773 0.291016 0.097656 0.097656
0 0.379883 0.119629 0.097656 0.098633
0 0.382812 0.231445 0.097656 0.097656
0 0.379883 0.344727 0.109375 0.111328
0 0.385742 0.440430 0.085938 0.085938
0 0.303223 0.125000 0.122070 0.123047
0 0.291992 0.266602 0.109375 0.111328
0 0.288574 0.388672 0.122070 0.123047
0 0.296387 0.497070 0.122070 0.123047
0 0.187500 0.114258 0.097656 0.097656
0 0.196289 0.219727 0.097656 0.097656
0 0.190430 0.347168 0.097656 0.098633
0 0.192871 0.449707 0.110352 0.110352
0 0.101562 0.059570 0.097656 0.097656
0 0.100098 0.190918 0.110352 0.110352
0 0.096680 0.294434 0.097656 0.098633
0 0.091797 0.400879 0.097656 0.098633
0 0.096680 0.520996 0.085938 0.086914
0 0.090332 0.614258 0.084961 0.085938
0 0.089844 0.728027 0.097656 0.098633
0 0.952148 0.549805 0.048828 0.048828
0 0.843262 0.560547 0.036133 0.037109
0 0.854980 0.686523 0.036133 0.037109
0 0.854492 0.769531 0.048828 0.048828
0 0.948242 0.662598 0.060547 0.061523
0 0.759766 0.679688 0.037109 0.037109
0 0.662109 0.730469 0.048828 0.048828
0 0.665039 0.625977 0.037109 0.037109
0 0.572266 0.469727 0.048828 0.048828
0 0.567383 0.677246 0.048828 0.049805
0 0.494141 0.824707 0.048828 0.049805
0 0.489746 0.633301 0.061523 0.061523
0 0.375977 0.558105 0.048828 0.049805
0 0.291016 0.620605 0.060547 0.061523
0 0.289551 0.945312 0.024414 0.025391
0 0.390625 0.889648 0.048828 0.048828
0 0.384766 0.771973 0.048828 0.049805
0 0.568359 0.895996 0.048828 0.049805
0 0.761719 0.895996 0.048828 0.049805
0 0.936035 0.977539 0.036133 0.037109
0 0.380371 0.981934 0.024414 0.024414
0 0.184570 0.895508 0.048828 0.048828
0 0.093750 0.926758 0.048828 0.048828
1 0.191406 0.574219 0.048828 0.048828
0 0.192871 0.784668 0.024414 0.024414