0 0.189941 0.752441 0.061523 0.061523
0 0.129395 0.124512 0.110352 0.110352
0 0.122070 0.255371 0.097656 0.098633
0 0.120605 0.367676 0.110352 0.110352
0 0.213379 0.305664 0.084961 0.085938
0 0.216797 0.204590 0.097656 0.098633
0 0.214844 0.086426 0.097656 0.098633
0 0.315430 0.142578 0.085938 0.085938
0 0.318359 0.241699 0.097656 0.098633
0 0.314453 0.363770 0.097656 0.098633
0 0.408691 0.302734 0.122070 0.123047
0 0.405762 0.198242 0.122070 0.123047
0 0.405762 0.079102 0.122070 0.123047
0 0.504395 0.150391 0.122070 0.123047
0 0.496582 0.254395 0.110352 0.110352
0 0.497559 0.365234 0.122070 0.123047
0 0.600586 0.303223 0.109375 0.110352
0 0.606445 0.194336 0.097656 0.097656
0 0.597168 0.089844 0.122070 0.123047
0 0.692871 0.141602 0.122070 0.123047
0 0.688965 0.250000 0.122070 0.123047
0 0.687500 0.367676 0.109375 0.110352
0 0.794434 0.293945 0.122070 0.123047
0 0.787598 0.198242 0.122070 0.123047
0 0.790039 0.065918 0.097656 0.098633
0 0.879395 0.140625 0.122070 0.123047
0 0.875488 0.245117 0.122070 0.123047
0 0.871582 0.363281 0.122070 0.123047
0 0.878906 0.466309 0.097656 0.098633
0 0.881836 0.578125 0.097656 0.097656
0 0.878906 0.691406 0.109375 0.111328
0 0.884766 0.787109 0.085938 0.085938
0 0.802246 0.471680 0.122070 0.123047
0 0.791016 0.613281 0.109375 0.111328
0 0.787598 0.735352 0.122070 0.123047
0 0.795410 0.843750 0.122070 0.123047
0 0.686523 0.460938 0.097656 0.097656
0 0.695312 0.566406 0.097656 0.097656
0 0.689453 0.693848 0.097656 0.098633
0 0.691895 0.796387 0.110352 0.110352
0 0.600586 0.406250 0.097656 0.097656
0 0.599121 0.537598 0.110352 0.110352
0 0.595703 0.641113 0.097656 0.098633
0 0.590820 0.747559 0.097656 0.098633
0 0.595703 0.867676 0.085938 0.086914
0 0.498535 0.470215 0.110352 0.110352
0 0.495605 0.585449 0.110352 0.110352
0 0.495605 0.693848 0.122070 0.122070
0 0.495605 0.810059 0.122070 0.122070
0 0.402344 0.416504 0.109375 0.110352
0 0.398438 0.514160 0.097656 0.098633
0 0.409180 0.628418 0.097656 0.098633
0 0.406250 0.744629 0.097656 0.098633
0 0.403320 0.869629 0.097656 0.098633
0 0.303711 0.470215 0.097656 0.098633
0 0.305664 0.573730 0.097656 0.098633
0 0.310547 0.691895 0.097656 0.098633
0 0.214355 0.410645 0.084961 0.086914
0 0.104492 0.467285 0.048828 0.049805
0 0.501953 0.916992 0.085938 0.085938
0 0.212891 0.971191 0.048828 0.049805
0 0.875000 0.904785 0.048828 0.049805
0 0.790039 0.967285 0.060547 0.061523
1 0.690430 0.920898 0.048828 0.048828
0 0.298340 0.918945 0.036133 0.037109
0 0.218262 0.853516 0.036133 0.037109
0 0.115234 0.908203 0.037109 0.037109
0 0.051758 0.551758 0.037109 0.037109
0 0.102051 0.677734 0.036133 0.037109
0 0.209961 0.533203 0.037109 0.037109
0 0.020508 0.737305 0.037109 0.037109
0 0.114746 0.778809 0.024414 0.024414
0 0.304688 0.804688 0.037109 0.037109