0 0.903320 0.136230 0.097656 0.098633
0 0.895996 0.247070 0.122070 0.123047
0 0.903809 0.355469 0.122070 0.123047
0 0.802246 0.291992 0.122070 0.123047
0 0.807617 0.175781 0.097656 0.097656
0 0.806152 0.067383 0.122070 0.123047
0 0.712402 0.130859 0.122070 0.123047
0 0.710449 0.248047 0.122070 0.123047
0 0.700684 0.360352 0.122070 0.123047
0 0.620605 0.070312 0.110352 0.111328
1 0.614258 0.188965 0.109375 0.110352
0 0.613281 0.302246 0.109375 0.110352
0 0.522461 0.354004 0.109375 0.110352
0 0.522461 0.232910 0.109375 0.110352
0 0.529297 0.133301 0.109375 0.110352
0 0.422852 0.069824 0.109375 0.110352
0 0.420410 0.192871 0.110352 0.110352
0 0.414551 0.296387 0.110352 0.110352
0 0.328613 0.355957 0.110352 0.110352
0 0.318848 0.242676 0.110352 0.110352
0 0.328613 0.129395 0.110352 0.110352
0 0.242188 0.074707 0.097656 0.098633
0 0.233887 0.193848 0.073242 0.073242
0 0.234375 0.300293 0.097656 0.098633
0 0.140625 0.361328 0.097656 0.097656
0 0.061035 0.308594 0.036133 0.037109
0 0.143555 0.119141 0.085938 0.085938
0 0.141602 0.244141 0.085938 0.085938
0 0.621094 0.408691 0.109375 0.110352
0 0.424316 0.404785 0.110352 0.110352
0 0.326172 0.469238 0.109375 0.110352
0 0.222168 0.417969 0.122070 0.123047
0 0.134277 0.480469 0.073242 0.074219
0 0.229492 0.519043 0.109375 0.110352
0 0.529785 0.473145 0.110352 0.110352
0 0.229004 0.618164 0.084961 0.085938
0 0.215332 0.730469 0.122070 0.123047
0 0.223633 0.854004 0.097656 0.098633
0 0.322266 0.573730 0.109375 0.110352
0 0.324219 0.686035 0.097656 0.098633
0 0.324219 0.801270 0.109375 0.110352
0 0.317871 0.902832 0.110352 0.110352
0 0.419434 0.517090 0.110352 0.110352
0 0.419434 0.627441 0.110352 0.110352
0 0.422363 0.744629 0.122070 0.122070
0 0.419922 0.854004 0.097656 0.098633
0 0.515137 0.566895 0.110352 0.110352
0 0.507812 0.686035 0.097656 0.098633
0 0.509766 0.800293 0.097656 0.098633
0 0.507812 0.910645 0.097656 0.098633
0 0.606445 0.519531 0.109375 0.111328
0 0.608398 0.629395 0.109375 0.110352
0 0.615723 0.744141 0.122070 0.123047
0 0.626465 0.850098 0.110352 0.110352
0 0.716309 0.465820 0.122070 0.123047
0 0.714355 0.557617 0.122070 0.123047
0 0.709473 0.689453 0.122070 0.123047
0 0.709473 0.801758 0.122070 0.123047
0 0.804199 0.406250 0.122070 0.123047
0 0.808105 0.502930 0.122070 0.123047
0 0.804199 0.621094 0.122070 0.123047
0 0.794434 0.731445 0.122070 0.123047
0 0.800781 0.850098 0.109375 0.110352
0 0.892090 0.900879 0.110352 0.110352
0 0.888184 0.785156 0.110352 0.111328
0 0.899902 0.680664 0.110352 0.111328
0 0.894043 0.459961 0.122070 0.123047
0 0.902832 0.570801 0.110352 0.110352
0 0.794922 0.954102 0.048828 0.048828
0 0.615234 0.968750 0.048828 0.048828
0 0.715820 0.901367 0.048828 0.048828
0 0.228516 0.954590 0.037109 0.036133
0 0.126465 0.935547 0.036133 0.037109
0 0.046875 0.960938 0.037109 0.037109
0 0.047852 0.844727 0.037109 0.037109