0 0.423340 0.864746 0.061523 0.061523
0 0.264648 0.090820 0.097656 0.097656
0 0.252930 0.213867 0.097656 0.097656
0 0.256836 0.302246 0.097656 0.098633
0 0.154297 0.369629 0.097656 0.098633
0 0.167969 0.250977 0.085938 0.085938
0 0.161133 0.145508 0.085938 0.085938
0 0.067383 0.100098 0.097656 0.098633
0 0.067383 0.191895 0.097656 0.098633
0 0.060547 0.308105 0.097656 0.098633
0 0.067871 0.414551 0.084961 0.086914
0 0.359863 0.134277 0.122070 0.122070
0 0.362793 0.236816 0.110352 0.110352
0 0.355469 0.367676 0.097656 0.098633
0 0.252930 0.416992 0.085938 0.085938
0 0.354004 0.479980 0.110352 0.110352
0 0.446777 0.417969 0.084961 0.085938
0 0.450195 0.316895 0.097656 0.098633
0 0.448242 0.198730 0.097656 0.098633
0 0.453125 0.089355 0.097656 0.098633
0 0.558594 0.130371 0.097656 0.098633
0 0.548828 0.254883 0.085938 0.085938
0 0.551758 0.354004 0.097656 0.098633
0 0.547852 0.476074 0.097656 0.098633
0 0.642090 0.415039 0.122070 0.123047
0 0.639160 0.310547 0.122070 0.123047
0 0.639160 0.191406 0.122070 0.123047
0 0.636230 0.091797 0.110352 0.111328
0 0.736816 0.136719 0.122070 0.123047
0 0.737793 0.262695 0.122070 0.123047
0 0.729980 0.366699 0.110352 0.110352
0 0.730957 0.477539 0.122070 0.123047
0 0.833984 0.415527 0.109375 0.110352
0 0.839844 0.306641 0.097656 0.097656
0 0.830566 0.202148 0.122070 0.123047
0 0.831543 0.094727 0.122070 0.123047
0 0.933105 0.132324 0.110352 0.110352
0 0.926270 0.253906 0.122070 0.123047
0 0.922363 0.362305 0.122070 0.123047
0 0.920898 0.479980 0.109375 0.110352
0 0.919922 0.573242 0.097656 0.097656
0 0.928711 0.678711 0.097656 0.097656
0 0.922852 0.806152 0.097656 0.098633
0 0.925293 0.908691 0.110352 0.110352
0 0.833984 0.518555 0.097656 0.097656
0 0.832520 0.649902 0.110352 0.110352
0 0.829102 0.753418 0.097656 0.098633
0 0.824219 0.859863 0.097656 0.098633
0 0.731934 0.582520 0.110352 0.110352
0 0.729004 0.697754 0.110352 0.110352
0 0.729004 0.806152 0.122070 0.122070
0 0.729004 0.922363 0.122070 0.122070
0 0.635742 0.528809 0.109375 0.110352
0 0.631836 0.626465 0.097656 0.098633
0 0.642578 0.740723 0.097656 0.098633
0 0.639648 0.856934 0.097656 0.098633
0 0.537109 0.582520 0.097656 0.098633
0 0.539062 0.686035 0.097656 0.098633
0 0.543945 0.804199 0.097656 0.098633
0 0.447754 0.522949 0.084961 0.086914
0 0.337891 0.579590 0.048828 0.049805
0 0.256836 0.537598 0.097656 0.098633
0 0.451660 0.965820 0.036133 0.037109
0 0.069824 0.871582 0.036133 0.036133
0 0.136719 0.707031 0.037109 0.037109
0 0.285156 0.664062 0.037109 0.037109
0 0.335449 0.790039 0.036133 0.037109
0 0.443359 0.645508 0.037109 0.037109
0 0.253906 0.849609 0.037109 0.037109
0 0.348145 0.891113 0.024414 0.024414
0 0.039551 0.751953 0.036133 0.037109
0 0.197754 0.967285 0.036133 0.036133
0 0.538086 0.916992 0.037109 0.037109
0 0.162109 0.478516 0.097656 0.097656