0 0.152344 0.031250 0.048828 0.048828
0 0.139648 0.777832 0.060547 0.061523
0 0.248047 0.694824 0.060547 0.061523
0 0.324707 0.746582 0.061523 0.061523
0 0.437012 0.723145 0.061523 0.061523
0 0.051758 0.753906 0.048828 0.048828
0 0.529297 0.715820 0.048828 0.048828
0 0.149414 0.595215 0.060547 0.061523
0 0.056152 0.199707 0.061523 0.061523
0 0.054199 0.544434 0.061523 0.061523
0 0.058105 0.642090 0.061523 0.061523
0 0.150879 0.137207 0.061523 0.061523
0 0.340820 0.550781 0.048828 0.048828
0 0.260742 0.575195 0.048828 0.048828
0 0.151367 0.235840 0.048828 0.049805
0 0.150391 0.336426 0.048828 0.049805
0 0.445312 0.545898 0.048828 0.048828
0 0.346680 0.417969 0.048828 0.048828
0 0.441406 0.628906 0.048828 0.048828
0 0.525391 0.627930 0.048828 0.048828
0 0.045410 0.961426 0.061523 0.061523
0 0.435059 0.817871 0.061523 0.061523
0 0.250000 0.906738 0.060547 0.061523
0 0.139160 0.861816 0.061523 0.061523
0 0.137207 0.966309 0.061523 0.061523
0 0.247070 0.812988 0.060547 0.061523
0 0.055176 0.868652 0.061523 0.061523
0 0.333984 0.850098 0.060547 0.061523
0 0.338867 0.945801 0.060547 0.061523
0 0.520020 0.911621 0.061523 0.061523
0 0.519531 0.809082 0.060547 0.061523
0 0.436035 0.896973 0.061523 0.061523
0 0.442383 0.974121 0.048828 0.049805
0 0.928711 0.782227 0.048828 0.048828
0 0.595703 0.960938 0.048828 0.048828
0 0.605469 0.858398 0.048828 0.048828
0 0.931641 0.680664 0.048828 0.048828
0 0.842773 0.735352 0.048828 0.048828
0 0.447266 0.449219 0.037109 0.037109
0 0.337891 0.652344 0.048828 0.048828
0 0.263672 0.459961 0.037109 0.037109
0 0.641602 0.051758 0.048828 0.048828
0 0.639648 0.158203 0.048828 0.048828
0 0.632812 0.254883 0.037109 0.037109
0 0.633789 0.343750 0.037109 0.037109
0 0.726562 0.092773 0.048828 0.048828
0 0.728516 0.206543 0.060547 0.061523
0 0.718750 0.327148 0.037109 0.037109
0 0.793457 0.224121 0.061523 0.061523
0 0.785156 0.323242 0.048828 0.048828
0 0.932129 0.158691 0.024414 0.024414
0 0.932129 0.265625 0.036133 0.037109
0 0.262695 0.093750 0.048828 0.048828
0 0.260742 0.181641 0.048828 0.048828
0 0.265137 0.285645 0.036133 0.036133
0 0.258789 0.367676 0.048828 0.049805
0 0.353516 0.304688 0.037109 0.037109
0 0.415527 0.267578 0.036133 0.037109
0 0.363281 0.194336 0.037109 0.037109
0 0.369141 0.072266 0.037109 0.037109
0 0.936523 0.046387 0.037109 0.036133
0 0.574707 0.091797 0.036133 0.037109
0 0.067871 0.098145 0.036133 0.036133
0 0.058105 0.306641 0.036133 0.037109
0 0.579102 0.207031 0.048828 0.048828