0 0.543457 0.584961 0.073242 0.074219
0 0.913086 0.565918 0.048828 0.049805
0 0.827148 0.578613 0.060547 0.061523
0 0.476562 0.863281 0.048828 0.048828
0 0.472656 0.970703 0.048828 0.048828
0 0.828125 0.786621 0.060547 0.061523
0 0.913086 0.689941 0.060547 0.061523
0 0.831055 0.673340 0.060547 0.061523
0 0.472168 0.747559 0.061523 0.061523
0 0.658203 0.846680 0.048828 0.048828
0 0.546875 0.912109 0.037109 0.037109
0 0.657227 0.752930 0.048828 0.048828
0 0.834961 0.880859 0.048828 0.048828
0 0.747070 0.917969 0.060547 0.060547
0 0.547363 0.797852 0.073242 0.074219
0 0.750488 0.841309 0.061523 0.061523
0 0.903320 0.912109 0.048828 0.048828
0 0.547363 0.696289 0.073242 0.074219
0 0.076172 0.176758 0.085938 0.085938
0 0.272461 0.104004 0.060547 0.061523
0 0.270996 0.206055 0.073242 0.074219
0 0.175781 0.028320 0.048828 0.048828
0 0.269531 0.844238 0.048828 0.049805
0 0.359863 0.792480 0.061523 0.061523
0 0.158203 0.887207 0.060547 0.061523
0 0.266602 0.942871 0.048828 0.049805
0 0.162109 0.807129 0.060547 0.061523
0 0.266602 0.746094 0.037109 0.037109
0 0.355469 0.907715 0.048828 0.049805
0 0.162109 0.685059 0.048828 0.049805
0 0.368652 0.690430 0.036133 0.037109
0 0.668457 0.474121 0.061523 0.061523
0 0.822754 0.348145 0.061523 0.061523
0 0.748047 0.154785 0.060547 0.061523
0 0.552734 0.480469 0.048828 0.048828
0 0.656250 0.280762 0.048828 0.049805
0 0.839844 0.253418 0.060547 0.061523
0 0.558105 0.150879 0.061523 0.061523
0 0.654297 0.165527 0.048828 0.049805
0 0.478516 0.089355 0.048828 0.049805
0 0.075195 0.084473 0.097656 0.098633
0 0.840332 0.042969 0.036133 0.037109
0 0.839844 0.125977 0.048828 0.048828
0 0.745117 0.036133 0.037109 0.037109
0 0.647461 0.086914 0.048828 0.048828
0 0.552734 0.033691 0.048828 0.049805
0 0.479492 0.181152 0.048828 0.049805
0 0.274902 0.301758 0.024414 0.025391
0 0.375977 0.246094 0.048828 0.048828
0 0.370117 0.128418 0.048828 0.049805
0 0.553711 0.252441 0.048828 0.049805
0 0.747070 0.252441 0.048828 0.049805
0 0.921387 0.333984 0.036133 0.037109
0 0.916992 0.462402 0.048828 0.049805
0 0.831055 0.460449 0.048828 0.049805
0 0.902344 0.793945 0.037109 0.037109
0 0.750977 0.437988 0.048828 0.049805
0 0.745605 0.541504 0.061523 0.061523
0 0.749023 0.622070 0.048828 0.048828
0 0.750977 0.704102 0.048828 0.048828
0 0.659180 0.641602 0.048828 0.048828
0 0.664062 0.548828 0.048828 0.048828
0 0.661133 0.381348 0.048828 0.049805
0 0.548828 0.366211 0.048828 0.048828
0 0.475098 0.409668 0.024414 0.024414
0 0.479980 0.534668 0.024414 0.024414
0 0.481934 0.649414 0.024414 0.025391
0 0.365723 0.576660 0.024414 0.024414
0 0.365723 0.338379 0.024414 0.024414
0 0.658691 0.933105 0.024414 0.024414
0 0.062988 0.728027 0.024414 0.024414
0 0.062988 0.834961 0.036133 0.037109
0 0.169922 0.251953 0.048828 0.048828
0 0.172852 0.363281 0.048828 0.048828
0 0.067383 0.615723 0.037109 0.036133
0 0.072266 0.499023 0.048828 0.048828
0 0.072266 0.394531 0.048828 0.048828
0 0.079102 0.283203 0.048828 0.048828
0 0.178223 0.141113 0.024414 0.024414
0 0.273926 0.522949 0.024414 0.024414
0 0.157715 0.610352 0.036133 0.037109