0 0.080566 0.747070 0.036133 0.037109
0 0.455566 0.555176 0.061523 0.061523
0 0.955078 0.821289 0.048828 0.048828
0 0.186523 0.060059 0.097656 0.098633
0 0.100098 0.104980 0.084961 0.086914
0 0.387695 0.058105 0.097656 0.098633
0 0.285156 0.107422 0.085938 0.085938
0 0.386230 0.170410 0.110352 0.110352
0 0.479004 0.108398 0.084961 0.085938
0 0.580078 0.166504 0.097656 0.098633
0 0.674316 0.105469 0.122070 0.123047
0 0.762207 0.057129 0.110352 0.110352
0 0.763184 0.167969 0.122070 0.123047
0 0.866211 0.105957 0.109375 0.110352
0 0.866211 0.208984 0.097656 0.097656
0 0.864746 0.340332 0.110352 0.110352
0 0.861328 0.443848 0.097656 0.098633
0 0.856445 0.550293 0.097656 0.098633
0 0.861328 0.670410 0.085938 0.086914
0 0.764160 0.272949 0.110352 0.110352
0 0.761230 0.388184 0.110352 0.110352
0 0.761230 0.496582 0.122070 0.122070
0 0.761230 0.612793 0.122070 0.122070
0 0.667969 0.219238 0.109375 0.110352
0 0.664062 0.316895 0.097656 0.098633
0 0.674805 0.431152 0.097656 0.098633
0 0.671875 0.547363 0.097656 0.098633
0 0.668945 0.672363 0.097656 0.098633
0 0.569336 0.272949 0.097656 0.098633
0 0.571289 0.376465 0.097656 0.098633
0 0.576172 0.494629 0.097656 0.098633
0 0.479980 0.213379 0.084961 0.086914
0 0.370117 0.270020 0.048828 0.049805
0 0.289062 0.228027 0.097656 0.098633
0 0.854980 0.763672 0.084961 0.085938
0 0.854492 0.877441 0.097656 0.098633
0 0.749023 0.919922 0.085938 0.085938
0 0.760742 0.830078 0.085938 0.085938
0 0.767578 0.719727 0.085938 0.085938
0 0.676758 0.771973 0.097656 0.098633
0 0.481445 0.874512 0.060547 0.061523
0 0.478516 0.773926 0.048828 0.049805
0 0.488281 0.971191 0.037109 0.036133
1 0.956055 0.723633 0.048828 0.048828
0 0.957520 0.934082 0.024414 0.024414
0 0.563965 0.721680 0.036133 0.037109
0 0.483887 0.656250 0.036133 0.037109
0 0.380859 0.710938 0.037109 0.037109
0 0.283203 0.764160 0.037109 0.036133
0 0.183105 0.811035 0.036133 0.036133
0 0.161621 0.935547 0.036133 0.037109
0 0.277832 0.887207 0.036133 0.036133
0 0.396484 0.829590 0.048828 0.049805
0 0.397461 0.918457 0.037109 0.036133
0 0.658203 0.881836 0.048828 0.048828
0 0.565430 0.819336 0.048828 0.048828
0 0.565918 0.920898 0.036133 0.037109
0 0.102051 0.562012 0.036133 0.036133
0 0.168945 0.397461 0.037109 0.037109
0 0.317383 0.354492 0.037109 0.037109
0 0.367676 0.480469 0.036133 0.037109
0 0.475586 0.335938 0.037109 0.037109
0 0.286133 0.540039 0.037109 0.037109
0 0.380371 0.581543 0.024414 0.024414
0 0.071777 0.442383 0.036133 0.037109
0 0.067871 0.958984 0.036133 0.037109
0 0.229980 0.657715 0.036133 0.036133
0 0.570312 0.607422 0.037109 0.037109
0 0.194336 0.168945 0.097656 0.097656