0 0.101074 0.083984 0.110352 0.111328
0 0.285645 0.083984 0.122070 0.123047
0 0.649902 0.070801 0.110352 0.110352
0 0.845215 0.083984 0.122070 0.123047
0 0.562500 0.218750 0.037109 0.037109
0 0.933594 0.576660 0.109375 0.110352
0 0.933594 0.455566 0.109375 0.110352
0 0.940430 0.355957 0.109375 0.110352
0 0.936523 0.246094 0.109375 0.111328
0 0.940430 0.137695 0.109375 0.111328
0 0.834961 0.193848 0.109375 0.110352
0 0.833984 0.292480 0.109375 0.110352
0 0.831543 0.415527 0.110352 0.110352
0 0.825684 0.519043 0.110352 0.110352
0 0.739746 0.578613 0.110352 0.110352
0 0.729980 0.465332 0.110352 0.110352
0 0.739746 0.352051 0.110352 0.110352
0 0.744629 0.236816 0.110352 0.110352
0 0.741699 0.128906 0.122070 0.123047
0 0.666016 0.177246 0.109375 0.110352
0 0.653320 0.297363 0.097656 0.098633
0 0.645020 0.416504 0.073242 0.073242
0 0.645508 0.522949 0.097656 0.098633
0 0.551758 0.583984 0.097656 0.097656
0 0.472168 0.531250 0.036133 0.037109
0 0.554688 0.341797 0.085938 0.085938
0 0.552734 0.466797 0.085938 0.085938
0 0.473145 0.184082 0.122070 0.122070
0 0.375488 0.131836 0.122070 0.123047
0 0.369629 0.386230 0.110352 0.110352
0 0.274902 0.305664 0.122070 0.123047
0 0.277344 0.189941 0.109375 0.110352
0 0.277344 0.400391 0.109375 0.111328
0 0.280762 0.521484 0.122070 0.123047
0 0.279785 0.615234 0.122070 0.123047
0 0.184082 0.579590 0.110352 0.110352
0 0.184082 0.470703 0.122070 0.123047
0 0.190918 0.345703 0.122070 0.123047
0 0.183105 0.250977 0.122070 0.123047
0 0.186523 0.134277 0.109375 0.110352
0 0.097168 0.185547 0.110352 0.111328
0 0.090332 0.306641 0.122070 0.123047
0 0.100098 0.409668 0.110352 0.110352
0 0.098145 0.520996 0.110352 0.110352
0 0.086914 0.613770 0.097656 0.098633
0 0.564453 0.123047 0.085938 0.085938
0 0.835449 0.627441 0.110352 0.110352
0 0.737305 0.691895 0.109375 0.110352
0 0.633301 0.640625 0.122070 0.123047
0 0.545410 0.703125 0.073242 0.074219
0 0.640625 0.741699 0.109375 0.110352
0 0.940918 0.695801 0.110352 0.110352
0 0.183105 0.705078 0.122070 0.123047
0 0.092285 0.740234 0.122070 0.123047
0 0.274902 0.742188 0.122070 0.123047
0 0.089355 0.860352 0.122070 0.123047
0 0.179199 0.900391 0.122070 0.123047
0 0.182617 0.797852 0.097656 0.097656
0 0.278809 0.839844 0.122070 0.123047
0 0.640137 0.840820 0.084961 0.085938
0 0.733398 0.796387 0.109375 0.110352
0 0.735352 0.908691 0.097656 0.098633
0 0.830566 0.739746 0.110352 0.110352
0 0.830566 0.850098 0.110352 0.110352
0 0.926270 0.789551 0.110352 0.110352
0 0.918945 0.908691 0.097656 0.098633