0 0.100098 0.067871 0.122070 0.122070
0 0.205566 0.101562 0.122070 0.123047
0 0.489258 0.062500 0.109375 0.111328
0 0.578125 0.117188 0.109375 0.111328
0 0.682617 0.055176 0.097656 0.098633
0 0.865234 0.058105 0.109375 0.110352
0 0.770020 0.117676 0.110352 0.110352
0 0.857910 0.606445 0.110352 0.111328
0 0.860352 0.497070 0.097656 0.097656
0 0.862305 0.395020 0.109375 0.110352
0 0.867188 0.295410 0.109375 0.110352
0 0.866211 0.164551 0.109375 0.110352
0 0.772949 0.229980 0.110352 0.110352
0 0.768555 0.338867 0.097656 0.097656
0 0.770996 0.453125 0.110352 0.111328
0 0.770508 0.555664 0.097656 0.097656
0 0.674316 0.613281 0.073242 0.074219
0 0.677734 0.506836 0.085938 0.085938
0 0.679688 0.404297 0.085938 0.085938
0 0.687012 0.287109 0.084961 0.085938
0 0.673828 0.176270 0.097656 0.098633
0 0.582031 0.220703 0.109375 0.111328
0 0.583008 0.335938 0.109375 0.111328
0 0.580078 0.447754 0.109375 0.110352
0 0.583008 0.553223 0.097656 0.098633
0 0.493164 0.161133 0.109375 0.111328
0 0.491211 0.283203 0.109375 0.111328
0 0.490234 0.381348 0.097656 0.098633
0 0.496582 0.500977 0.122070 0.123047
0 0.492676 0.600098 0.110352 0.110352
0 0.389160 0.555176 0.110352 0.110352
0 0.392090 0.439941 0.110352 0.110352
0 0.394043 0.223145 0.110352 0.110352
0 0.392090 0.120117 0.122070 0.123047
0 0.393555 0.328125 0.048828 0.048828
0 0.301758 0.158691 0.097656 0.098633
0 0.308594 0.273926 0.097656 0.098633
0 0.297852 0.382324 0.109375 0.110352
0 0.301758 0.505371 0.097656 0.098633
0 0.307617 0.622559 0.109375 0.110352
0 0.202637 0.573242 0.122070 0.123047
0 0.200684 0.447754 0.122070 0.122070
0 0.202637 0.333496 0.122070 0.122070
0 0.206055 0.225098 0.109375 0.110352
0 0.110352 0.181152 0.109375 0.110352
0 0.104492 0.282715 0.097656 0.098633
0 0.111816 0.396484 0.122070 0.123047
0 0.110840 0.515625 0.122070 0.123047
0 0.110840 0.625000 0.122070 0.123047
0 0.107910 0.746582 0.122070 0.122070
0 0.107910 0.838867 0.122070 0.123047
0 0.284668 0.731445 0.122070 0.123047
0 0.289551 0.839355 0.122070 0.122070
0 0.194824 0.895020 0.110352 0.110352
0 0.195801 0.783691 0.110352 0.110352
0 0.208496 0.671387 0.110352 0.110352
0 0.393555 0.878418 0.109375 0.110352
0 0.385742 0.777832 0.109375 0.110352
0 0.390625 0.670410 0.109375 0.110352
0 0.489746 0.716797 0.122070 0.123047
0 0.485840 0.829102 0.122070 0.123047
0 0.488281 0.934082 0.109375 0.110352
0 0.575684 0.893066 0.110352 0.110352
0 0.582520 0.775391 0.110352 0.111328
0 0.579590 0.670898 0.110352 0.111328
0 0.671875 0.717773 0.109375 0.111328
0 0.673828 0.829102 0.109375 0.111328
0 0.666992 0.937500 0.097656 0.097656
0 0.774902 0.883789 0.122070 0.123047
0 0.773926 0.768555 0.073242 0.074219
0 0.765625 0.674316 0.097656 0.098633
0 0.858887 0.734375 0.122070 0.123047
0 0.858887 0.830566 0.110352 0.110352
0 0.855469 0.933594 0.097656 0.097656