0 0.516113 0.655273 0.073242 0.074219
0 0.885742 0.636230 0.048828 0.049805
0 0.799805 0.648926 0.060547 0.061523
0 0.449219 0.933594 0.048828 0.048828
0 0.800781 0.856934 0.060547 0.061523
0 0.885742 0.760254 0.060547 0.061523
0 0.803711 0.743652 0.060547 0.061523
0 0.444824 0.817871 0.061523 0.061523
0 0.630859 0.916992 0.048828 0.048828
0 0.629883 0.823242 0.048828 0.048828
0 0.807617 0.951172 0.048828 0.048828
0 0.520020 0.868164 0.073242 0.074219
0 0.723145 0.911621 0.061523 0.061523
0 0.520020 0.766602 0.073242 0.074219
0 0.342773 0.097168 0.060547 0.061523
0 0.048828 0.247070 0.085938 0.085938
0 0.245117 0.174316 0.060547 0.061523
0 0.243652 0.276367 0.073242 0.074219
0 0.148438 0.098633 0.048828 0.048828
0 0.242188 0.914551 0.048828 0.049805
0 0.332520 0.862793 0.061523 0.061523
0 0.130859 0.957520 0.060547 0.061523
0 0.134766 0.877441 0.060547 0.061523
0 0.239258 0.816406 0.037109 0.037109
0 0.134766 0.755371 0.048828 0.049805
0 0.341309 0.760742 0.036133 0.037109
0 0.641113 0.544434 0.061523 0.061523
0 0.795410 0.418457 0.061523 0.061523
0 0.720703 0.225098 0.060547 0.061523
0 0.525391 0.550781 0.048828 0.048828
0 0.628906 0.351074 0.048828 0.049805
0 0.812500 0.323730 0.060547 0.061523
0 0.530762 0.221191 0.061523 0.061523
0 0.626953 0.235840 0.048828 0.049805
0 0.451172 0.159668 0.048828 0.049805
0 0.812988 0.113281 0.036133 0.037109
0 0.812500 0.196289 0.048828 0.048828
0 0.906250 0.089355 0.060547 0.061523
0 0.717773 0.106445 0.037109 0.037109
0 0.620117 0.157227 0.048828 0.048828
0 0.623047 0.052734 0.037109 0.037109
0 0.525391 0.104004 0.048828 0.049805
0 0.452148 0.251465 0.048828 0.049805
0 0.447754 0.060059 0.061523 0.061523
0 0.249023 0.047363 0.060547 0.061523
0 0.247559 0.372070 0.024414 0.025391
0 0.348633 0.316406 0.048828 0.048828
0 0.342773 0.198730 0.048828 0.049805
0 0.526367 0.322754 0.048828 0.049805
0 0.719727 0.322754 0.048828 0.049805
0 0.894043 0.404297 0.036133 0.037109
0 0.889648 0.532715 0.048828 0.049805
0 0.975098 0.802246 0.036133 0.036133
0 0.803711 0.530762 0.048828 0.049805
0 0.875000 0.864258 0.037109 0.037109
0 0.723633 0.508301 0.048828 0.049805
0 0.718262 0.611816 0.061523 0.061523
0 0.721680 0.692383 0.048828 0.048828
0 0.723633 0.774414 0.048828 0.048828
0 0.631836 0.711914 0.048828 0.048828
0 0.636719 0.619141 0.048828 0.048828
0 0.633789 0.451660 0.048828 0.049805
0 0.521484 0.436523 0.048828 0.048828
0 0.447754 0.479980 0.024414 0.024414
0 0.452637 0.604980 0.024414 0.024414
0 0.454590 0.719727 0.024414 0.025391
0 0.338379 0.646973 0.024414 0.024414
0 0.338379 0.408691 0.024414 0.024414
0 0.035645 0.798340 0.024414 0.024414
0 0.035645 0.905273 0.036133 0.037109
0 0.142578 0.322266 0.048828 0.048828
0 0.145508 0.433594 0.048828 0.048828
0 0.040039 0.686035 0.037109 0.036133
0 0.044922 0.569336 0.048828 0.048828
0 0.044922 0.464844 0.048828 0.048828
0 0.051758 0.353516 0.048828 0.048828
0 0.150879 0.211426 0.024414 0.024414
0 0.246582 0.593262 0.024414 0.024414
0 0.130371 0.680664 0.036133 0.037109