0 0.027832 0.321289 0.036133 0.037109
0 0.402832 0.129395 0.061523 0.061523
0 0.802734 0.543945 0.085938 0.085938
0 0.902344 0.395508 0.048828 0.048828
0 0.673828 0.925293 0.048828 0.049805
0 0.902344 0.070801 0.097656 0.098633
0 0.904785 0.173340 0.110352 0.110352
0 0.803711 0.124512 0.097656 0.098633
0 0.808594 0.244629 0.085938 0.086914
0 0.708496 0.070801 0.122070 0.122070
0 0.708496 0.187012 0.122070 0.122070
0 0.619141 0.121582 0.097656 0.098633
0 0.616211 0.246582 0.097656 0.098633
0 0.523438 0.068848 0.097656 0.098633
0 0.802246 0.337891 0.084961 0.085938
0 0.801758 0.451660 0.097656 0.098633
0 0.696289 0.494141 0.085938 0.085938
0 0.708008 0.404297 0.085938 0.085938
0 0.714844 0.293945 0.085938 0.085938
0 0.624023 0.346191 0.097656 0.098633
0 0.428711 0.448730 0.060547 0.061523
0 0.425781 0.348145 0.048828 0.049805
0 0.896484 0.619141 0.048828 0.048828
0 0.899414 0.730469 0.048828 0.048828
0 0.798828 0.866211 0.048828 0.048828
0 0.798828 0.761719 0.048828 0.048828
0 0.805664 0.650391 0.048828 0.048828
0 0.687500 0.615723 0.023438 0.024414
0 0.681641 0.718750 0.048828 0.048828
0 0.670898 0.831543 0.037109 0.036133
0 0.602539 0.562500 0.048828 0.048828
0 0.602051 0.678223 0.024414 0.024414
0 0.595215 0.805176 0.024414 0.024414
0 0.588867 0.919434 0.048828 0.049805
0 0.509277 0.615723 0.036133 0.036133
0 0.509277 0.745605 0.024414 0.024414
0 0.503418 0.854980 0.024414 0.024414
0 0.435547 0.545410 0.037109 0.036133
0 0.438477 0.664551 0.048828 0.049805
0 0.432617 0.795898 0.037109 0.037109
0 0.434570 0.898438 0.048828 0.048828
0 0.345215 0.588379 0.036133 0.036133
1 0.903320 0.297852 0.048828 0.048828
0 0.904785 0.508301 0.024414 0.024414
0 0.511230 0.295898 0.036133 0.037109
0 0.431152 0.230469 0.036133 0.037109
0 0.328125 0.285156 0.037109 0.037109
0 0.230469 0.338379 0.037109 0.036133
0 0.130371 0.385254 0.036133 0.036133
0 0.108887 0.509766 0.036133 0.037109
0 0.225098 0.461426 0.036133 0.036133
0 0.343750 0.403809 0.048828 0.049805
0 0.344727 0.492676 0.037109 0.036133
0 0.605469 0.456055 0.048828 0.048828
0 0.512695 0.393555 0.048828 0.048828
0 0.513184 0.495117 0.036133 0.037109
0 0.049316 0.136230 0.036133 0.036133
0 0.314941 0.054688 0.036133 0.037109
0 0.233398 0.114258 0.037109 0.037109
0 0.327637 0.155762 0.024414 0.024414
0 0.177246 0.231934 0.036133 0.036133
0 0.517578 0.181641 0.037109 0.037109
0 0.884277 0.977539 0.036133 0.037109