0 0.058105 0.216309 0.073242 0.073242
0 0.152832 0.278809 0.073242 0.073242
0 0.061523 0.100586 0.060547 0.060547
0 0.237793 0.207520 0.073242 0.073242
0 0.160156 0.036621 0.060547 0.061523
0 0.333008 0.302734 0.085938 0.085938
0 0.243652 0.337402 0.073242 0.073242
0 0.334473 0.174805 0.073242 0.074219
0 0.336426 0.397461 0.084961 0.085938
0 0.239746 0.638672 0.073242 0.074219
0 0.236816 0.770996 0.073242 0.073242
0 0.334473 0.810059 0.073242 0.073242
0 0.234863 0.530273 0.073242 0.074219
0 0.343262 0.692871 0.073242 0.073242
0 0.240723 0.444336 0.073242 0.074219
0 0.434082 0.333984 0.073242 0.074219
0 0.432617 0.238770 0.060547 0.061523
0 0.627441 0.243164 0.084961 0.085938
0 0.337402 0.923828 0.073242 0.074219
0 0.426758 0.872559 0.060547 0.061523
0 0.938965 0.398438 0.084961 0.085938
0 0.518066 0.947754 0.061523 0.061523
0 0.132812 0.928711 0.097656 0.097656
0 0.325195 0.499023 0.097656 0.097656
0 0.327637 0.581055 0.084961 0.085938
0 0.422852 0.750000 0.085938 0.085938
0 0.430664 0.664551 0.097656 0.098633
0 0.429199 0.554688 0.122070 0.123047
0 0.429688 0.450684 0.109375 0.110352
1 0.150879 0.159668 0.061523 0.061523
0 0.147949 0.401367 0.084961 0.085938
0 0.149414 0.491211 0.085938 0.085938
0 0.140137 0.590820 0.084961 0.085938
0 0.146484 0.703125 0.085938 0.085938
0 0.062988 0.321777 0.084961 0.086914
0 0.057617 0.449219 0.085938 0.085938
0 0.054688 0.536133 0.085938 0.085938
0 0.048340 0.644531 0.084961 0.085938
0 0.051758 0.758789 0.085938 0.085938
0 0.232910 0.878906 0.084961 0.085938
0 0.140137 0.821289 0.122070 0.123047
0 0.336914 0.051758 0.048828 0.048828
0 0.245605 0.092773 0.073242 0.074219
0 0.936523 0.275879 0.097656 0.098633
0 0.932617 0.185059 0.097656 0.098633
0 0.824219 0.203125 0.085938 0.085938
0 0.627441 0.442383 0.122070 0.123047
1 0.623535 0.562012 0.110352 0.110352
0 0.621582 0.670898 0.122070 0.123047
0 0.500488 0.828125 0.084961 0.085938
0 0.537109 0.400391 0.109375 0.111328
0 0.519043 0.520020 0.122070 0.122070
0 0.526855 0.619141 0.122070 0.123047
0 0.523926 0.722656 0.122070 0.123047
0 0.721680 0.513672 0.109375 0.111328
0 0.721191 0.614258 0.122070 0.123047
0 0.720215 0.727051 0.122070 0.122070
0 0.717285 0.839844 0.122070 0.123047
0 0.626465 0.885742 0.122070 0.123047
0 0.803223 0.784180 0.122070 0.123047
0 0.814453 0.668457 0.097656 0.098633
0 0.815918 0.564453 0.084961 0.085938
0 0.811035 0.461914 0.084961 0.085938
0 0.812012 0.900391 0.122070 0.123047
0 0.905762 0.846680 0.122070 0.123047
0 0.915039 0.741699 0.097656 0.098633
1 0.933105 0.610352 0.073242 0.074219