0 0.063477 0.526855 0.048828 0.049805
0 0.158203 0.604980 0.048828 0.049805
0 0.055664 0.758301 0.048828 0.049805
0 0.156738 0.699707 0.036133 0.036133
0 0.148438 0.856934 0.048828 0.049805
0 0.048828 0.894531 0.048828 0.048828
0 0.153320 0.938477 0.048828 0.048828
0 0.237793 0.956055 0.036133 0.037109
0 0.612793 0.764160 0.061523 0.061523
0 0.442383 0.113281 0.097656 0.097656
0 0.446289 0.201660 0.097656 0.098633
0 0.343750 0.269043 0.097656 0.098633
0 0.357422 0.150391 0.085938 0.085938
0 0.350586 0.044922 0.085938 0.085938
0 0.256836 0.091309 0.097656 0.098633
0 0.250000 0.207520 0.097656 0.098633
0 0.257324 0.313965 0.084961 0.086914
0 0.161621 0.156738 0.110352 0.110352
0 0.062500 0.102051 0.109375 0.110352
0 0.058594 0.207520 0.109375 0.110352
0 0.552246 0.136230 0.110352 0.110352
0 0.544922 0.267090 0.097656 0.098633
0 0.442383 0.316406 0.085938 0.085938
0 0.543457 0.379395 0.110352 0.110352
0 0.636230 0.317383 0.084961 0.085938
0 0.639648 0.216309 0.097656 0.098633
0 0.637695 0.098145 0.097656 0.098633
0 0.738281 0.154297 0.085938 0.085938
0 0.741211 0.253418 0.097656 0.098633
0 0.737305 0.375488 0.097656 0.098633
0 0.831543 0.314453 0.122070 0.123047
0 0.828613 0.209961 0.122070 0.123047
0 0.828613 0.090820 0.122070 0.123047
0 0.927246 0.162109 0.122070 0.123047
0 0.919434 0.266113 0.110352 0.110352
0 0.920410 0.376953 0.122070 0.123047
0 0.921387 0.481934 0.110352 0.110352
0 0.918457 0.597168 0.110352 0.110352
0 0.918457 0.705566 0.122070 0.122070
0 0.918457 0.821777 0.122070 0.122070
0 0.825195 0.428223 0.109375 0.110352
0 0.821289 0.525879 0.097656 0.098633
0 0.832031 0.640137 0.097656 0.098633
0 0.829102 0.756348 0.097656 0.098633
0 0.826172 0.881348 0.097656 0.098633
0 0.726562 0.481934 0.097656 0.098633
0 0.728516 0.585449 0.097656 0.098633
0 0.733398 0.703613 0.097656 0.098633
0 0.637207 0.422363 0.084961 0.086914
0 0.527344 0.479004 0.048828 0.049805
0 0.446289 0.437012 0.097656 0.098633
0 0.924805 0.928711 0.085938 0.085938
0 0.721191 0.930664 0.036133 0.037109
0 0.641113 0.865234 0.036133 0.037109
0 0.538086 0.919922 0.037109 0.037109
0 0.440430 0.973145 0.037109 0.036133
0 0.068359 0.633301 0.048828 0.049805
0 0.259277 0.770996 0.036133 0.036133
0 0.326172 0.606445 0.037109 0.037109
0 0.474609 0.563477 0.037109 0.037109
0 0.524902 0.689453 0.036133 0.037109
0 0.632812 0.544922 0.037109 0.037109
0 0.443359 0.749023 0.037109 0.037109
0 0.537598 0.790527 0.024414 0.024414
0 0.229004 0.651367 0.036133 0.037109
0 0.387207 0.866699 0.036133 0.036133
0 0.727539 0.816406 0.037109 0.037109
0 0.351562 0.377930 0.097656 0.097656