0 0.177734 0.779785 0.048828 0.049805
0 0.091797 0.792480 0.060547 0.061523
0 0.456055 0.816895 0.048828 0.049805
0 0.177734 0.903809 0.060547 0.061523
0 0.095703 0.887207 0.060547 0.061523
0 0.266113 0.846191 0.061523 0.061523
0 0.464844 0.270508 0.048828 0.048828
0 0.459473 0.375488 0.061523 0.061523
0 0.464355 0.173340 0.061523 0.061523
0 0.462891 0.060059 0.060547 0.061523
0 0.462402 0.489746 0.061523 0.061523
0 0.456055 0.704590 0.060547 0.061523
0 0.459961 0.590332 0.060547 0.061523
0 0.535156 0.669922 0.048828 0.048828
0 0.957031 0.136719 0.048828 0.048828
0 0.847656 0.083008 0.048828 0.048828
0 0.543457 0.330566 0.047852 0.049805
0 0.955078 0.251465 0.048828 0.049805
0 0.643066 0.383789 0.073242 0.074219
0 0.756836 0.125000 0.048828 0.048828
0 0.763184 0.244629 0.061523 0.061523
0 0.842773 0.295898 0.048828 0.048828
0 0.550781 0.118652 0.060547 0.061523
0 0.648438 0.271973 0.060547 0.061523
0 0.540527 0.559082 0.073242 0.073242
0 0.648926 0.604004 0.061523 0.061523
0 0.650879 0.183594 0.061523 0.060547
0 0.656250 0.064941 0.060547 0.061523
0 0.531250 0.885254 0.048828 0.049805
0 0.087402 0.562012 0.061523 0.061523
0 0.104492 0.467285 0.060547 0.061523
0 0.379395 0.215332 0.061523 0.061523
0 0.288086 0.080078 0.037109 0.037109
0 0.272949 0.726074 0.061523 0.061523
0 0.377930 0.115723 0.048828 0.049805
0 0.375488 0.342285 0.061523 0.061523
0 0.372070 0.434570 0.048828 0.048828
0 0.954590 0.023926 0.024414 0.024414
0 0.777344 0.361816 0.048828 0.049805
0 0.758301 0.017090 0.024414 0.024414
0 0.547363 0.235352 0.036133 0.037109
0 0.543457 0.437500 0.084961 0.085938
0 0.837891 0.395996 0.048828 0.049805
0 0.843262 0.727051 0.024414 0.024414
0 0.840332 0.522949 0.024414 0.024414
0 0.642578 0.719727 0.037109 0.037109
0 0.766113 0.694336 0.036133 0.037109
0 0.645996 0.471191 0.024414 0.024414
0 0.835938 0.951172 0.037109 0.037109
0 0.761719 0.904297 0.037109 0.037109
0 0.644531 0.838867 0.037109 0.037109
0 0.643555 0.956055 0.037109 0.037109
0 0.454590 0.940430 0.036133 0.037109
0 0.536133 0.781250 0.048828 0.048828
0 0.757812 0.797852 0.037109 0.037109
0 0.281250 0.178711 0.037109 0.037109
0 0.279297 0.294922 0.037109 0.037109
0 0.281250 0.399414 0.037109 0.037109
0 0.277344 0.497070 0.037109 0.037109
0 0.202148 0.120117 0.048828 0.048828
0 0.093262 0.130859 0.036133 0.037109
0 0.104980 0.256836 0.036133 0.037109
0 0.104492 0.339844 0.048828 0.048828
0 0.198242 0.232910 0.060547 0.061523
0 0.186035 0.547852 0.036133 0.037109
0 0.181641 0.676270 0.048828 0.049805
0 0.267090 0.945801 0.036133 0.036133
0 0.366211 0.761719 0.037109 0.037109
0 0.095703 0.674316 0.048828 0.049805