0 0.031250 0.753418 0.048828 0.049805
0 0.029785 0.848145 0.036133 0.036133
0 0.485840 0.912598 0.061523 0.061523
0 0.327148 0.138672 0.097656 0.097656
0 0.315430 0.261719 0.097656 0.097656
0 0.319336 0.350098 0.097656 0.098633
0 0.216797 0.417480 0.097656 0.098633
0 0.230469 0.298828 0.085938 0.085938
0 0.223633 0.193359 0.085938 0.085938
0 0.228516 0.082031 0.097656 0.097656
0 0.129883 0.147949 0.097656 0.098633
0 0.129883 0.239746 0.097656 0.098633
0 0.123047 0.355957 0.097656 0.098633
0 0.130371 0.462402 0.084961 0.086914
0 0.427246 0.068359 0.122070 0.123047
0 0.422363 0.182129 0.122070 0.122070
0 0.425293 0.284668 0.110352 0.110352
0 0.417969 0.415527 0.097656 0.098633
0 0.315430 0.464844 0.085938 0.085938
0 0.416504 0.527832 0.110352 0.110352
0 0.509277 0.465820 0.084961 0.085938
0 0.512695 0.364746 0.097656 0.098633
0 0.510742 0.246582 0.097656 0.098633
0 0.515625 0.137207 0.097656 0.098633
0 0.602539 0.073242 0.097656 0.097656
0 0.621094 0.178223 0.097656 0.098633
0 0.611328 0.302734 0.085938 0.085938
0 0.614258 0.401855 0.097656 0.098633
0 0.610352 0.523926 0.097656 0.098633
0 0.704590 0.462891 0.122070 0.123047
0 0.701660 0.358398 0.122070 0.123047
0 0.701660 0.239258 0.122070 0.123047
0 0.698730 0.139648 0.110352 0.111328
0 0.809082 0.064453 0.122070 0.123047
0 0.799316 0.184570 0.122070 0.123047
0 0.800293 0.310547 0.122070 0.123047
0 0.792480 0.414551 0.110352 0.110352
0 0.793457 0.525391 0.122070 0.123047
0 0.896484 0.463379 0.109375 0.110352
0 0.902344 0.354492 0.097656 0.097656
0 0.893066 0.250000 0.122070 0.123047
0 0.894043 0.142578 0.122070 0.123047
0 0.896484 0.566406 0.097656 0.097656
0 0.895020 0.697754 0.110352 0.110352
0 0.891602 0.801270 0.097656 0.098633
0 0.886719 0.907715 0.097656 0.098633
0 0.794434 0.630371 0.110352 0.110352
0 0.791504 0.745605 0.110352 0.110352
0 0.791504 0.854004 0.122070 0.122070
0 0.698242 0.576660 0.109375 0.110352
0 0.694336 0.674316 0.097656 0.098633
0 0.705078 0.788574 0.097656 0.098633
0 0.702148 0.904785 0.097656 0.098633
0 0.599609 0.630371 0.097656 0.098633
0 0.601562 0.733887 0.097656 0.098633
0 0.606445 0.852051 0.097656 0.098633
0 0.510254 0.570801 0.084961 0.086914
0 0.400391 0.627441 0.048828 0.049805
0 0.319336 0.585449 0.097656 0.098633
0 0.132324 0.919434 0.036133 0.036133
0 0.199219 0.754883 0.037109 0.037109
0 0.347656 0.711914 0.037109 0.037109
0 0.397949 0.837891 0.036133 0.037109
0 0.505859 0.693359 0.037109 0.037109
0 0.316406 0.897461 0.037109 0.037109
0 0.410645 0.938965 0.024414 0.024414
0 0.102051 0.799805 0.036133 0.037109
0 0.600586 0.964844 0.037109 0.037109
0 0.224609 0.526367 0.097656 0.097656