0 0.599121 0.150391 0.073242 0.074219
0 0.128906 0.208496 0.060547 0.061523
0 0.595215 0.358887 0.061523 0.061523
0 0.588379 0.768555 0.073242 0.074219
0 0.320312 0.445801 0.048828 0.049805
0 0.419922 0.257812 0.048828 0.048828
0 0.107910 0.385254 0.073242 0.073242
0 0.128906 0.278809 0.048828 0.049805
0 0.423340 0.376465 0.061523 0.061523
0 0.230469 0.275879 0.060547 0.061523
0 0.518066 0.617676 0.061523 0.061523
0 0.320801 0.332520 0.061523 0.061523
0 0.221191 0.367676 0.073242 0.073242
0 0.960449 0.473145 0.061523 0.061523
0 0.682129 0.626953 0.084961 0.085938
0 0.878418 0.932617 0.122070 0.123047
0 0.876953 0.828613 0.109375 0.110352
0 0.877930 0.733887 0.097656 0.098633
0 0.875977 0.625488 0.097656 0.098633
0 0.779785 0.678711 0.122070 0.123047
0 0.783691 0.770020 0.122070 0.122070
0 0.778809 0.874512 0.110352 0.110352
0 0.683105 0.927734 0.084961 0.085938
0 0.681641 0.826172 0.085938 0.085938
0 0.694824 0.726074 0.110352 0.110352
0 0.592773 0.672363 0.085938 0.086914
0 0.593750 0.878906 0.085938 0.085938
0 0.509766 0.931152 0.109375 0.110352
0 0.504883 0.846191 0.109375 0.110352
0 0.510254 0.721680 0.110352 0.111328
0 0.418457 0.673828 0.122070 0.123047
0 0.415527 0.782715 0.110352 0.110352
0 0.406738 0.881348 0.110352 0.110352
0 0.311035 0.929688 0.110352 0.111328
0 0.326172 0.818848 0.097656 0.098633
0 0.321289 0.718750 0.097656 0.097656
0 0.212891 0.666504 0.097656 0.098633
0 0.213867 0.773438 0.085938 0.085938
0 0.225586 0.871094 0.097656 0.097656
0 0.125977 0.926758 0.109375 0.111328
0 0.124023 0.825195 0.097656 0.097656
0 0.135254 0.729492 0.084961 0.085938
0 0.123535 0.648438 0.084961 0.085938
0 0.879395 0.104004 0.110352 0.110352
0 0.887695 0.205566 0.109375 0.110352
0 0.883789 0.348145 0.109375 0.110352
0 0.879883 0.445312 0.085938 0.085938
0 0.789062 0.161621 0.109375 0.110352
0 0.785156 0.273926 0.109375 0.110352
0 0.794434 0.371582 0.110352 0.110352
0 0.689453 0.100098 0.109375 0.110352
0 0.687012 0.207520 0.110352 0.110352
0 0.688965 0.329102 0.084961 0.085938
0 0.690918 0.436523 0.073242 0.074219
0 0.601074 0.262695 0.073242 0.074219
0 0.604004 0.440430 0.073242 0.074219
0 0.499512 0.084961 0.073242 0.074219
0 0.500000 0.185547 0.085938 0.085938
0 0.507812 0.277344 0.085938 0.085938
0 0.510742 0.395996 0.097656 0.098633
0 0.421875 0.165039 0.037109 0.037109
0 0.328613 0.225586 0.036133 0.037109
0 0.215820 0.454590 0.048828 0.049805
0 0.029297 0.044434 0.048828 0.049805
0 0.028320 0.139160 0.048828 0.049805
0 0.323730 0.102051 0.110352 0.110352
0 0.229980 0.157715 0.110352 0.110352
0 0.139160 0.085938 0.122070 0.123047