0 0.389160 0.569336 0.073242 0.074219
0 0.385254 0.777832 0.061523 0.061523
0 0.110352 0.864746 0.048828 0.049805
0 0.209961 0.676758 0.048828 0.048828
0 0.213379 0.795410 0.061523 0.061523
0 0.110840 0.751465 0.061523 0.061523
0 0.750488 0.892090 0.061523 0.061523
0 0.863770 0.836426 0.110352 0.110352
0 0.865723 0.735840 0.110352 0.110352
0 0.869629 0.626465 0.110352 0.110352
0 0.870117 0.513184 0.109375 0.110352
0 0.866211 0.402832 0.109375 0.110352
0 0.869141 0.297852 0.097656 0.097656
0 0.770996 0.354004 0.110352 0.110352
0 0.777344 0.464355 0.097656 0.098633
0 0.768555 0.585449 0.097656 0.098633
0 0.770020 0.690918 0.110352 0.110352
0 0.769531 0.802246 0.097656 0.098633
0 0.682129 0.305176 0.110352 0.110352
0 0.672363 0.407715 0.110352 0.110352
0 0.669434 0.522949 0.110352 0.110352
0 0.677734 0.624512 0.109375 0.110352
0 0.673828 0.767090 0.109375 0.110352
0 0.669922 0.864258 0.085938 0.085938
0 0.583008 0.357910 0.109375 0.110352
0 0.581055 0.464355 0.109375 0.110352
0 0.579102 0.580566 0.109375 0.110352
0 0.575195 0.692871 0.109375 0.110352
0 0.584473 0.790527 0.110352 0.110352
0 0.487305 0.412598 0.097656 0.098633
0 0.479492 0.519043 0.109375 0.110352
0 0.477051 0.626465 0.110352 0.110352
0 0.479004 0.748047 0.084961 0.085938
0 0.480957 0.855469 0.073242 0.074219
0 0.392090 0.354492 0.084961 0.085938
0 0.382324 0.470215 0.110352 0.110352
0 0.391113 0.681641 0.073242 0.074219
0 0.394043 0.859375 0.073242 0.074219
0 0.302246 0.302246 0.110352 0.110352
0 0.288574 0.400879 0.110352 0.110352
0 0.289551 0.503906 0.073242 0.074219
0 0.290039 0.604492 0.085938 0.085938
0 0.297852 0.696289 0.085938 0.085938
0 0.300781 0.814941 0.097656 0.098633
0 0.211914 0.583984 0.037109 0.037109
0 0.118652 0.644531 0.036133 0.037109
0 0.214844 0.359863 0.109375 0.110352
0 0.204102 0.459961 0.109375 0.111328
0 0.126465 0.315430 0.122070 0.123047
0 0.115723 0.415039 0.110352 0.111328
0 0.113770 0.520996 0.110352 0.110352
0 0.872070 0.093750 0.097656 0.097656
0 0.863281 0.200195 0.109375 0.111328
0 0.771484 0.137695 0.109375 0.111328
0 0.766113 0.233887 0.110352 0.110352
0 0.682129 0.193848 0.110352 0.110352
0 0.684082 0.077637 0.110352 0.110352
0 0.588379 0.143555 0.122070 0.123047
0 0.582520 0.243652 0.122070 0.122070
0 0.484375 0.079590 0.109375 0.110352
0 0.484375 0.187988 0.109375 0.110352
0 0.483398 0.297363 0.109375 0.110352
0 0.404785 0.128418 0.084961 0.086914
0 0.396973 0.255371 0.110352 0.110352
0 0.300293 0.084473 0.110352 0.110352
0 0.303711 0.195801 0.097656 0.098633
0 0.212891 0.142090 0.097656 0.098633
0 0.209961 0.252441 0.109375 0.110352
0 0.123047 0.092285 0.097656 0.098633
0 0.124023 0.182617 0.097656 0.097656