0 0.063965 0.103516 0.122070 0.123047
0 0.071777 0.194336 0.110352 0.111328
0 0.153320 0.140137 0.109375 0.110352
0 0.161621 0.236328 0.122070 0.123047
0 0.258301 0.124023 0.122070 0.123047
0 0.262207 0.225586 0.122070 0.123047
0 0.356934 0.125488 0.110352 0.110352
0 0.445312 0.089355 0.109375 0.110352
0 0.553711 0.118652 0.109375 0.110352
1 0.535645 0.253418 0.122070 0.122070
0 0.633789 0.203613 0.109375 0.110352
0 0.637207 0.083496 0.110352 0.110352
0 0.732422 0.141113 0.097656 0.098633
0 0.730957 0.259277 0.110352 0.110352
0 0.824219 0.308105 0.097656 0.098633
0 0.830078 0.207031 0.097656 0.097656
0 0.818359 0.092773 0.109375 0.111328
0 0.911133 0.142578 0.109375 0.111328
0 0.915039 0.259277 0.109375 0.110352
0 0.916016 0.357422 0.109375 0.111328
0 0.909180 0.473145 0.109375 0.110352
0 0.911621 0.573730 0.110352 0.110352
0 0.903809 0.684082 0.110352 0.110352
0 0.913574 0.767090 0.073242 0.073242
0 0.817383 0.416504 0.097656 0.098633
0 0.821289 0.520996 0.097656 0.098633
0 0.819336 0.635254 0.097656 0.098633
0 0.814941 0.747559 0.110352 0.110352
0 0.727539 0.359863 0.097656 0.098633
0 0.721191 0.465332 0.110352 0.110352
0 0.716797 0.583496 0.109375 0.110352
0 0.723633 0.698730 0.109375 0.110352
0 0.632812 0.304199 0.097656 0.098633
0 0.631836 0.414551 0.109375 0.110352
0 0.632812 0.521973 0.109375 0.110352
0 0.630859 0.635254 0.109375 0.110352
1 0.541016 0.353027 0.097656 0.098633
0 0.543457 0.461426 0.110352 0.110352
0 0.540527 0.585449 0.110352 0.110352
0 0.534668 0.695801 0.110352 0.110352
0 0.453125 0.315918 0.097656 0.098633
0 0.441406 0.411621 0.097656 0.098633
0 0.437500 0.529785 0.097656 0.098633
0 0.347168 0.375977 0.122070 0.123047
0 0.345703 0.463379 0.097656 0.098633
0 0.343750 0.575195 0.097656 0.097656
0 0.341797 0.681641 0.097656 0.097656
0 0.327148 0.801758 0.097656 0.097656
0 0.436035 0.631348 0.110352 0.110352
0 0.436523 0.750977 0.109375 0.111328
0 0.533691 0.801270 0.110352 0.110352
0 0.625488 0.745605 0.110352 0.110352
0 0.726562 0.809082 0.109375 0.110352
0 0.243652 0.427734 0.122070 0.123047
0 0.158691 0.459961 0.110352 0.111328
0 0.064941 0.510742 0.122070 0.123047
0 0.055664 0.618652 0.097656 0.098633
0 0.152344 0.568359 0.097656 0.097656
0 0.061523 0.743652 0.097656 0.098633
0 0.148926 0.681152 0.110352 0.110352
0 0.147949 0.795410 0.110352 0.110352
0 0.250488 0.738281 0.122070 0.123047
0 0.252441 0.630859 0.122070 0.123047
0 0.913574 0.896484 0.110352 0.111328
0 0.718750 0.923340 0.109375 0.110352
0 0.821289 0.852539 0.109375 0.111328
0 0.629395 0.857910 0.110352 0.110352
0 0.527832 0.901855 0.110352 0.110352
0 0.444336 0.860840 0.109375 0.110352
0 0.341797 0.913574 0.109375 0.110352
0 0.149902 0.902344 0.122070 0.123047
0 0.254395 0.851562 0.122070 0.123047
0 0.059570 0.849609 0.109375 0.111328