0 0.861816 0.082031 0.073242 0.074219
0 0.607910 0.106934 0.061523 0.061523
0 0.959961 0.027344 0.048828 0.048828
0 0.680176 0.069336 0.073242 0.074219
0 0.853027 0.897461 0.122070 0.123047
0 0.856934 0.770020 0.122070 0.122070
0 0.859863 0.669922 0.122070 0.123047
0 0.864746 0.564453 0.122070 0.123047
0 0.858887 0.486328 0.122070 0.123047
0 0.764160 0.388672 0.110352 0.111328
0 0.765137 0.505859 0.122070 0.123047
0 0.775879 0.613770 0.122070 0.122070
0 0.764160 0.729492 0.122070 0.123047
0 0.760254 0.832031 0.122070 0.123047
0 0.667969 0.877930 0.085938 0.085938
0 0.678223 0.779297 0.084961 0.085938
0 0.678711 0.664062 0.085938 0.085938
0 0.685059 0.543945 0.084961 0.085938
0 0.684082 0.447266 0.084961 0.085938
0 0.582031 0.495117 0.097656 0.097656
0 0.580566 0.615234 0.084961 0.085938
0 0.580078 0.719238 0.097656 0.098633
0 0.575195 0.826660 0.097656 0.098633
0 0.572266 0.924316 0.097656 0.098633
0 0.480957 0.879883 0.122070 0.123047
0 0.493652 0.440430 0.122070 0.123047
0 0.488770 0.558594 0.122070 0.123047
0 0.489746 0.667969 0.122070 0.123047
0 0.493652 0.780273 0.122070 0.123047
0 0.404785 0.495117 0.122070 0.123047
0 0.399902 0.617188 0.122070 0.123047
0 0.393066 0.717773 0.122070 0.123047
0 0.394043 0.828125 0.122070 0.123047
0 0.390137 0.933594 0.122070 0.123047
0 0.299805 0.870605 0.109375 0.110352
0 0.299805 0.771973 0.109375 0.110352
0 0.304199 0.665039 0.122070 0.123047
0 0.301758 0.553223 0.097656 0.098633
0 0.297363 0.433594 0.084961 0.085938
0 0.219727 0.489258 0.085938 0.085938
0 0.213379 0.605469 0.084961 0.085938
0 0.205078 0.710938 0.097656 0.097656
0 0.200195 0.827637 0.097656 0.098633
0 0.199219 0.932129 0.097656 0.098633
0 0.115234 0.542969 0.085938 0.085938
0 0.112305 0.653320 0.085938 0.085938
0 0.104492 0.773438 0.085938 0.085938
0 0.965820 0.106445 0.048828 0.048828