1 0.889648 0.132324 0.109375 0.110352
0 0.783691 0.177734 0.110352 0.111328
0 0.786133 0.068359 0.097656 0.097656
0 0.696289 0.126953 0.097656 0.097656
0 0.600098 0.184570 0.073242 0.074219
0 0.603516 0.078125 0.085938 0.085938
0 0.508789 0.124512 0.097656 0.098633
0 0.422363 0.072266 0.122070 0.123047
0 0.418457 0.171387 0.110352 0.110352
0 0.314941 0.126465 0.110352 0.110352
0 0.227539 0.076660 0.097656 0.098633
0 0.233398 0.193848 0.109375 0.110352
0 0.128418 0.144531 0.122070 0.123047
0 0.210449 0.302734 0.122070 0.123047
0 0.215332 0.410645 0.122070 0.122070
0 0.120605 0.466309 0.110352 0.110352
0 0.121582 0.354980 0.110352 0.110352
0 0.134277 0.242676 0.110352 0.110352
0 0.204590 0.525879 0.122070 0.122070
0 0.125488 0.606445 0.122070 0.123047
0 0.129395 0.708008 0.122070 0.123047
0 0.224121 0.607910 0.110352 0.110352
0 0.312500 0.571777 0.109375 0.110352
0 0.319336 0.449707 0.109375 0.110352
0 0.311523 0.349121 0.109375 0.110352
0 0.316406 0.241699 0.109375 0.110352
0 0.415527 0.288086 0.122070 0.123047
0 0.411621 0.400391 0.122070 0.123047
0 0.414062 0.505371 0.109375 0.110352
0 0.420898 0.601074 0.109375 0.110352
1 0.402832 0.735840 0.122070 0.122070
0 0.500977 0.686035 0.109375 0.110352
0 0.504395 0.565918 0.110352 0.110352
0 0.501465 0.464355 0.110352 0.110352
0 0.508301 0.346680 0.110352 0.111328
0 0.505371 0.242188 0.110352 0.111328
0 0.597656 0.289062 0.109375 0.111328
0 0.599609 0.400391 0.109375 0.111328
0 0.592773 0.508789 0.097656 0.097656
0 0.599609 0.623535 0.097656 0.098633
0 0.598145 0.741699 0.110352 0.110352
0 0.691406 0.790527 0.097656 0.098633
0 0.697266 0.689453 0.097656 0.097656
0 0.685547 0.575195 0.109375 0.111328
0 0.700684 0.455078 0.122070 0.123047
0 0.699707 0.339844 0.073242 0.074219
0 0.691406 0.245605 0.097656 0.098633
0 0.784668 0.305664 0.122070 0.123047
0 0.784668 0.401855 0.110352 0.110352
0 0.781250 0.504883 0.097656 0.097656
0 0.778320 0.625000 0.109375 0.111328
0 0.782227 0.741699 0.109375 0.110352
0 0.889648 0.682617 0.109375 0.111328
0 0.876465 0.574707 0.110352 0.110352
0 0.879395 0.457520 0.110352 0.110352
0 0.884277 0.355957 0.110352 0.110352
0 0.884766 0.234863 0.109375 0.110352
0 0.872559 0.793945 0.110352 0.111328
0 0.872070 0.899414 0.109375 0.111328
0 0.783203 0.839844 0.109375 0.111328
0 0.684570 0.898926 0.097656 0.098633
0 0.594727 0.842285 0.097656 0.098633
0 0.500000 0.786621 0.097656 0.098633
0 0.499023 0.896973 0.109375 0.110352
1 0.408203 0.835449 0.097656 0.098633
0 0.410645 0.943848 0.110352 0.110352
0 0.320312 0.798340 0.097656 0.098633
0 0.308594 0.894043 0.097656 0.098633
0 0.214355 0.858398 0.122070 0.123047
0 0.212891 0.945801 0.097656 0.098633
0 0.110840 0.910156 0.122070 0.123047