0 0.169922 0.027344 0.048828 0.048828
0 0.174316 0.803223 0.061523 0.061523
0 0.163574 0.689941 0.061523 0.061523
1 0.839844 0.086426 0.097656 0.098633
0 0.269531 0.082031 0.048828 0.048828
0 0.269531 0.200684 0.060547 0.061523
0 0.924316 0.905273 0.073242 0.074219
0 0.270020 0.532715 0.061523 0.061523
0 0.363281 0.250488 0.048828 0.049805
0 0.268555 0.295410 0.060547 0.061523
0 0.270508 0.641113 0.060547 0.061523
0 0.259277 0.873535 0.061523 0.061523
0 0.279785 0.414551 0.073242 0.073242
0 0.454102 0.963379 0.060547 0.061523
0 0.927246 0.690430 0.084961 0.085938
0 0.917480 0.806152 0.110352 0.110352
0 0.837402 0.638184 0.110352 0.110352
0 0.823730 0.736816 0.110352 0.110352
0 0.824707 0.839844 0.073242 0.074219
0 0.825195 0.940430 0.085938 0.085938
0 0.747070 0.919922 0.037109 0.037109
0 0.653809 0.980469 0.036133 0.037109
0 0.354492 0.690918 0.060547 0.061523
0 0.354492 0.799316 0.048828 0.049805
0 0.353516 0.894043 0.048828 0.049805
0 0.271484 0.762207 0.048828 0.049805
0 0.073242 0.751953 0.037109 0.037109
0 0.062500 0.857422 0.048828 0.048828
0 0.750000 0.695801 0.109375 0.110352
0 0.739258 0.795898 0.109375 0.111328
0 0.661621 0.651367 0.122070 0.123047
0 0.650879 0.750977 0.110352 0.111328
0 0.648926 0.856934 0.110352 0.110352
0 0.562988 0.697266 0.110352 0.111328
0 0.563965 0.800293 0.110352 0.110352
0 0.555176 0.912598 0.110352 0.110352
0 0.463867 0.734375 0.085938 0.085938
0 0.464355 0.840820 0.122070 0.123047
0 0.464355 0.087402 0.110352 0.110352
0 0.465332 0.187012 0.110352 0.110352
0 0.465332 0.299316 0.110352 0.110352
0 0.566406 0.246582 0.097656 0.098633
0 0.562500 0.135254 0.097656 0.098633
0 0.659180 0.083496 0.109375 0.110352
0 0.655273 0.187988 0.109375 0.110352
0 0.661133 0.299316 0.097656 0.098633
0 0.741699 0.248535 0.110352 0.110352
0 0.749512 0.143066 0.110352 0.110352
0 0.843262 0.202637 0.110352 0.110352
0 0.927734 0.250488 0.109375 0.110352
0 0.928711 0.131348 0.109375 0.110352
1 0.935059 0.363770 0.110352 0.110352
0 0.939941 0.464355 0.084961 0.086914
0 0.932129 0.591309 0.110352 0.110352
0 0.839355 0.317871 0.110352 0.110352
0 0.835449 0.420410 0.110352 0.110352
0 0.838867 0.531738 0.097656 0.098633
0 0.749023 0.361816 0.109375 0.110352
0 0.748047 0.478027 0.097656 0.098633
0 0.745117 0.588379 0.109375 0.110352
0 0.658203 0.428223 0.097656 0.098633
0 0.659180 0.518555 0.097656 0.097656
0 0.555176 0.366699 0.110352 0.110352
0 0.565430 0.473633 0.097656 0.097656
0 0.561035 0.584961 0.110352 0.111328
0 0.459961 0.626465 0.097656 0.098633
0 0.459961 0.537109 0.109375 0.111328
0 0.467285 0.420898 0.110352 0.111328
0 0.180664 0.132812 0.037109 0.037109
0 0.359375 0.141602 0.037109 0.037109
0 0.359375 0.371582 0.048828 0.049805
0 0.363281 0.476562 0.048828 0.048828
0 0.357910 0.581543 0.061523 0.061523