0 0.047852 0.161621 0.048828 0.049805
0 0.060059 0.038574 0.073242 0.073242
0 0.826660 0.058105 0.061523 0.061523
0 0.621094 0.173340 0.060547 0.061523
0 0.440918 0.168945 0.073242 0.074219
0 0.132324 0.114746 0.061523 0.061523
0 0.346191 0.089844 0.073242 0.074219
0 0.516602 0.220703 0.048828 0.048828
0 0.620117 0.075684 0.060547 0.061523
0 0.242188 0.155273 0.048828 0.048828
0 0.344238 0.218262 0.073242 0.073242
0 0.247070 0.046387 0.060547 0.061523
0 0.526855 0.120117 0.061523 0.060547
0 0.444824 0.045898 0.073242 0.074219
0 0.137207 0.219238 0.061523 0.061523
0 0.046875 0.379883 0.048828 0.048828
0 0.051758 0.271973 0.048828 0.049805
0 0.803223 0.405273 0.073242 0.074219
0 0.333496 0.716797 0.084961 0.085938
0 0.515137 0.435059 0.061523 0.061523
0 0.615234 0.379883 0.048828 0.048828
0 0.418457 0.867188 0.084961 0.085938
0 0.346191 0.327637 0.061523 0.061523
0 0.514160 0.332520 0.061523 0.061523
0 0.240723 0.276855 0.061523 0.061523
0 0.712891 0.347656 0.048828 0.048828
0 0.911621 0.128418 0.061523 0.061523
0 0.911621 0.230957 0.061523 0.061523
0 0.904785 0.457520 0.061523 0.061523
0 0.883789 0.822266 0.085938 0.085938
0 0.893066 0.713867 0.084961 0.085938
0 0.798828 0.770020 0.097656 0.098633
0 0.802734 0.881348 0.109375 0.110352
0 0.129395 0.707031 0.084961 0.085938
0 0.130371 0.800293 0.122070 0.122070
0 0.126465 0.918945 0.122070 0.123047
0 0.229980 0.858887 0.084961 0.086914
0 0.225098 0.732422 0.084961 0.085938
0 0.331055 0.806641 0.085938 0.085938
0 0.335938 0.918945 0.085938 0.085938
0 0.413574 0.946289 0.084961 0.085938
0 0.421387 0.761719 0.084961 0.085938
0 0.505371 0.706055 0.084961 0.085938
0 0.497559 0.822754 0.084961 0.086914
0 0.502441 0.927734 0.084961 0.085938
0 0.703125 0.920410 0.097656 0.098633
0 0.707031 0.800781 0.097656 0.097656
0 0.701660 0.709961 0.084961 0.085938
0 0.608887 0.769531 0.122070 0.123047
0 0.608398 0.872559 0.097656 0.098633
0 0.904785 0.342285 0.061523 0.061523
0 0.714844 0.112305 0.048828 0.048828
0 0.715820 0.239258 0.037109 0.037109
0 0.612793 0.289062 0.036133 0.037109
0 0.433105 0.268555 0.073242 0.074219
0 0.431641 0.389648 0.037109 0.037109
0 0.344727 0.417480 0.048828 0.049805
0 0.241211 0.458496 0.048828 0.049805
0 0.142578 0.328613 0.048828 0.049805
0 0.052734 0.458984 0.048828 0.048828