1 0.532715 0.072754 0.122070 0.122070
0 0.728027 0.078613 0.110352 0.110352
0 0.821289 0.127441 0.097656 0.098633
0 0.912109 0.078613 0.109375 0.110352
0 0.913086 0.176758 0.109375 0.111328
0 0.906250 0.292480 0.109375 0.110352
0 0.908691 0.393066 0.110352 0.110352
0 0.900879 0.503418 0.110352 0.110352
0 0.910645 0.586426 0.073242 0.073242
0 0.814453 0.235840 0.097656 0.098633
0 0.818359 0.340332 0.097656 0.098633
0 0.816406 0.454590 0.097656 0.098633
0 0.812012 0.566895 0.110352 0.110352
0 0.724609 0.179199 0.097656 0.098633
0 0.718262 0.284668 0.110352 0.110352
0 0.713867 0.402832 0.109375 0.110352
0 0.720703 0.518066 0.109375 0.110352
0 0.629883 0.123535 0.097656 0.098633
0 0.628906 0.233887 0.109375 0.110352
0 0.629883 0.341309 0.109375 0.110352
0 0.627930 0.454590 0.109375 0.110352
1 0.538086 0.172363 0.097656 0.098633
0 0.540527 0.280762 0.110352 0.110352
0 0.537598 0.404785 0.110352 0.110352
0 0.531738 0.515137 0.110352 0.110352
0 0.450195 0.135254 0.097656 0.098633
0 0.438477 0.230957 0.097656 0.098633
0 0.434570 0.349121 0.097656 0.098633
0 0.344238 0.195312 0.122070 0.123047
0 0.342773 0.282715 0.097656 0.098633
0 0.340820 0.394531 0.097656 0.097656
0 0.338867 0.500977 0.097656 0.097656
0 0.324219 0.621094 0.097656 0.097656
0 0.433105 0.450684 0.110352 0.110352
0 0.433594 0.570312 0.109375 0.111328
0 0.530762 0.620605 0.110352 0.110352
0 0.622559 0.564941 0.110352 0.110352
0 0.723633 0.628418 0.109375 0.110352
0 0.240723 0.247070 0.122070 0.123047
0 0.155762 0.279297 0.110352 0.111328
0 0.062012 0.330078 0.122070 0.123047
0 0.052734 0.437988 0.097656 0.098633
0 0.149414 0.387695 0.097656 0.097656
0 0.058594 0.562988 0.097656 0.098633
0 0.145996 0.500488 0.110352 0.110352
0 0.145020 0.614746 0.110352 0.110352
0 0.247559 0.557617 0.122070 0.123047
0 0.249512 0.450195 0.122070 0.123047
0 0.910645 0.715820 0.110352 0.111328
0 0.907715 0.847168 0.110352 0.110352
0 0.715820 0.742676 0.109375 0.110352
0 0.809570 0.802246 0.109375 0.110352
0 0.818359 0.671875 0.109375 0.111328
0 0.813477 0.901855 0.109375 0.110352
0 0.725098 0.852051 0.110352 0.110352
0 0.620605 0.896973 0.110352 0.110352
0 0.622070 0.785645 0.097656 0.098633
0 0.626465 0.677246 0.110352 0.110352
0 0.524902 0.721191 0.110352 0.110352
0 0.533203 0.827637 0.109375 0.110352
0 0.431152 0.792969 0.122070 0.123047
0 0.441406 0.680176 0.109375 0.110352
0 0.440918 0.900391 0.122070 0.123047
0 0.335938 0.852051 0.097656 0.098633
0 0.338867 0.732910 0.109375 0.110352
0 0.146973 0.721680 0.122070 0.123047
0 0.250000 0.793457 0.097656 0.098633
0 0.251465 0.670898 0.122070 0.123047
0 0.253418 0.896484 0.110352 0.111328
0 0.147461 0.841797 0.109375 0.111328
0 0.057617 0.896484 0.109375 0.111328
0 0.056641 0.668945 0.109375 0.111328