0 0.315918 0.299316 0.073242 0.073242
0 0.410645 0.361816 0.073242 0.073242
0 0.319336 0.183594 0.060547 0.060547
0 0.503418 0.081055 0.073242 0.074219
0 0.495605 0.290527 0.073242 0.073242
0 0.417969 0.119629 0.060547 0.061523
0 0.590820 0.385742 0.085938 0.085938
0 0.501465 0.420410 0.073242 0.073242
0 0.592285 0.257812 0.073242 0.074219
0 0.594238 0.480469 0.084961 0.085938
0 0.497559 0.721680 0.073242 0.074219
0 0.494629 0.854004 0.073242 0.073242
0 0.592285 0.893066 0.073242 0.073242
0 0.492676 0.613281 0.073242 0.074219
0 0.601074 0.775879 0.073242 0.073242
0 0.498535 0.527344 0.073242 0.074219
0 0.691895 0.416992 0.073242 0.074219
0 0.690430 0.321777 0.060547 0.061523
0 0.885254 0.326172 0.084961 0.085938
0 0.684570 0.955566 0.060547 0.061523
0 0.583008 0.582031 0.097656 0.097656
0 0.585449 0.664062 0.084961 0.085938
0 0.680664 0.833008 0.085938 0.085938
0 0.688477 0.747559 0.097656 0.098633
0 0.687012 0.637695 0.122070 0.123047
0 0.687500 0.533691 0.109375 0.110352
1 0.408691 0.242676 0.061523 0.061523
0 0.405762 0.484375 0.084961 0.085938
0 0.407227 0.574219 0.085938 0.085938
0 0.397949 0.673828 0.084961 0.085938
0 0.404297 0.786133 0.085938 0.085938
0 0.320801 0.404785 0.084961 0.086914
0 0.315430 0.532227 0.085938 0.085938
0 0.312500 0.619141 0.085938 0.085938
0 0.306152 0.727539 0.084961 0.085938
0 0.309570 0.841797 0.085938 0.085938
0 0.397949 0.904297 0.122070 0.123047
0 0.213867 0.242188 0.097656 0.097656
0 0.219727 0.362793 0.097656 0.098633
0 0.217285 0.467285 0.110352 0.110352
0 0.210938 0.569824 0.097656 0.098633
0 0.208984 0.681641 0.109375 0.111328
0 0.202637 0.793457 0.110352 0.110352
0 0.206543 0.910645 0.110352 0.110352
0 0.113281 0.952148 0.085938 0.085938
0 0.109375 0.841797 0.097656 0.097656
0 0.117188 0.739258 0.085938 0.085938
0 0.113770 0.618164 0.084961 0.085938
0 0.118652 0.505859 0.084961 0.085938
0 0.126953 0.402344 0.085938 0.085938
0 0.117676 0.278320 0.084961 0.085938
0 0.598633 0.030273 0.048828 0.048828
0 0.594727 0.134766 0.048828 0.048828
0 0.503418 0.175781 0.073242 0.074219
0 0.323730 0.065430 0.084961 0.085938
0 0.221191 0.121094 0.084961 0.085938
0 0.129395 0.174316 0.084961 0.086914
0 0.137695 0.082031 0.097656 0.097656
0 0.885254 0.525391 0.122070 0.123047
1 0.881348 0.645020 0.110352 0.110352
0 0.879395 0.753906 0.122070 0.123047
0 0.758301 0.911133 0.084961 0.085938
0 0.794922 0.483398 0.109375 0.111328
0 0.776855 0.603027 0.122070 0.122070
0 0.784668 0.702148 0.122070 0.123047
0 0.781738 0.805664 0.122070 0.123047