0 0.212402 0.941895 0.061523 0.061523
0 0.967773 0.951172 0.048828 0.048828
1 0.874023 0.124512 0.109375 0.110352
0 0.873047 0.237793 0.109375 0.110352
0 0.782227 0.289551 0.109375 0.110352
0 0.782227 0.168457 0.109375 0.110352
0 0.789062 0.068848 0.109375 0.110352
0 0.680176 0.128418 0.110352 0.110352
0 0.674316 0.231934 0.110352 0.110352
0 0.588379 0.291504 0.110352 0.110352
0 0.578613 0.178223 0.110352 0.110352
0 0.588379 0.064941 0.110352 0.110352
0 0.493652 0.129395 0.073242 0.073242
0 0.494141 0.235840 0.097656 0.098633
0 0.400391 0.296875 0.097656 0.097656
0 0.320801 0.244141 0.036133 0.037109
0 0.403320 0.054688 0.085938 0.085938
0 0.401367 0.179688 0.085938 0.085938
0 0.218262 0.099121 0.110352 0.110352
0 0.125977 0.113281 0.109375 0.111328
0 0.129395 0.234375 0.122070 0.123047
0 0.128418 0.328125 0.122070 0.123047
0 0.880859 0.344238 0.109375 0.110352
0 0.684082 0.340332 0.110352 0.110352
0 0.585938 0.404785 0.109375 0.110352
0 0.481934 0.353516 0.122070 0.123047
0 0.394043 0.416016 0.073242 0.074219
0 0.489258 0.454590 0.109375 0.110352
0 0.789551 0.408691 0.110352 0.110352
0 0.123535 0.455078 0.122070 0.123047
0 0.127441 0.552734 0.122070 0.123047
0 0.123535 0.694336 0.122070 0.123047
0 0.122070 0.794434 0.097656 0.098633
0 0.134277 0.909180 0.122070 0.123047
0 0.488770 0.553711 0.084961 0.085938
0 0.475098 0.666016 0.122070 0.123047
0 0.483398 0.789551 0.097656 0.098633
0 0.582031 0.509277 0.109375 0.110352
0 0.583984 0.621582 0.097656 0.098633
0 0.583984 0.736816 0.109375 0.110352
0 0.577637 0.838379 0.110352 0.110352
0 0.679199 0.452637 0.110352 0.110352
0 0.679199 0.562988 0.110352 0.110352
0 0.682129 0.680176 0.122070 0.122070
0 0.679688 0.789551 0.097656 0.098633
0 0.774902 0.502441 0.110352 0.110352
0 0.767578 0.621582 0.097656 0.098633
0 0.769531 0.735840 0.097656 0.098633
0 0.767578 0.846191 0.097656 0.098633
0 0.866211 0.455078 0.109375 0.111328
0 0.868164 0.564941 0.109375 0.110352
0 0.875488 0.679688 0.122070 0.123047
0 0.886230 0.785645 0.110352 0.110352
0 0.674805 0.921387 0.097656 0.098633
0 0.583496 0.947266 0.084961 0.085938
0 0.875000 0.904297 0.048828 0.048828
0 0.773438 0.950684 0.037109 0.036133
0 0.488281 0.890137 0.037109 0.036133
0 0.386230 0.871094 0.036133 0.037109
0 0.306641 0.896484 0.037109 0.037109
0 0.307617 0.780273 0.037109 0.037109