0 0.683594 0.073730 0.097656 0.098633
0 0.864746 0.077148 0.110352 0.111328
0 0.864258 0.182617 0.109375 0.111328
0 0.859375 0.292969 0.109375 0.111328
0 0.864258 0.401855 0.109375 0.110352
0 0.862793 0.527344 0.122070 0.123047
0 0.775391 0.123047 0.109375 0.111328
0 0.768555 0.238770 0.109375 0.110352
0 0.770996 0.339355 0.110352 0.110352
0 0.763184 0.449707 0.110352 0.110352
0 0.772949 0.532715 0.073242 0.073242
0 0.676758 0.182129 0.097656 0.098633
0 0.680664 0.286621 0.097656 0.098633
0 0.678711 0.400879 0.097656 0.098633
0 0.674316 0.513184 0.110352 0.110352
0 0.586914 0.125488 0.097656 0.098633
0 0.580566 0.230957 0.110352 0.110352
0 0.576172 0.349121 0.109375 0.110352
0 0.583008 0.464355 0.109375 0.110352
0 0.492188 0.069824 0.097656 0.098633
0 0.491211 0.180176 0.109375 0.110352
0 0.492188 0.287598 0.109375 0.110352
0 0.490234 0.400879 0.109375 0.110352
1 0.400391 0.118652 0.097656 0.098633
0 0.402832 0.227051 0.110352 0.110352
0 0.399902 0.351074 0.110352 0.110352
0 0.394043 0.461426 0.110352 0.110352
0 0.312500 0.081543 0.097656 0.098633
0 0.300781 0.177246 0.097656 0.098633
0 0.296875 0.295410 0.097656 0.098633
0 0.206543 0.141602 0.122070 0.123047
0 0.205078 0.229004 0.097656 0.098633
0 0.203125 0.340820 0.097656 0.097656
0 0.201172 0.447266 0.097656 0.097656
0 0.186523 0.567383 0.097656 0.097656
0 0.295410 0.396973 0.110352 0.110352
0 0.295898 0.516602 0.109375 0.111328
0 0.393066 0.566895 0.110352 0.110352
0 0.484863 0.511230 0.110352 0.110352
0 0.585938 0.574707 0.109375 0.110352
0 0.103027 0.193359 0.122070 0.123047
0 0.109863 0.503906 0.122070 0.123047
0 0.111816 0.396484 0.122070 0.123047
0 0.864258 0.629883 0.109375 0.111328
0 0.866699 0.738281 0.110352 0.111328
0 0.772949 0.662109 0.110352 0.111328
0 0.770020 0.793457 0.110352 0.110352
0 0.859863 0.848633 0.110352 0.111328
0 0.578125 0.688965 0.109375 0.110352
0 0.671875 0.748535 0.109375 0.110352
0 0.680664 0.618164 0.109375 0.111328
0 0.675781 0.848145 0.109375 0.110352
0 0.587402 0.798340 0.110352 0.110352
0 0.482910 0.843262 0.110352 0.110352
0 0.484375 0.731934 0.097656 0.098633
0 0.488770 0.623535 0.110352 0.110352
0 0.387207 0.667480 0.110352 0.110352
0 0.395508 0.773926 0.109375 0.110352
0 0.293457 0.739258 0.122070 0.123047
0 0.303711 0.626465 0.109375 0.110352
0 0.303223 0.846680 0.122070 0.123047
0 0.198242 0.798340 0.097656 0.098633
0 0.201172 0.679199 0.109375 0.110352
0 0.112305 0.739746 0.097656 0.098633
0 0.113770 0.617188 0.122070 0.123047
0 0.115723 0.842773 0.110352 0.111328
0 0.770508 0.900879 0.109375 0.110352
0 0.191895 0.896973 0.110352 0.110352
0 0.386719 0.897461 0.109375 0.111328
0 0.578613 0.896484 0.110352 0.111328