0 0.872559 0.115234 0.084961 0.085938
0 0.955566 0.282715 0.073242 0.073242
0 0.667480 0.771484 0.073242 0.074219
0 0.492676 0.097656 0.122070 0.123047
0 0.497559 0.222656 0.122070 0.123047
0 0.497559 0.332031 0.122070 0.123047
0 0.491699 0.439453 0.122070 0.123047
0 0.481934 0.534668 0.122070 0.122070
0 0.485840 0.647461 0.122070 0.123047
0 0.395020 0.713867 0.084961 0.085938
0 0.397949 0.599609 0.122070 0.123047
0 0.394043 0.498047 0.122070 0.123047
0 0.397949 0.370605 0.122070 0.122070
0 0.400879 0.270508 0.122070 0.123047
0 0.405762 0.165039 0.122070 0.123047
0 0.399902 0.086914 0.122070 0.123047
0 0.306152 0.106445 0.122070 0.123047
0 0.316895 0.214355 0.122070 0.122070
0 0.305176 0.330078 0.122070 0.123047
0 0.301270 0.432617 0.122070 0.123047
0 0.298340 0.547363 0.110352 0.110352
0 0.303223 0.647949 0.110352 0.110352
0 0.299316 0.757812 0.122070 0.123047
0 0.207520 0.807617 0.110352 0.111328
0 0.208496 0.712891 0.122070 0.123047
0 0.211426 0.580078 0.084961 0.085938
0 0.208984 0.478516 0.085938 0.085938
0 0.219238 0.379883 0.084961 0.085938
0 0.219727 0.264648 0.085938 0.085938
0 0.226074 0.144531 0.084961 0.085938
0 0.225098 0.047852 0.084961 0.085938
0 0.123047 0.095703 0.097656 0.097656
0 0.121582 0.215820 0.084961 0.085938
0 0.121094 0.319824 0.097656 0.098633
0 0.116211 0.427246 0.097656 0.098633
0 0.113281 0.524902 0.097656 0.098633
0 0.119629 0.651367 0.122070 0.123047
0 0.104980 0.764648 0.122070 0.123047
0 0.295410 0.873047 0.084961 0.085938
0 0.398438 0.923340 0.097656 0.098633
0 0.487793 0.882324 0.110352 0.110352
0 0.581055 0.918457 0.097656 0.098633
0 0.103516 0.855469 0.097656 0.097656
0 0.198242 0.940430 0.085938 0.085938
0 0.580566 0.166992 0.122070 0.123047
0 0.586914 0.270508 0.085938 0.085938
0 0.580566 0.387695 0.122070 0.123047
0 0.577637 0.492188 0.122070 0.123047
0 0.578613 0.598633 0.122070 0.123047
0 0.670410 0.554688 0.122070 0.123047
0 0.678223 0.664062 0.122070 0.123047
0 0.673340 0.432129 0.122070 0.122070
0 0.678223 0.332031 0.122070 0.123047
0 0.675293 0.218750 0.122070 0.123047
0 0.684082 0.106934 0.084961 0.086914
0 0.785156 0.054688 0.085938 0.085938
0 0.790039 0.166992 0.085938 0.085938
0 0.778320 0.276367 0.085938 0.085938
0 0.782227 0.390625 0.085938 0.085938
0 0.780762 0.506836 0.084961 0.085938
1 0.775391 0.604980 0.060547 0.061523
0 0.768555 0.723633 0.097656 0.097656
0 0.853027 0.640625 0.122070 0.123047
0 0.859375 0.550781 0.109375 0.111328
1 0.866211 0.437500 0.085938 0.085938
0 0.871094 0.315430 0.097656 0.097656
0 0.867676 0.194336 0.084961 0.085938
0 0.951660 0.070801 0.084961 0.086914
0 0.956543 0.175781 0.084961 0.085938
0 0.950195 0.396484 0.085938 0.085938
0 0.760742 0.836914 0.097656 0.097656
0 0.765625 0.934570 0.097656 0.097656
0 0.860352 0.885254 0.097656 0.098633
0 0.854004 0.773438 0.122070 0.123047