0 0.605469 0.698730 0.060547 0.061523
0 0.311523 0.848633 0.085938 0.085938
0 0.507812 0.775879 0.060547 0.061523
0 0.506348 0.877930 0.073242 0.074219
0 0.411133 0.700195 0.048828 0.048828
0 0.889648 0.502930 0.048828 0.048828
0 0.791504 0.592285 0.061523 0.061523
0 0.699707 0.547363 0.061523 0.061523
0 0.891602 0.952637 0.048828 0.049805
0 0.793457 0.822754 0.061523 0.061523
0 0.889648 0.837402 0.048828 0.049805
0 0.713867 0.761230 0.048828 0.049805
0 0.881836 0.148926 0.097656 0.098633
0 0.882324 0.289062 0.122070 0.123047
0 0.881836 0.423340 0.109375 0.110352
0 0.793945 0.151855 0.097656 0.098633
0 0.792480 0.255859 0.122070 0.123047
0 0.792969 0.373535 0.097656 0.098633
0 0.697754 0.441406 0.110352 0.111328
0 0.684570 0.100098 0.097656 0.098633
0 0.696289 0.213379 0.097656 0.098633
0 0.688477 0.319336 0.097656 0.097656
0 0.600586 0.147949 0.097656 0.098633
0 0.603516 0.259766 0.097656 0.097656
0 0.600586 0.373047 0.109375 0.111328
0 0.606445 0.468750 0.085938 0.085938
0 0.523926 0.153320 0.122070 0.123047
0 0.512695 0.294922 0.109375 0.111328
0 0.509277 0.416992 0.122070 0.123047
0 0.517090 0.525391 0.122070 0.123047
0 0.408203 0.142578 0.097656 0.097656
0 0.416992 0.248047 0.097656 0.097656
0 0.411133 0.375488 0.097656 0.098633
0 0.413574 0.478027 0.110352 0.110352
0 0.322266 0.087891 0.097656 0.097656
0 0.320801 0.219238 0.110352 0.110352
0 0.317383 0.322754 0.097656 0.098633
0 0.312500 0.429199 0.097656 0.098633
0 0.317383 0.549316 0.085938 0.086914
0 0.220215 0.151855 0.110352 0.110352
0 0.217285 0.267090 0.110352 0.110352
0 0.217285 0.375488 0.122070 0.122070
0 0.217285 0.491699 0.122070 0.122070
0 0.124023 0.098145 0.109375 0.110352
0 0.120117 0.195801 0.097656 0.098633
0 0.130859 0.310059 0.097656 0.098633
0 0.127930 0.426270 0.097656 0.098633
0 0.125000 0.551270 0.097656 0.098633
0 0.311035 0.642578 0.084961 0.085938
0 0.310547 0.756348 0.097656 0.098633
0 0.205078 0.798828 0.085938 0.085938
0 0.216797 0.708984 0.085938 0.085938
0 0.223633 0.598633 0.085938 0.085938
0 0.132812 0.650879 0.097656 0.098633
0 0.980469 0.708008 0.037109 0.037109
0 0.882812 0.758789 0.048828 0.048828
0 0.885742 0.654297 0.037109 0.037109
0 0.792969 0.498047 0.048828 0.048828
0 0.788086 0.705566 0.048828 0.049805
0 0.714844 0.853027 0.048828 0.049805
0 0.710449 0.661621 0.061523 0.061523
0 0.596680 0.586426 0.048828 0.049805
0 0.511719 0.648926 0.060547 0.061523
0 0.510254 0.973633 0.024414 0.025391
0 0.611328 0.917969 0.048828 0.048828
0 0.605469 0.800293 0.048828 0.049805
0 0.789062 0.924316 0.048828 0.049805
0 0.405273 0.923828 0.048828 0.048828
0 0.314453 0.955078 0.048828 0.048828
0 0.196289 0.920410 0.023438 0.024414
0 0.111328 0.867188 0.048828 0.048828
0 0.110840 0.982910 0.024414 0.024414
1 0.412109 0.602539 0.048828 0.048828
0 0.413574 0.812988 0.024414 0.024414
0 0.020020 0.600586 0.036133 0.037109
0 0.114258 0.760742 0.048828 0.048828
0 0.021973 0.799805 0.036133 0.037109
0 0.026367 0.486328 0.037109 0.037109