0 0.936035 0.349609 0.073242 0.074219
0 0.667969 0.026855 0.048828 0.049805
0 0.865723 0.198730 0.061523 0.061523
0 0.932129 0.789551 0.061523 0.061523
0 0.658203 0.731445 0.085938 0.085938
0 0.940430 0.253418 0.085938 0.086914
0 0.941406 0.459961 0.085938 0.085938
0 0.936523 0.573242 0.097656 0.097656
0 0.935059 0.685547 0.084961 0.085938
0 0.932129 0.907715 0.110352 0.110352
0 0.838867 0.842285 0.109375 0.110352
0 0.840332 0.727051 0.110352 0.110352
0 0.849609 0.610840 0.097656 0.098633
0 0.857422 0.512207 0.109375 0.110352
0 0.852539 0.427246 0.109375 0.110352
0 0.857910 0.302734 0.110352 0.111328
0 0.766113 0.254883 0.122070 0.123047
0 0.763184 0.363770 0.110352 0.110352
0 0.754395 0.462402 0.110352 0.110352
0 0.751465 0.579590 0.110352 0.110352
0 0.745117 0.678711 0.085938 0.085938
0 0.758789 0.792969 0.109375 0.111328
0 0.755859 0.886719 0.097656 0.097656
0 0.651367 0.939941 0.085938 0.086914
0 0.650391 0.840820 0.085938 0.085938
0 0.651855 0.638184 0.110352 0.110352
0 0.658691 0.510742 0.110352 0.111328
0 0.673828 0.399902 0.097656 0.098633
0 0.668945 0.299805 0.097656 0.097656
0 0.560547 0.247559 0.097656 0.098633
0 0.561523 0.354492 0.085938 0.085938
0 0.573242 0.452148 0.097656 0.097656
0 0.570312 0.564941 0.109375 0.110352
0 0.565430 0.671875 0.109375 0.111328
0 0.562500 0.785156 0.109375 0.111328
1 0.564941 0.915039 0.084961 0.085938
0 0.471680 0.942383 0.097656 0.097656
0 0.465820 0.836914 0.085938 0.085938
0 0.462891 0.728027 0.097656 0.098633
0 0.466797 0.617188 0.097656 0.097656
0 0.473633 0.507812 0.109375 0.111328
0 0.471680 0.406250 0.097656 0.097656
0 0.482910 0.310547 0.084961 0.085938
0 0.471191 0.229492 0.084961 0.085938
0 0.348633 0.226562 0.085938 0.085938
0 0.341797 0.462402 0.097656 0.098633
0 0.350586 0.574219 0.097656 0.097656
0 0.346680 0.678223 0.097656 0.098633
0 0.347656 0.765137 0.097656 0.098633
0 0.345215 0.894531 0.084961 0.085938
0 0.254883 0.948242 0.085938 0.085938
0 0.260254 0.827637 0.110352 0.110352
0 0.258789 0.718262 0.097656 0.098633
0 0.250977 0.612793 0.097656 0.098633
0 0.253906 0.522949 0.109375 0.110352
0 0.253906 0.393555 0.085938 0.085938
0 0.263184 0.285156 0.084961 0.085938
0 0.168945 0.341309 0.097656 0.098633
0 0.172852 0.452637 0.109375 0.110352
0 0.165039 0.555664 0.097656 0.097656
0 0.166016 0.666504 0.109375 0.110352
0 0.160645 0.756348 0.110352 0.110352
0 0.156250 0.871582 0.097656 0.098633
0 0.052734 0.929199 0.097656 0.098633
0 0.063477 0.797363 0.097656 0.098633
0 0.063477 0.695801 0.097656 0.098633
0 0.058594 0.592285 0.097656 0.098633
0 0.073242 0.491699 0.097656 0.098633
0 0.077148 0.372070 0.097656 0.097656
0 0.071777 0.281250 0.084961 0.085938
0 0.563477 0.035645 0.048828 0.049805