0 0.217773 0.541504 0.048828 0.049805
0 0.312500 0.619629 0.048828 0.049805
0 0.209961 0.772949 0.048828 0.049805
0 0.104492 0.609863 0.037109 0.036133
0 0.311035 0.714355 0.036133 0.036133
0 0.302734 0.871582 0.048828 0.049805
0 0.203125 0.909180 0.048828 0.048828
0 0.307617 0.953125 0.048828 0.048828
0 0.392090 0.970703 0.036133 0.037109
0 0.767090 0.778809 0.061523 0.061523
0 0.596680 0.127930 0.097656 0.097656
0 0.600586 0.216309 0.097656 0.098633
0 0.498047 0.283691 0.097656 0.098633
0 0.511719 0.165039 0.085938 0.085938
0 0.504883 0.059570 0.085938 0.085938
0 0.411133 0.105957 0.097656 0.098633
0 0.404297 0.222168 0.097656 0.098633
0 0.411621 0.328613 0.084961 0.086914
0 0.315918 0.171387 0.110352 0.110352
0 0.314453 0.053223 0.097656 0.098633
0 0.216797 0.116699 0.109375 0.110352
0 0.212891 0.222168 0.109375 0.110352
0 0.117188 0.166504 0.097656 0.098633
0 0.124023 0.057129 0.097656 0.098633
0 0.116211 0.277344 0.048828 0.048828
0 0.706543 0.150879 0.110352 0.110352
0 0.699219 0.281738 0.097656 0.098633
0 0.596680 0.331055 0.085938 0.085938
0 0.697754 0.394043 0.110352 0.110352
0 0.790527 0.332031 0.084961 0.085938
0 0.793945 0.230957 0.097656 0.098633
0 0.791992 0.112793 0.097656 0.098633
0 0.892578 0.168945 0.085938 0.085938
0 0.895508 0.268066 0.097656 0.098633
0 0.891602 0.390137 0.097656 0.098633
0 0.880859 0.496582 0.097656 0.098633
0 0.882812 0.600098 0.097656 0.098633
0 0.887695 0.718262 0.097656 0.098633
0 0.791504 0.437012 0.084961 0.086914
0 0.681641 0.493652 0.048828 0.049805
0 0.600586 0.451660 0.097656 0.098633
0 0.875488 0.945312 0.036133 0.037109
0 0.795410 0.879883 0.036133 0.037109
0 0.692383 0.934570 0.037109 0.037109
0 0.100586 0.818359 0.037109 0.037109
0 0.222656 0.647949 0.048828 0.049805
0 0.413574 0.785645 0.036133 0.036133
0 0.480469 0.621094 0.037109 0.037109
0 0.628906 0.578125 0.037109 0.037109
0 0.679199 0.704102 0.036133 0.037109
0 0.787109 0.559570 0.037109 0.037109
0 0.597656 0.763672 0.037109 0.037109
0 0.691895 0.805176 0.024414 0.024414
0 0.383301 0.666016 0.036133 0.037109
0 0.101074 0.929688 0.036133 0.037109
0 0.541504 0.881348 0.036133 0.036133
0 0.881836 0.831055 0.037109 0.037109
0 0.505859 0.392578 0.097656 0.097656