0 0.529297 0.054199 0.097656 0.098633
0 0.727051 0.059570 0.110352 0.111328
0 0.900879 0.281250 0.122070 0.123047
0 0.903320 0.165527 0.109375 0.110352
0 0.903320 0.375977 0.109375 0.111328
0 0.906738 0.497070 0.122070 0.123047
0 0.905762 0.590820 0.122070 0.123047
0 0.810059 0.555176 0.110352 0.110352
0 0.810059 0.446289 0.122070 0.123047
0 0.816895 0.321289 0.122070 0.123047
0 0.809082 0.226562 0.122070 0.123047
0 0.812500 0.109863 0.109375 0.110352
0 0.723145 0.161133 0.110352 0.111328
0 0.716309 0.282227 0.122070 0.123047
0 0.726074 0.385254 0.110352 0.110352
0 0.724121 0.496582 0.110352 0.110352
0 0.712891 0.589355 0.097656 0.098633
1 0.623535 0.544434 0.122070 0.122070
0 0.616699 0.450195 0.122070 0.123047
0 0.610840 0.332031 0.122070 0.123047
0 0.634277 0.230469 0.122070 0.123047
0 0.623535 0.116211 0.122070 0.123047
0 0.530273 0.157715 0.109375 0.110352
0 0.525391 0.276855 0.109375 0.110352
0 0.527832 0.378906 0.122070 0.123047
0 0.527832 0.487793 0.122070 0.122070
0 0.527344 0.589355 0.097656 0.098633
0 0.424805 0.550293 0.097656 0.098633
0 0.416992 0.445801 0.097656 0.098633
0 0.426758 0.331543 0.097656 0.098633
0 0.429688 0.224121 0.109375 0.110352
0 0.424805 0.096191 0.097656 0.098633
0 0.331543 0.179199 0.110352 0.110352
0 0.334961 0.277832 0.097656 0.098633
0 0.334473 0.382324 0.110352 0.110352
0 0.337891 0.500488 0.109375 0.110352
0 0.236816 0.544922 0.122070 0.123047
0 0.234375 0.419434 0.109375 0.110352
0 0.251465 0.304688 0.122070 0.123047
0 0.242188 0.203613 0.097656 0.098633
0 0.238281 0.105957 0.097656 0.098633
0 0.148438 0.051270 0.097656 0.098633
0 0.147461 0.167480 0.109375 0.110352
0 0.147461 0.276855 0.109375 0.110352
0 0.145508 0.381348 0.097656 0.098633
0 0.149902 0.508789 0.122070 0.123047
0 0.809082 0.680664 0.122070 0.123047
0 0.718262 0.715820 0.122070 0.123047
0 0.900879 0.717773 0.122070 0.123047
0 0.066406 0.223145 0.097656 0.098633
0 0.056152 0.340332 0.110352 0.110352
0 0.060059 0.561523 0.110352 0.111328
0 0.149902 0.605957 0.110352 0.110352
0 0.240234 0.647949 0.109375 0.110352
0 0.240723 0.766113 0.110352 0.110352
0 0.145020 0.722168 0.110352 0.110352
0 0.151855 0.817871 0.110352 0.110352
0 0.242188 0.863770 0.097656 0.098633
0 0.333984 0.610840 0.109375 0.110352
0 0.330566 0.725098 0.122070 0.122070
0 0.329590 0.836914 0.122070 0.123047
0 0.429199 0.883301 0.122070 0.122070
0 0.429199 0.773926 0.122070 0.122070
0 0.419922 0.670410 0.097656 0.098633
0 0.527832 0.708008 0.122070 0.123047
0 0.530762 0.823242 0.122070 0.123047
0 0.526855 0.933105 0.122070 0.122070
0 0.621582 0.903320 0.122070 0.123047
0 0.628418 0.774414 0.122070 0.123047
0 0.633301 0.649414 0.122070 0.123047
0 0.715332 0.835938 0.122070 0.123047
0 0.709473 0.936523 0.122070 0.123047
0 0.805176 0.875977 0.122070 0.123047
0 0.808594 0.773438 0.097656 0.097656
0 0.904785 0.815430 0.122070 0.123047