0 0.103516 0.048828 0.048828 0.048828
0 0.107910 0.824707 0.061523 0.061523
0 0.097168 0.711426 0.061523 0.061523
1 0.773438 0.107910 0.097656 0.098633
0 0.203125 0.103516 0.048828 0.048828
0 0.203125 0.222168 0.060547 0.061523
0 0.857910 0.926758 0.073242 0.074219
0 0.203613 0.554199 0.061523 0.061523
0 0.296875 0.271973 0.048828 0.049805
0 0.202148 0.316895 0.060547 0.061523
0 0.204102 0.662598 0.060547 0.061523
0 0.192871 0.895020 0.061523 0.061523
0 0.213379 0.436035 0.073242 0.073242
0 0.860840 0.711914 0.084961 0.085938
0 0.851074 0.827637 0.110352 0.110352
0 0.770996 0.659668 0.110352 0.110352
0 0.757324 0.758301 0.110352 0.110352
0 0.758301 0.861328 0.073242 0.074219
0 0.680664 0.941406 0.037109 0.037109
0 0.288086 0.712402 0.060547 0.061523
0 0.288086 0.820801 0.048828 0.049805
0 0.287109 0.915527 0.048828 0.049805
0 0.205078 0.783691 0.048828 0.049805
0 0.683594 0.717285 0.109375 0.110352
0 0.672852 0.817383 0.109375 0.111328
0 0.595215 0.672852 0.122070 0.123047
0 0.584473 0.772461 0.110352 0.111328
0 0.582520 0.878418 0.110352 0.110352
0 0.496582 0.718750 0.110352 0.111328
0 0.497559 0.821777 0.110352 0.110352
0 0.488770 0.934082 0.110352 0.110352
0 0.397461 0.755859 0.085938 0.085938
0 0.397949 0.862305 0.122070 0.123047
0 0.397949 0.108887 0.110352 0.110352
0 0.398926 0.208496 0.110352 0.110352
0 0.398926 0.320801 0.110352 0.110352
0 0.500000 0.268066 0.097656 0.098633
0 0.496094 0.156738 0.097656 0.098633
0 0.592773 0.104980 0.109375 0.110352
0 0.588867 0.209473 0.109375 0.110352
0 0.594727 0.320801 0.097656 0.098633
0 0.675293 0.270020 0.110352 0.110352
0 0.683105 0.164551 0.110352 0.110352
0 0.776855 0.224121 0.110352 0.110352
0 0.861328 0.271973 0.109375 0.110352
0 0.862305 0.152832 0.109375 0.110352
0 0.869141 0.058594 0.109375 0.111328
1 0.868652 0.385254 0.110352 0.110352
0 0.873535 0.485840 0.084961 0.086914
0 0.865723 0.612793 0.110352 0.110352
0 0.772949 0.339355 0.110352 0.110352
0 0.769043 0.441895 0.110352 0.110352
0 0.772461 0.553223 0.097656 0.098633
0 0.682617 0.383301 0.109375 0.110352
0 0.681641 0.499512 0.097656 0.098633
0 0.678711 0.609863 0.109375 0.110352
0 0.591797 0.449707 0.097656 0.098633
0 0.592773 0.540039 0.097656 0.097656
0 0.488770 0.388184 0.110352 0.110352
0 0.499023 0.495117 0.097656 0.097656
0 0.494629 0.606445 0.110352 0.111328
0 0.393555 0.647949 0.097656 0.098633
0 0.393555 0.558594 0.109375 0.111328
0 0.400879 0.442383 0.110352 0.111328
0 0.114258 0.154297 0.037109 0.037109
0 0.292969 0.163086 0.037109 0.037109
0 0.292969 0.393066 0.048828 0.049805
0 0.296875 0.498047 0.048828 0.048828
0 0.291504 0.603027 0.061523 0.061523
0 0.299805 0.040039 0.048828 0.048828