0 0.479492 0.695801 0.060547 0.061523
0 0.561035 0.764648 0.084961 0.085938
0 0.486328 0.913086 0.048828 0.048828
0 0.485840 0.803223 0.061523 0.061523
0 0.478516 0.466797 0.048828 0.048828
0 0.302734 0.483398 0.048828 0.048828
0 0.193359 0.429688 0.048828 0.048828
0 0.300781 0.598145 0.048828 0.049805
0 0.102539 0.471680 0.048828 0.048828
0 0.108887 0.591309 0.061523 0.061523
0 0.188477 0.642578 0.048828 0.048828
0 0.383301 0.763184 0.061523 0.061523
0 0.382812 0.650879 0.048828 0.049805
0 0.473633 0.254395 0.048828 0.049805
0 0.302734 0.039551 0.060547 0.061523
0 0.098633 0.145020 0.048828 0.049805
0 0.300781 0.267090 0.048828 0.049805
0 0.195801 0.096191 0.073242 0.073242
0 0.383301 0.204590 0.061523 0.061523
0 0.195312 0.312500 0.048828 0.048828
0 0.661133 0.923828 0.048828 0.048828
0 0.950195 0.303711 0.097656 0.097656
0 0.935547 0.423828 0.097656 0.097656
0 0.767090 0.082031 0.110352 0.111328
0 0.673340 0.132812 0.122070 0.123047
0 0.570312 0.197754 0.109375 0.110352
0 0.664062 0.240723 0.097656 0.098633
0 0.760742 0.190430 0.097656 0.097656
0 0.579102 0.301270 0.109375 0.110352
0 0.575684 0.419922 0.084961 0.085938
0 0.669922 0.365723 0.097656 0.098633
0 0.757324 0.303223 0.110352 0.110352
0 0.756348 0.417480 0.110352 0.110352
0 0.858887 0.360352 0.122070 0.123047
0 0.860840 0.252930 0.122070 0.123047
0 0.473633 0.129883 0.048828 0.048828
0 0.947266 0.654785 0.097656 0.098633
0 0.758301 0.524414 0.122070 0.123047
0 0.861328 0.596191 0.097656 0.098633
0 0.862793 0.473633 0.122070 0.123047
0 0.864746 0.699219 0.110352 0.111328
0 0.758789 0.644531 0.109375 0.111328
0 0.668945 0.699219 0.109375 0.111328
0 0.665039 0.585938 0.109375 0.111328
0 0.667969 0.471680 0.109375 0.111328
0 0.577148 0.527344 0.097656 0.097656
0 0.565430 0.650391 0.097656 0.097656
0 0.658691 0.791016 0.084961 0.085938
0 0.753418 0.753418 0.110352 0.110352
0 0.852539 0.817871 0.109375 0.110352
0 0.852539 0.927246 0.109375 0.110352
0 0.940918 0.753418 0.110352 0.110352
0 0.472656 0.033203 0.048828 0.048828
0 0.391602 0.093262 0.048828 0.049805
0 0.311035 0.133301 0.024414 0.024414
0 0.197266 0.205078 0.037109 0.037109
0 0.386719 0.315430 0.048828 0.048828
0 0.473145 0.356934 0.024414 0.024414
0 0.467773 0.583008 0.048828 0.048828
0 0.383789 0.552734 0.037109 0.037109
0 0.385742 0.426758 0.048828 0.048828
0 0.300293 0.370605 0.024414 0.024414
0 0.123047 0.708496 0.048828 0.049805
0 0.104004 0.363770 0.024414 0.024414
0 0.104004 0.250488 0.024414 0.024414
0 0.571289 0.854004 0.060547 0.061523
0 0.183594 0.742676 0.048828 0.049805
0 0.186035 0.869629 0.024414 0.024414
0 0.755859 0.866211 0.048828 0.048828
0 0.756836 0.966797 0.048828 0.048828