0 0.363281 0.914551 0.048828 0.049805
0 0.277344 0.927246 0.060547 0.061523
0 0.641602 0.951660 0.048828 0.049805
0 0.650391 0.405273 0.048828 0.048828
0 0.645020 0.510254 0.061523 0.061523
0 0.649902 0.308105 0.061523 0.061523
0 0.648438 0.194824 0.060547 0.061523
0 0.647949 0.624512 0.061523 0.061523
0 0.641602 0.839355 0.060547 0.061523
0 0.645508 0.725098 0.060547 0.061523
0 0.720703 0.804688 0.048828 0.048828
0 0.740234 0.141602 0.048828 0.048828
0 0.729004 0.465332 0.047852 0.049805
0 0.828613 0.518555 0.073242 0.074219
0 0.942383 0.259766 0.048828 0.048828
0 0.948730 0.379395 0.061523 0.061523
0 0.736328 0.253418 0.060547 0.061523
0 0.833984 0.406738 0.060547 0.061523
0 0.726074 0.693848 0.073242 0.073242
0 0.834473 0.738770 0.061523 0.061523
0 0.836426 0.318359 0.061523 0.060547
0 0.841797 0.199707 0.060547 0.061523
0 0.118652 0.822754 0.061523 0.061523
0 0.104492 0.179688 0.048828 0.048828
0 0.272949 0.696777 0.061523 0.061523
0 0.198242 0.503418 0.060547 0.061523
0 0.106445 0.629395 0.048828 0.049805
0 0.290039 0.602051 0.060547 0.061523
0 0.564941 0.350098 0.061523 0.061523
0 0.473633 0.214844 0.037109 0.037109
0 0.203613 0.169922 0.036133 0.037109
0 0.458496 0.860840 0.061523 0.061523
0 0.563477 0.250488 0.048828 0.049805
0 0.285156 0.144531 0.037109 0.037109
0 0.196289 0.275391 0.048828 0.048828
0 0.104492 0.514160 0.048828 0.049805
0 0.561035 0.477051 0.061523 0.061523
0 0.557617 0.569336 0.048828 0.048828
0 0.565918 0.154785 0.061523 0.061523
0 0.646973 0.098633 0.073242 0.074219
0 0.740723 0.041504 0.061523 0.061523
0 0.189453 0.056152 0.097656 0.098633
0 0.096680 0.100098 0.109375 0.110352
0 0.962891 0.496582 0.048828 0.049805
0 0.943848 0.151855 0.024414 0.024414
0 0.943848 0.038574 0.024414 0.024414
0 0.841309 0.091309 0.024414 0.024414
0 0.732910 0.370117 0.036133 0.037109
0 0.729004 0.572266 0.084961 0.085938
0 0.828125 0.854492 0.037109 0.037109
0 0.951660 0.829102 0.036133 0.037109
0 0.831543 0.605957 0.024414 0.024414
0 0.830078 0.973633 0.037109 0.037109
0 0.721680 0.916016 0.048828 0.048828
0 0.943359 0.932617 0.037109 0.037109
0 0.570312 0.049316 0.048828 0.049805
0 0.468262 0.089355 0.036133 0.036133
0 0.466797 0.313477 0.037109 0.037109
0 0.464844 0.429688 0.037109 0.037109
0 0.466797 0.534180 0.037109 0.037109
0 0.462891 0.631836 0.037109 0.037109
0 0.387695 0.254883 0.048828 0.048828
0 0.278809 0.265625 0.036133 0.037109
0 0.290527 0.391602 0.036133 0.037109
0 0.290039 0.474609 0.048828 0.048828
0 0.383789 0.367676 0.060547 0.061523
0 0.195312 0.384766 0.037109 0.037109
0 0.097656 0.435547 0.048828 0.048828
0 0.100586 0.331055 0.037109 0.037109
0 0.197266 0.601074 0.048828 0.049805
0 0.371582 0.682617 0.036133 0.037109
0 0.367188 0.811035 0.048828 0.049805
0 0.551758 0.896484 0.037109 0.037109
0 0.281250 0.809082 0.048828 0.049805
0 0.201172 0.786621 0.048828 0.049805
0 0.195801 0.890137 0.061523 0.061523
0 0.199219 0.970703 0.048828 0.048828
0 0.114258 0.897461 0.048828 0.048828
0 0.111328 0.729980 0.048828 0.049805