0 0.509277 0.349609 0.073242 0.074219
0 0.878906 0.330566 0.048828 0.049805
0 0.792969 0.343262 0.060547 0.061523
0 0.439453 0.829102 0.048828 0.048828
0 0.442383 0.627930 0.048828 0.048828
0 0.438477 0.735352 0.048828 0.048828
0 0.434570 0.944824 0.060547 0.061523
0 0.708008 0.793457 0.060547 0.061523
0 0.793945 0.551270 0.060547 0.061523
0 0.878906 0.454590 0.060547 0.061523
0 0.796875 0.437988 0.060547 0.061523
0 0.437988 0.512207 0.061523 0.061523
0 0.624023 0.611328 0.048828 0.048828
0 0.512695 0.676758 0.037109 0.037109
0 0.623047 0.517578 0.048828 0.048828
0 0.800781 0.645508 0.048828 0.048828
0 0.712891 0.682617 0.060547 0.060547
0 0.967285 0.396973 0.061523 0.061523
0 0.513184 0.562500 0.073242 0.074219
0 0.716309 0.605957 0.061523 0.061523
0 0.511719 0.893066 0.060547 0.061523
0 0.869141 0.676758 0.048828 0.048828
0 0.784180 0.933594 0.048828 0.048828
0 0.503906 0.790039 0.048828 0.048828
0 0.703613 0.880859 0.073242 0.074219
0 0.513184 0.460938 0.073242 0.074219
0 0.224609 0.915527 0.048828 0.049805
0 0.235352 0.608887 0.048828 0.049805
0 0.325684 0.557129 0.061523 0.061523
0 0.124023 0.651855 0.060547 0.061523
0 0.229492 0.807617 0.048828 0.048828
0 0.121094 0.900879 0.048828 0.049805
0 0.323242 0.790527 0.060547 0.061523
0 0.232422 0.707520 0.048828 0.049805
0 0.127930 0.571777 0.060547 0.061523
0 0.232422 0.510742 0.037109 0.037109
0 0.321289 0.672363 0.048828 0.049805
0 0.127930 0.449707 0.048828 0.049805
0 0.334473 0.455078 0.036133 0.037109
0 0.634277 0.238770 0.061523 0.061523
0 0.788574 0.112793 0.061523 0.061523
0 0.518555 0.245117 0.048828 0.048828
0 0.622070 0.045410 0.048828 0.049805
0 0.954590 0.969727 0.036133 0.037109
0 0.968750 0.848145 0.037109 0.036133
0 0.792969 0.840820 0.037109 0.037109
0 0.627930 0.832031 0.048828 0.048828
0 0.323730 0.888672 0.036133 0.037109
0 0.978516 0.047852 0.037109 0.037109
0 0.240723 0.066406 0.024414 0.025391
0 0.887207 0.098633 0.036133 0.037109
0 0.882812 0.227051 0.048828 0.049805
0 0.968262 0.496582 0.036133 0.036133
0 0.796875 0.225098 0.048828 0.049805
0 0.868164 0.558594 0.037109 0.037109
0 0.716797 0.202637 0.048828 0.049805
0 0.711426 0.306152 0.061523 0.061523
0 0.714844 0.386719 0.048828 0.048828
0 0.716797 0.468750 0.048828 0.048828
0 0.625000 0.406250 0.048828 0.048828
0 0.629883 0.313477 0.048828 0.048828
0 0.626953 0.145996 0.048828 0.049805
0 0.514648 0.130859 0.048828 0.048828
0 0.440918 0.174316 0.024414 0.024414
0 0.445801 0.299316 0.024414 0.024414
0 0.447754 0.414062 0.024414 0.025391
0 0.331543 0.341309 0.024414 0.024414
0 0.331543 0.103027 0.024414 0.024414
0 0.963867 0.737305 0.037109 0.037109
0 0.795898 0.747070 0.048828 0.048828
0 0.872070 0.778320 0.037109 0.037109
0 0.624512 0.697754 0.024414 0.024414
0 0.631348 0.927246 0.024414 0.024414
0 0.028809 0.492676 0.024414 0.024414
0 0.028809 0.599609 0.036133 0.037109
0 0.138672 0.127930 0.048828 0.048828
0 0.033203 0.380371 0.037109 0.036133
0 0.038086 0.263672 0.048828 0.048828
0 0.038086 0.159180 0.048828 0.048828
0 0.044922 0.047852 0.048828 0.048828
0 0.239746 0.287598 0.024414 0.024414
0 0.123535 0.375000 0.036133 0.037109