0 0.598145 0.065918 0.073242 0.073242
0 0.121582 0.142090 0.110352 0.110352
0 0.209961 0.077637 0.097656 0.098633
0 0.315918 0.146484 0.122070 0.123047
0 0.404785 0.090332 0.096680 0.098633
0 0.488770 0.145020 0.122070 0.122070
0 0.594238 0.178711 0.122070 0.123047
0 0.692871 0.136719 0.122070 0.123047
0 0.780762 0.083008 0.122070 0.123047
0 0.877930 0.139648 0.109375 0.111328
0 0.881836 0.238281 0.109375 0.111328
0 0.879883 0.360352 0.109375 0.111328
0 0.878906 0.458496 0.097656 0.098633
0 0.885254 0.578125 0.122070 0.123047
0 0.881348 0.677246 0.110352 0.110352
0 0.777832 0.632324 0.110352 0.110352
0 0.780762 0.517090 0.110352 0.110352
0 0.782715 0.300293 0.110352 0.110352
0 0.780762 0.197266 0.122070 0.123047
0 0.782227 0.405273 0.048828 0.048828
0 0.690430 0.235840 0.097656 0.098633
0 0.697266 0.351074 0.097656 0.098633
0 0.686523 0.459473 0.109375 0.110352
0 0.690430 0.582520 0.097656 0.098633
0 0.696289 0.699707 0.109375 0.110352
0 0.591309 0.650391 0.122070 0.123047
0 0.589355 0.524902 0.122070 0.122070
0 0.591309 0.410645 0.122070 0.122070
0 0.594727 0.302246 0.109375 0.110352
0 0.499023 0.258301 0.109375 0.110352
0 0.493164 0.359863 0.097656 0.098633
0 0.500488 0.473633 0.122070 0.123047
0 0.499512 0.592773 0.122070 0.123047
0 0.499512 0.702148 0.122070 0.123047
0 0.389648 0.637207 0.109375 0.110352
0 0.405273 0.533691 0.109375 0.110352
0 0.399414 0.424316 0.097656 0.098633
0 0.397949 0.314941 0.110352 0.110352
0 0.402832 0.195801 0.122070 0.122070
0 0.311035 0.254883 0.122070 0.123047
0 0.304688 0.372559 0.109375 0.110352
0 0.306641 0.473145 0.097656 0.098633
0 0.299316 0.583984 0.122070 0.123047
0 0.307129 0.692383 0.122070 0.123047
0 0.205566 0.628906 0.122070 0.123047
0 0.210938 0.512695 0.097656 0.097656
0 0.209473 0.404297 0.122070 0.123047
0 0.205566 0.299805 0.122070 0.123047
0 0.212402 0.194336 0.122070 0.123047
0 0.119629 0.250977 0.122070 0.123047
0 0.115723 0.351562 0.122070 0.123047
0 0.115723 0.467773 0.122070 0.123047
0 0.113770 0.584961 0.122070 0.123047
0 0.104004 0.697266 0.122070 0.123047
0 0.119629 0.802734 0.122070 0.123047
0 0.117676 0.894531 0.122070 0.123047
0 0.207520 0.743164 0.122070 0.123047
0 0.211426 0.839844 0.122070 0.123047
0 0.297363 0.796875 0.122070 0.123047
0 0.389160 0.876953 0.122070 0.123047
0 0.392090 0.756836 0.122070 0.123047
0 0.306152 0.907715 0.110352 0.110352
0 0.496582 0.823730 0.122070 0.122070
0 0.496582 0.916016 0.122070 0.123047
0 0.673340 0.808594 0.122070 0.123047
0 0.678223 0.916504 0.122070 0.122070
0 0.584473 0.860840 0.110352 0.110352
0 0.597168 0.748535 0.110352 0.110352
0 0.774414 0.854980 0.109375 0.110352
0 0.779297 0.747559 0.109375 0.110352
0 0.878418 0.793945 0.122070 0.123047
0 0.874512 0.906250 0.122070 0.123047