0 0.347656 0.072754 0.109375 0.110352
0 0.255371 0.139648 0.110352 0.111328
0 0.163574 0.094727 0.110352 0.111328
0 0.159668 0.205078 0.110352 0.111328
0 0.062500 0.131836 0.109375 0.111328
0 0.459473 0.126953 0.122070 0.123047
0 0.351074 0.202637 0.122070 0.122070
0 0.550293 0.066895 0.110352 0.110352
0 0.556152 0.195312 0.122070 0.123047
0 0.063477 0.242676 0.109375 0.110352
0 0.064453 0.355469 0.109375 0.111328
0 0.062988 0.461914 0.110352 0.111328
0 0.057129 0.690918 0.110352 0.110352
0 0.163086 0.296387 0.109375 0.110352
0 0.162109 0.413574 0.109375 0.110352
0 0.158203 0.514648 0.109375 0.111328
0 0.156250 0.634766 0.109375 0.111328
0 0.159668 0.741211 0.122070 0.123047
0 0.260254 0.257324 0.110352 0.110352
0 0.254883 0.354980 0.097656 0.098633
0 0.252930 0.459473 0.097656 0.098633
1 0.250977 0.586914 0.109375 0.111328
0 0.258789 0.682617 0.097656 0.097656
0 0.351562 0.308105 0.097656 0.098633
0 0.347168 0.413574 0.110352 0.110352
0 0.352539 0.525879 0.097656 0.098633
0 0.346680 0.637695 0.097656 0.097656
0 0.348633 0.750000 0.109375 0.111328
0 0.455078 0.239746 0.097656 0.098633
0 0.450195 0.361816 0.097656 0.098633
0 0.447266 0.455566 0.109375 0.110352
0 0.441895 0.569336 0.122070 0.123047
0 0.437988 0.683594 0.122070 0.123047
0 0.552246 0.625977 0.122070 0.123047
0 0.552734 0.490723 0.109375 0.110352
0 0.560059 0.392090 0.122070 0.122070
0 0.553711 0.289551 0.097656 0.098633
0 0.552246 0.734375 0.122070 0.123047
0 0.441406 0.805664 0.097656 0.097656
0 0.449219 0.911133 0.097656 0.097656
0 0.350586 0.854492 0.097656 0.097656
0 0.250000 0.800781 0.097656 0.097656
0 0.251953 0.920410 0.097656 0.098633
0 0.154785 0.853027 0.110352 0.110352
0 0.061523 0.799316 0.097656 0.098633
0 0.054688 0.894043 0.097656 0.098633
0 0.646973 0.125000 0.122070 0.123047
0 0.739746 0.064453 0.122070 0.123047
0 0.741699 0.183594 0.122070 0.123047
0 0.836426 0.127930 0.122070 0.123047
0 0.926270 0.069336 0.122070 0.123047
0 0.924805 0.207520 0.097656 0.098633
0 0.835449 0.243164 0.122070 0.123047
0 0.739258 0.295898 0.109375 0.111328
0 0.640137 0.248047 0.110352 0.111328
0 0.645020 0.348145 0.110352 0.110352
0 0.649902 0.459961 0.122070 0.123047
0 0.636230 0.580566 0.110352 0.110352
0 0.645020 0.687012 0.122070 0.122070
0 0.733887 0.625488 0.110352 0.110352
0 0.734863 0.516113 0.110352 0.110352
0 0.734375 0.409180 0.109375 0.111328
0 0.819824 0.354492 0.110352 0.111328
0 0.832520 0.465820 0.122070 0.123047
0 0.821777 0.569336 0.122070 0.123047
0 0.829590 0.695312 0.122070 0.123047
0 0.920410 0.632812 0.122070 0.123047
0 0.920410 0.517578 0.122070 0.123047
0 0.927246 0.404297 0.122070 0.123047
0 0.927246 0.322266 0.122070 0.123047
0 0.549316 0.840820 0.122070 0.123047
0 0.637695 0.909668 0.097656 0.098633
0 0.638184 0.806641 0.122070 0.123047
0 0.733887 0.735352 0.096680 0.097656
0 0.724609 0.845703 0.097656 0.097656
0 0.820801 0.912109 0.110352 0.111328
0 0.825684 0.796875 0.122070 0.123047
0 0.922852 0.742676 0.109375 0.110352
0 0.931152 0.836914 0.122070 0.123047