0 0.901367 0.092285 0.097656 0.098633
0 0.907715 0.211914 0.122070 0.123047
0 0.903809 0.311035 0.110352 0.110352
0 0.800293 0.266113 0.110352 0.110352
0 0.803223 0.150879 0.110352 0.110352
0 0.804688 0.039062 0.048828 0.048828
0 0.708984 0.093262 0.109375 0.110352
0 0.712891 0.216309 0.097656 0.098633
0 0.718750 0.333496 0.109375 0.110352
0 0.613770 0.284180 0.122070 0.123047
0 0.611816 0.158691 0.122070 0.122070
0 0.522949 0.107422 0.122070 0.123047
0 0.521973 0.226562 0.122070 0.123047
0 0.521973 0.335938 0.122070 0.123047
0 0.412109 0.270996 0.109375 0.110352
0 0.427734 0.167480 0.109375 0.110352
0 0.421875 0.058105 0.097656 0.098633
0 0.329102 0.106934 0.097656 0.098633
0 0.321777 0.217773 0.122070 0.123047
0 0.329590 0.326172 0.122070 0.123047
0 0.228027 0.262695 0.122070 0.123047
0 0.233398 0.146484 0.097656 0.097656
0 0.138184 0.101562 0.122070 0.123047
0 0.136230 0.218750 0.122070 0.123047
0 0.126465 0.331055 0.122070 0.123047
0 0.142090 0.436523 0.122070 0.123047
0 0.140137 0.528320 0.122070 0.123047
0 0.135254 0.660156 0.122070 0.123047
0 0.135254 0.772461 0.122070 0.123047
0 0.229980 0.376953 0.122070 0.123047
0 0.233887 0.473633 0.122070 0.123047
0 0.229980 0.591797 0.122070 0.123047
0 0.220215 0.702148 0.122070 0.123047
0 0.226562 0.820801 0.109375 0.110352
0 0.317871 0.871582 0.110352 0.110352
0 0.313965 0.755859 0.110352 0.111328
0 0.325684 0.651367 0.110352 0.111328
0 0.319824 0.430664 0.122070 0.123047
0 0.411621 0.510742 0.122070 0.123047
0 0.414551 0.390625 0.122070 0.123047
0 0.328613 0.541504 0.110352 0.110352
0 0.416016 0.609863 0.109375 0.110352
0 0.416504 0.725586 0.122070 0.123047
0 0.424316 0.816406 0.110352 0.111328
0 0.519043 0.457520 0.122070 0.122070
0 0.519043 0.549805 0.122070 0.123047
0 0.518066 0.655273 0.122070 0.123047
0 0.505859 0.762207 0.109375 0.110352
0 0.514160 0.858398 0.122070 0.123047
0 0.695801 0.442383 0.122070 0.123047
0 0.700684 0.550293 0.122070 0.122070
0 0.605957 0.605957 0.110352 0.110352
0 0.606934 0.494629 0.110352 0.110352
0 0.619629 0.382324 0.110352 0.110352
0 0.689941 0.665527 0.122070 0.122070
0 0.610840 0.746094 0.122070 0.123047
0 0.614746 0.847656 0.122070 0.123047
0 0.709473 0.747559 0.110352 0.110352
0 0.797852 0.711426 0.109375 0.110352
0 0.804688 0.589355 0.109375 0.110352
0 0.796875 0.488770 0.109375 0.110352
0 0.801758 0.381348 0.109375 0.110352
0 0.900879 0.427734 0.122070 0.123047
0 0.896973 0.540039 0.122070 0.123047
0 0.899414 0.645020 0.109375 0.110352
0 0.906250 0.740723 0.109375 0.110352
1 0.888184 0.875488 0.122070 0.122070
0 0.805664 0.937988 0.097656 0.098633
0 0.220703 0.924805 0.048828 0.048828
0 0.041016 0.939453 0.048828 0.048828
0 0.141602 0.872070 0.048828 0.048828