0 0.088867 0.136230 0.109375 0.110352
0 0.095703 0.231934 0.109375 0.110352
1 0.077637 0.366699 0.122070 0.122070
0 0.175781 0.316895 0.109375 0.110352
0 0.179199 0.196777 0.110352 0.110352
0 0.176270 0.095215 0.110352 0.110352
0 0.267578 0.139648 0.097656 0.097656
0 0.274414 0.254395 0.097656 0.098633
0 0.272949 0.372559 0.110352 0.110352
0 0.366211 0.421387 0.097656 0.098633
0 0.372070 0.320312 0.097656 0.097656
0 0.360352 0.206055 0.109375 0.111328
0 0.375488 0.085938 0.122070 0.123047
0 0.456055 0.135742 0.097656 0.097656
0 0.453125 0.255859 0.109375 0.111328
0 0.457031 0.372559 0.109375 0.110352
0 0.564453 0.313477 0.109375 0.111328
0 0.551270 0.205566 0.110352 0.110352
0 0.554199 0.088379 0.110352 0.110352
0 0.652344 0.126465 0.097656 0.098633
0 0.653809 0.263184 0.110352 0.110352
0 0.650879 0.371094 0.110352 0.111328
0 0.547363 0.424805 0.110352 0.111328
0 0.745117 0.423828 0.097656 0.097656
0 0.738281 0.317871 0.109375 0.110352
0 0.744141 0.203613 0.109375 0.110352
0 0.745117 0.092285 0.109375 0.110352
0 0.840820 0.144043 0.097656 0.098633
0 0.840820 0.258301 0.109375 0.110352
0 0.835938 0.369629 0.109375 0.110352
0 0.935059 0.423340 0.110352 0.110352
0 0.954590 0.312012 0.073242 0.073242
0 0.930664 0.200684 0.097656 0.098633
0 0.936523 0.090332 0.097656 0.098633
0 0.939453 0.545410 0.109375 0.110352
0 0.935547 0.645020 0.109375 0.110352
0 0.938477 0.743652 0.097656 0.098633
0 0.932617 0.865723 0.109375 0.110352
0 0.836914 0.478027 0.109375 0.110352
0 0.834961 0.585449 0.109375 0.110352
0 0.836914 0.699707 0.097656 0.098633
0 0.833496 0.804688 0.110352 0.111328
0 0.847656 0.916016 0.097656 0.097656
0 0.740723 0.536621 0.110352 0.110352
0 0.745117 0.646484 0.097656 0.097656
0 0.739258 0.752930 0.097656 0.097656
0 0.740234 0.869141 0.097656 0.097656
0 0.652344 0.479004 0.097656 0.098633
0 0.656250 0.589844 0.097656 0.097656
0 0.657227 0.697266 0.097656 0.097656
0 0.649414 0.927246 0.109375 0.110352
0 0.646484 0.810059 0.109375 0.110352
0 0.546875 0.530273 0.109375 0.111328
0 0.541992 0.640625 0.109375 0.111328
0 0.546875 0.749512 0.109375 0.110352
0 0.545410 0.875000 0.122070 0.123047
0 0.458008 0.470703 0.109375 0.111328
0 0.451172 0.586426 0.109375 0.110352
0 0.453613 0.687012 0.110352 0.110352
0 0.445801 0.797363 0.110352 0.110352
0 0.455566 0.880371 0.073242 0.073242
0 0.359375 0.529785 0.097656 0.098633
0 0.363281 0.634277 0.097656 0.098633
0 0.361328 0.748535 0.097656 0.098633
0 0.356934 0.860840 0.110352 0.110352
0 0.269531 0.473145 0.097656 0.098633
0 0.263184 0.578613 0.110352 0.110352
0 0.258789 0.696777 0.109375 0.110352
0 0.265625 0.812012 0.109375 0.110352
0 0.174805 0.417480 0.097656 0.098633
0 0.173828 0.527832 0.109375 0.110352
0 0.174805 0.635254 0.109375 0.110352
0 0.172852 0.748535 0.109375 0.110352
1 0.083008 0.466309 0.097656 0.098633
0 0.085449 0.574707 0.110352 0.110352
0 0.082520 0.698730 0.110352 0.110352
0 0.076660 0.809082 0.110352 0.110352
0 0.075684 0.914551 0.110352 0.110352
0 0.167480 0.858887 0.110352 0.110352
0 0.268555 0.922363 0.109375 0.110352