0 0.119629 0.053223 0.061523 0.061523
0 0.211914 0.131836 0.048828 0.048828
0 0.309570 0.062988 0.048828 0.049805
0 0.882812 0.074707 0.060547 0.061523
0 0.702637 0.070312 0.073242 0.074219
0 0.778320 0.122070 0.048828 0.048828
0 0.503906 0.056641 0.048828 0.048828
0 0.605957 0.119629 0.073242 0.073242
0 0.398926 0.120605 0.061523 0.061523
0 0.210449 0.335938 0.073242 0.074219
0 0.120605 0.267090 0.061523 0.061523
0 0.308594 0.281250 0.048828 0.048828
0 0.313477 0.173340 0.048828 0.049805
0 0.118164 0.154297 0.048828 0.048828
0 0.216797 0.227051 0.060547 0.061523
0 0.595215 0.618164 0.084961 0.085938
0 0.776855 0.336426 0.061523 0.061523
0 0.876953 0.281250 0.048828 0.048828
0 0.680176 0.768555 0.084961 0.085938
0 0.607910 0.229004 0.061523 0.061523
0 0.775879 0.233887 0.061523 0.061523
0 0.502441 0.178223 0.061523 0.061523
0 0.974609 0.249023 0.048828 0.048828
0 0.763184 0.936035 0.073242 0.073242
0 0.308105 0.645508 0.122070 0.123047
0 0.300293 0.750977 0.122070 0.123047
0 0.305176 0.875977 0.122070 0.123047
0 0.208496 0.923828 0.122070 0.123047
0 0.213379 0.818359 0.122070 0.123047
0 0.207520 0.740234 0.122070 0.123047
0 0.112793 0.642578 0.110352 0.111328
0 0.113770 0.759766 0.122070 0.123047
0 0.124512 0.867676 0.122070 0.122070
0 0.391113 0.608398 0.084961 0.085938
0 0.392090 0.701660 0.122070 0.122070
0 0.388184 0.820312 0.122070 0.123047
0 0.394531 0.923828 0.085938 0.085938
0 0.482910 0.872070 0.122070 0.123047
0 0.491699 0.760254 0.084961 0.086914
0 0.486816 0.633789 0.084961 0.085938
0 0.592773 0.708008 0.085938 0.085938
0 0.597656 0.820312 0.085938 0.085938
0 0.585938 0.929688 0.085938 0.085938
0 0.675293 0.847656 0.084961 0.085938
0 0.683105 0.663086 0.084961 0.085938
0 0.767090 0.607422 0.084961 0.085938
0 0.759277 0.724121 0.084961 0.086914
0 0.764160 0.829102 0.084961 0.085938
0 0.950195 0.922363 0.097656 0.098633
0 0.870605 0.670898 0.122070 0.123047
0 0.870117 0.773926 0.097656 0.098633
0 0.977539 0.140625 0.037109 0.037109
0 0.874512 0.190430 0.036133 0.037109
0 0.694824 0.169922 0.073242 0.074219
0 0.693359 0.291016 0.037109 0.037109
0 0.606445 0.318848 0.048828 0.049805
0 0.502930 0.359863 0.048828 0.049805
0 0.404297 0.229980 0.048828 0.049805
0 0.314453 0.360352 0.048828 0.048828
0 0.045898 0.095703 0.037109 0.037109