0 0.120117 0.071289 0.048828 0.048828
0 0.876465 0.096680 0.073242 0.074219
0 0.406738 0.408203 0.084961 0.085938
0 0.588379 0.126465 0.061523 0.061523
0 0.688477 0.071289 0.048828 0.048828
0 0.491699 0.558594 0.084961 0.085938
0 0.786133 0.039062 0.048828 0.048828
0 0.574707 0.726074 0.073242 0.073242
0 0.119629 0.435547 0.122070 0.123047
0 0.111816 0.541016 0.122070 0.123047
0 0.116699 0.666016 0.122070 0.123047
0 0.116699 0.775391 0.122070 0.123047
0 0.110840 0.882812 0.122070 0.123047
0 0.872070 0.461426 0.097656 0.098633
0 0.875977 0.572754 0.109375 0.110352
0 0.868164 0.675781 0.097656 0.097656
0 0.869141 0.786621 0.109375 0.110352
0 0.863770 0.876465 0.110352 0.110352
0 0.202637 0.398438 0.084961 0.085938
0 0.203613 0.491699 0.122070 0.122070
0 0.199707 0.610352 0.122070 0.123047
0 0.206055 0.713867 0.085938 0.085938
0 0.199707 0.831055 0.122070 0.123047
0 0.196777 0.935547 0.122070 0.123047
0 0.292480 0.875488 0.122070 0.122070
0 0.297363 0.775391 0.122070 0.123047
0 0.294434 0.662109 0.122070 0.123047
0 0.303223 0.550293 0.084961 0.086914
0 0.298340 0.423828 0.084961 0.085938
0 0.404297 0.498047 0.085938 0.085938
0 0.409180 0.610352 0.085938 0.085938
0 0.397461 0.719727 0.085938 0.085938
0 0.401367 0.833984 0.085938 0.085938
0 0.399902 0.950195 0.084961 0.085938
1 0.485352 0.880859 0.085938 0.085938
0 0.490234 0.758789 0.097656 0.097656
0 0.486816 0.637695 0.084961 0.085938
0 0.494629 0.453125 0.084961 0.085938
0 0.578613 0.397461 0.084961 0.085938
0 0.570801 0.514160 0.084961 0.086914
0 0.575684 0.619141 0.084961 0.085938
0 0.662109 0.869141 0.048828 0.048828
0 0.569336 0.839844 0.085938 0.085938
0 0.766602 0.917480 0.097656 0.098633
0 0.766602 0.815918 0.097656 0.098633
0 0.761719 0.712402 0.097656 0.098633
0 0.776367 0.611816 0.097656 0.098633
0 0.780273 0.492188 0.097656 0.097656
0 0.774902 0.401367 0.084961 0.085938
0 0.682129 0.460938 0.122070 0.123047
0 0.681641 0.563965 0.097656 0.098633
0 0.667480 0.765625 0.084961 0.085938
0 0.504883 0.081055 0.037109 0.037109
0 0.417969 0.108887 0.048828 0.049805
0 0.314453 0.149902 0.048828 0.049805
0 0.125977 0.150391 0.048828 0.048828