0 0.092285 0.125977 0.073242 0.074219
0 0.084473 0.335449 0.073242 0.073242
0 0.179688 0.430664 0.085938 0.085938
0 0.090332 0.465332 0.073242 0.073242
0 0.181152 0.302734 0.073242 0.074219
0 0.183105 0.525391 0.084961 0.085938
0 0.086426 0.766602 0.073242 0.074219
0 0.083496 0.898926 0.073242 0.073242
0 0.181152 0.937988 0.073242 0.073242
0 0.081543 0.658203 0.073242 0.074219
0 0.189941 0.820801 0.073242 0.073242
0 0.087402 0.572266 0.073242 0.074219
0 0.280762 0.461914 0.073242 0.074219
0 0.279297 0.366699 0.060547 0.061523
0 0.474121 0.371094 0.084961 0.085938
0 0.785645 0.526367 0.084961 0.085938
0 0.171875 0.626953 0.097656 0.097656
0 0.174316 0.708984 0.084961 0.085938
0 0.269531 0.877930 0.085938 0.085938
0 0.277344 0.792480 0.097656 0.098633
0 0.275879 0.682617 0.122070 0.123047
0 0.276367 0.578613 0.109375 0.110352
0 0.187500 0.075195 0.048828 0.048828
0 0.183594 0.179688 0.048828 0.048828
0 0.092285 0.220703 0.073242 0.074219
0 0.854980 0.807129 0.084961 0.086914
0 0.867188 0.370117 0.085938 0.085938
0 0.864258 0.480469 0.085938 0.085938
0 0.856445 0.600586 0.085938 0.085938
0 0.783203 0.403809 0.097656 0.098633
0 0.779297 0.312988 0.097656 0.098633
0 0.670898 0.331055 0.085938 0.085938
0 0.474121 0.570312 0.122070 0.123047
1 0.470215 0.689941 0.110352 0.110352
0 0.468262 0.798828 0.122070 0.123047
0 0.347168 0.956055 0.084961 0.085938
0 0.383789 0.528320 0.109375 0.111328
0 0.365723 0.647949 0.122070 0.122070
0 0.373535 0.747070 0.122070 0.123047
0 0.370605 0.850586 0.122070 0.123047
0 0.568359 0.641602 0.109375 0.111328
0 0.567871 0.742188 0.122070 0.123047
0 0.566895 0.854980 0.122070 0.122070
0 0.649902 0.912109 0.122070 0.123047
0 0.661133 0.796387 0.097656 0.098633
0 0.662598 0.692383 0.084961 0.085938
0 0.657715 0.589844 0.084961 0.085938
0 0.761719 0.869629 0.097656 0.098633
0 0.851074 0.937012 0.110352 0.110352
1 0.779785 0.738281 0.073242 0.074219