0 0.462402 0.388672 0.073242 0.074219
0 0.458496 0.597168 0.061523 0.061523
0 0.183594 0.684082 0.048828 0.049805
0 0.283203 0.496094 0.048828 0.048828
0 0.286621 0.614746 0.061523 0.061523
0 0.093750 0.514160 0.060547 0.061523
0 0.381348 0.855957 0.061523 0.061523
0 0.184082 0.570801 0.061523 0.061523
0 0.084473 0.605957 0.073242 0.073242
0 0.823730 0.711426 0.061523 0.061523
0 0.545410 0.865234 0.084961 0.085938
0 0.929199 0.868164 0.073242 0.074219
0 0.832520 0.915039 0.073242 0.074219
0 0.739258 0.863770 0.097656 0.098633
0 0.643066 0.916992 0.122070 0.123047
0 0.456055 0.910645 0.085938 0.086914
0 0.281738 0.912109 0.122070 0.123047
0 0.076172 0.904785 0.097656 0.098633
0 0.937012 0.655762 0.110352 0.110352
0 0.938965 0.555176 0.110352 0.110352
0 0.942871 0.445801 0.110352 0.110352
0 0.943359 0.332520 0.109375 0.110352
0 0.939453 0.222168 0.109375 0.110352
0 0.942383 0.117188 0.097656 0.097656
0 0.844238 0.173340 0.110352 0.110352
0 0.850586 0.283691 0.097656 0.098633
0 0.841797 0.404785 0.097656 0.098633
0 0.843262 0.510254 0.110352 0.110352
0 0.842773 0.621582 0.097656 0.098633
0 0.755371 0.124512 0.110352 0.110352
0 0.745605 0.227051 0.110352 0.110352
0 0.742676 0.342285 0.110352 0.110352
0 0.750977 0.443848 0.109375 0.110352
0 0.747070 0.586426 0.109375 0.110352
0 0.743164 0.683594 0.085938 0.085938
0 0.656250 0.177246 0.109375 0.110352
0 0.654297 0.283691 0.109375 0.110352
0 0.652344 0.399902 0.109375 0.110352
0 0.648438 0.512207 0.109375 0.110352
0 0.657715 0.609863 0.110352 0.110352
0 0.560547 0.231934 0.097656 0.098633
0 0.552734 0.338379 0.109375 0.110352
0 0.550293 0.445801 0.110352 0.110352
0 0.552246 0.567383 0.084961 0.085938
0 0.554199 0.674805 0.073242 0.074219
0 0.465332 0.173828 0.084961 0.085938
0 0.455566 0.289551 0.110352 0.110352
0 0.464355 0.500977 0.073242 0.074219
0 0.467285 0.678711 0.073242 0.074219
0 0.375488 0.121582 0.110352 0.110352
0 0.361816 0.220215 0.110352 0.110352
0 0.362793 0.323242 0.073242 0.074219
0 0.363281 0.423828 0.085938 0.085938
0 0.371094 0.515625 0.085938 0.085938
0 0.374023 0.634277 0.097656 0.098633
0 0.285156 0.403320 0.037109 0.037109
0 0.191895 0.463867 0.036133 0.037109
0 0.079102 0.692871 0.048828 0.049805
0 0.288086 0.179199 0.109375 0.110352
0 0.277344 0.279297 0.109375 0.111328
0 0.199707 0.134766 0.122070 0.123047
0 0.188965 0.234375 0.110352 0.111328
0 0.187012 0.340332 0.110352 0.110352
0 0.101074 0.180664 0.110352 0.111328
0 0.102051 0.283691 0.110352 0.110352
0 0.093262 0.395996 0.110352 0.110352
0 0.655762 0.062988 0.122070 0.122070
0 0.556641 0.116699 0.109375 0.110352
0 0.470215 0.074707 0.110352 0.110352
0 0.283203 0.071777 0.109375 0.110352
0 0.099121 0.068359 0.110352 0.111328