0 0.420898 0.588379 0.060547 0.061523
0 0.126953 0.738281 0.085938 0.085938
0 0.323242 0.665527 0.060547 0.061523
0 0.321777 0.767578 0.073242 0.074219
0 0.226562 0.589844 0.048828 0.048828
0 0.705078 0.392578 0.048828 0.048828
0 0.606934 0.481934 0.061523 0.061523
0 0.515137 0.437012 0.061523 0.061523
0 0.873535 0.909668 0.061523 0.061523
0 0.798828 0.716309 0.060547 0.061523
0 0.707031 0.842285 0.048828 0.049805
0 0.890625 0.814941 0.060547 0.061523
0 0.804199 0.382812 0.036133 0.037109
0 0.608887 0.712402 0.061523 0.061523
0 0.885742 0.357422 0.037109 0.037109
0 0.796875 0.488281 0.048828 0.048828
0 0.705078 0.727051 0.048828 0.049805
0 0.529297 0.650879 0.048828 0.049805
0 0.895020 0.082520 0.110352 0.110352
0 0.889160 0.257324 0.122070 0.122070
0 0.790039 0.269043 0.097656 0.098633
0 0.786621 0.166504 0.110352 0.110352
0 0.697754 0.178711 0.122070 0.123047
0 0.697266 0.312988 0.109375 0.110352
0 0.607910 0.145508 0.122070 0.123047
0 0.608398 0.263184 0.097656 0.098633
0 0.513184 0.331055 0.110352 0.111328
0 0.511719 0.103027 0.097656 0.098633
0 0.503906 0.208984 0.097656 0.097656
0 0.418945 0.149414 0.097656 0.097656
0 0.416016 0.262695 0.109375 0.111328
0 0.421875 0.358398 0.085938 0.085938
0 0.328125 0.184570 0.109375 0.111328
0 0.324707 0.306641 0.122070 0.123047
0 0.332520 0.415039 0.122070 0.123047
0 0.232422 0.137695 0.097656 0.097656
0 0.226562 0.265137 0.097656 0.098633
0 0.229004 0.367676 0.110352 0.110352
0 0.136230 0.108887 0.110352 0.110352
0 0.132812 0.212402 0.097656 0.098633
0 0.127930 0.318848 0.097656 0.098633
0 0.132812 0.438965 0.085938 0.086914
0 0.126465 0.532227 0.084961 0.085938
0 0.125977 0.645996 0.097656 0.098633
0 0.879395 0.478516 0.036133 0.037109
0 0.891113 0.604492 0.036133 0.037109
0 0.890625 0.687500 0.048828 0.048828
0 0.795898 0.597656 0.037109 0.037109
0 0.698242 0.648438 0.048828 0.048828
0 0.701172 0.543945 0.037109 0.037109
0 0.608398 0.387695 0.048828 0.048828
0 0.603516 0.595215 0.048828 0.049805
0 0.530273 0.742676 0.048828 0.049805
0 0.525879 0.551270 0.061523 0.061523
0 0.412109 0.476074 0.048828 0.049805
0 0.327148 0.538574 0.060547 0.061523
0 0.325684 0.863281 0.024414 0.025391
0 0.426758 0.807617 0.048828 0.048828
0 0.420898 0.689941 0.048828 0.049805
0 0.604492 0.813965 0.048828 0.049805
0 0.797852 0.813965 0.048828 0.049805
0 0.972168 0.895508 0.036133 0.037109
0 0.711914 0.942871 0.048828 0.049805
0 0.599609 0.927734 0.048828 0.048828
0 0.525879 0.971191 0.024414 0.024414
0 0.416504 0.899902 0.024414 0.024414
0 0.220703 0.813477 0.048828 0.048828
0 0.223633 0.924805 0.048828 0.048828
0 0.123047 0.956055 0.048828 0.048828
0 0.129883 0.844727 0.048828 0.048828
1 0.227539 0.492188 0.048828 0.048828
0 0.229004 0.702637 0.024414 0.024414