0 0.892578 0.354004 0.060547 0.061523
0 0.534180 0.362305 0.048828 0.048828
0 0.613281 0.427734 0.048828 0.048828
0 0.796387 0.411621 0.061523 0.061523
0 0.616211 0.303223 0.060547 0.061523
0 0.541016 0.151367 0.048828 0.048828
0 0.540039 0.057617 0.048828 0.048828
0 0.536133 0.267090 0.060547 0.061523
0 0.809570 0.115723 0.060547 0.061523
0 0.613281 0.215332 0.060547 0.061523
0 0.885742 0.255859 0.048828 0.048828
0 0.605469 0.112305 0.048828 0.048828
0 0.805176 0.203125 0.073242 0.074219
0 0.421875 0.395996 0.048828 0.049805
0 0.425781 0.299316 0.048828 0.049805
0 0.326172 0.237793 0.048828 0.049805
0 0.332520 0.336426 0.061523 0.061523
0 0.331055 0.129883 0.048828 0.048828
0 0.222656 0.223145 0.048828 0.049805
0 0.233398 0.304199 0.048828 0.049805
0 0.233398 0.399902 0.048828 0.049805
0 0.126953 0.438477 0.048828 0.048828
0 0.331055 0.437988 0.048828 0.049805
0 0.424805 0.112793 0.060547 0.061523
0 0.333984 0.029785 0.048828 0.049805
0 0.891113 0.584473 0.061523 0.061523
0 0.792480 0.518066 0.061523 0.061523
0 0.897461 0.488281 0.060547 0.060547
0 0.890137 0.679199 0.061523 0.061523
0 0.962402 0.641602 0.073242 0.074219
0 0.962891 0.515625 0.060547 0.060547
0 0.969727 0.301758 0.048828 0.048828
0 0.979492 0.414062 0.037109 0.037109
0 0.894531 0.163086 0.037109 0.037109
0 0.804688 0.310547 0.048828 0.048828
0 0.721680 0.366211 0.048828 0.048828
0 0.716797 0.464355 0.060547 0.061523
0 0.729492 0.154297 0.048828 0.048828
0 0.527832 0.467285 0.024414 0.024414
0 0.425293 0.210938 0.036133 0.037109
0 0.235352 0.498047 0.048828 0.048828
0 0.129883 0.336914 0.048828 0.048828
0 0.041016 0.391602 0.048828 0.048828
0 0.897461 0.069336 0.048828 0.048828
0 0.973633 0.100586 0.037109 0.037109
0 0.726074 0.020020 0.024414 0.024414
0 0.732910 0.249512 0.024414 0.024414
0 0.435059 0.500488 0.024414 0.024414