0 0.905762 0.174805 0.122070 0.123047
0 0.915527 0.277832 0.110352 0.110352
0 0.913574 0.389160 0.110352 0.110352
0 0.902344 0.481934 0.097656 0.098633
1 0.812988 0.437012 0.122070 0.122070
0 0.806152 0.342773 0.122070 0.123047
0 0.800293 0.224609 0.122070 0.123047
0 0.823730 0.123047 0.122070 0.123047
0 0.714844 0.169434 0.109375 0.110352
0 0.717285 0.271484 0.122070 0.123047
0 0.717285 0.380371 0.122070 0.122070
0 0.716797 0.481934 0.097656 0.098633
0 0.614258 0.442871 0.097656 0.098633
0 0.606445 0.338379 0.097656 0.098633
0 0.616211 0.224121 0.097656 0.098633
0 0.619141 0.116699 0.109375 0.110352
0 0.520996 0.071777 0.110352 0.110352
0 0.524414 0.170410 0.097656 0.098633
0 0.523926 0.274902 0.110352 0.110352
0 0.527344 0.393066 0.109375 0.110352
0 0.426270 0.437500 0.122070 0.123047
0 0.423828 0.312012 0.109375 0.110352
0 0.440918 0.197266 0.122070 0.123047
0 0.431641 0.096191 0.097656 0.098633
0 0.336914 0.060059 0.109375 0.110352
0 0.336914 0.169434 0.109375 0.110352
0 0.334961 0.273926 0.097656 0.098633
0 0.339355 0.401367 0.122070 0.123047
0 0.907715 0.608398 0.122070 0.123047
0 0.144043 0.390625 0.122070 0.123047
0 0.144043 0.275391 0.122070 0.123047
0 0.150879 0.162109 0.122070 0.123047
0 0.150879 0.080078 0.122070 0.123047
0 0.255859 0.115723 0.097656 0.098633
0 0.245605 0.232910 0.110352 0.110352
0 0.236816 0.333984 0.110352 0.111328
0 0.249512 0.454102 0.110352 0.111328
0 0.146484 0.500488 0.109375 0.110352
0 0.154785 0.594727 0.122070 0.123047
0 0.145020 0.714844 0.122070 0.123047
0 0.145996 0.840820 0.122070 0.123047
0 0.248047 0.884766 0.097656 0.097656
0 0.238770 0.780273 0.122070 0.123047
0 0.239746 0.672852 0.122070 0.123047
0 0.238281 0.560059 0.097656 0.098633
0 0.339355 0.498535 0.110352 0.110352
0 0.429688 0.540527 0.109375 0.110352
0 0.430176 0.658691 0.110352 0.110352
0 0.334473 0.614746 0.110352 0.110352
0 0.341309 0.710449 0.110352 0.110352
0 0.334473 0.832031 0.122070 0.123047
0 0.429199 0.888672 0.122070 0.123047
0 0.431641 0.756348 0.097656 0.098633
0 0.523438 0.503418 0.109375 0.110352
0 0.520020 0.617676 0.122070 0.122070
0 0.519043 0.729492 0.122070 0.123047
0 0.520996 0.831055 0.122070 0.123047
0 0.517090 0.935547 0.122070 0.123047
0 0.612793 0.890625 0.122070 0.123047
0 0.618652 0.775879 0.122070 0.122070
0 0.618652 0.666504 0.122070 0.122070
0 0.609375 0.562988 0.097656 0.098633
0 0.717285 0.600586 0.122070 0.123047
0 0.720215 0.715820 0.122070 0.123047
0 0.716309 0.825684 0.122070 0.122070
0 0.716309 0.936523 0.122070 0.123047
0 0.821289 0.898926 0.097656 0.098633
0 0.811035 0.795898 0.122070 0.123047
0 0.817871 0.666992 0.122070 0.123047
0 0.822754 0.541992 0.122070 0.123047
0 0.904785 0.728516 0.122070 0.123047
0 0.898926 0.829102 0.122070 0.123047