0 0.066406 0.053223 0.097656 0.098633
0 0.167969 0.102051 0.097656 0.098633
0 0.365723 0.107422 0.110352 0.111328
0 0.550293 0.107422 0.122070 0.123047
0 0.638184 0.064453 0.122070 0.123047
0 0.914551 0.094238 0.110352 0.110352
0 0.827148 0.242188 0.037109 0.037109
0 0.930664 0.200684 0.109375 0.110352
0 0.917969 0.320801 0.097656 0.098633
0 0.909668 0.439941 0.073242 0.073242
0 0.910156 0.546387 0.097656 0.098633
0 0.816406 0.607422 0.097656 0.097656
0 0.736816 0.554688 0.036133 0.037109
0 0.819336 0.365234 0.085938 0.085938
0 0.817383 0.490234 0.085938 0.085938
0 0.737793 0.207520 0.122070 0.122070
0 0.640137 0.155273 0.122070 0.123047
0 0.634277 0.409668 0.110352 0.110352
0 0.539551 0.329102 0.122070 0.123047
0 0.541992 0.213379 0.109375 0.110352
0 0.541992 0.423828 0.109375 0.111328
0 0.545410 0.544922 0.122070 0.123047
0 0.544434 0.638672 0.122070 0.123047
0 0.448730 0.603027 0.110352 0.110352
0 0.448730 0.494141 0.122070 0.123047
0 0.455566 0.369141 0.122070 0.123047
0 0.447754 0.274414 0.122070 0.123047
0 0.451172 0.157715 0.109375 0.110352
0 0.361816 0.208984 0.110352 0.111328
0 0.354980 0.330078 0.122070 0.123047
0 0.364746 0.433105 0.110352 0.110352
0 0.362793 0.544434 0.110352 0.110352
0 0.351562 0.637207 0.097656 0.098633
1 0.262207 0.592285 0.122070 0.122070
0 0.255371 0.498047 0.122070 0.123047
0 0.249512 0.379883 0.122070 0.123047
0 0.272949 0.278320 0.122070 0.123047
0 0.262207 0.164062 0.122070 0.123047
0 0.168945 0.205566 0.109375 0.110352
0 0.164062 0.324707 0.109375 0.110352
0 0.166504 0.426758 0.122070 0.123047
0 0.166504 0.535645 0.122070 0.122070
0 0.166016 0.637207 0.097656 0.098633
0 0.063477 0.598145 0.097656 0.098633
0 0.055664 0.493652 0.097656 0.098633
0 0.065430 0.379395 0.097656 0.098633
0 0.068359 0.271973 0.109375 0.110352
0 0.063477 0.144043 0.097656 0.098633
0 0.829102 0.146484 0.085938 0.085938
0 0.897949 0.664062 0.122070 0.123047
0 0.810059 0.726562 0.073242 0.074219
0 0.905273 0.765137 0.109375 0.110352
0 0.447754 0.728516 0.122070 0.123047
0 0.356934 0.763672 0.122070 0.123047
0 0.539551 0.765625 0.122070 0.123047
0 0.067871 0.931152 0.122070 0.122070
0 0.067871 0.821777 0.122070 0.122070
0 0.058594 0.718262 0.097656 0.098633
0 0.166504 0.755859 0.122070 0.123047
0 0.169434 0.871094 0.122070 0.123047
0 0.267090 0.822266 0.122070 0.123047
0 0.271973 0.697266 0.122070 0.123047
0 0.354004 0.883789 0.122070 0.123047
0 0.443848 0.923828 0.122070 0.123047
0 0.447266 0.821289 0.097656 0.097656
0 0.543457 0.863281 0.122070 0.123047
0 0.904785 0.864258 0.084961 0.085938