0 0.136230 0.206543 0.061523 0.061523
0 0.228516 0.199219 0.048828 0.048828
0 0.040039 0.034180 0.048828 0.048828
0 0.144531 0.029297 0.048828 0.048828
0 0.140625 0.112305 0.048828 0.048828
0 0.224609 0.111328 0.048828 0.048828
0 0.134277 0.301270 0.061523 0.061523
0 0.123535 0.698242 0.073242 0.074219
0 0.115723 0.907715 0.073242 0.073242
0 0.032715 0.643066 0.061523 0.061523
0 0.038086 0.736816 0.060547 0.061523
0 0.033203 0.333496 0.060547 0.061523
0 0.038086 0.429199 0.060547 0.061523
0 0.219238 0.395020 0.061523 0.061523
0 0.218750 0.292480 0.060547 0.061523
0 0.135254 0.380371 0.061523 0.061523
0 0.141602 0.457520 0.048828 0.049805
0 0.225586 0.478027 0.048828 0.049805
0 0.212402 0.875000 0.073242 0.074219
0 0.922852 0.223145 0.048828 0.049805
0 0.926758 0.126465 0.048828 0.049805
0 0.827148 0.064941 0.048828 0.049805
0 0.833496 0.163574 0.061523 0.061523
0 0.723633 0.050293 0.048828 0.049805
0 0.734375 0.131348 0.048828 0.049805
0 0.734375 0.227051 0.048828 0.049805
0 0.627930 0.265625 0.048828 0.048828
0 0.832031 0.265137 0.048828 0.049805
0 0.294922 0.444336 0.048828 0.048828
0 0.304688 0.341797 0.048828 0.048828
0 0.310547 0.938965 0.060547 0.061523
0 0.505371 0.943359 0.084961 0.085938
0 0.218750 0.647461 0.048828 0.048828
0 0.214844 0.751953 0.048828 0.048828
0 0.123535 0.792969 0.073242 0.074219
0 0.898438 0.942383 0.085938 0.085938
0 0.810547 0.885254 0.097656 0.098633
0 0.702148 0.903320 0.085938 0.085938
0 0.926270 0.038086 0.036133 0.037109
0 0.736328 0.325195 0.048828 0.048828
0 0.630859 0.164062 0.048828 0.048828
0 0.541992 0.218750 0.048828 0.048828
0 0.037109 0.135742 0.048828 0.048828
0 0.936035 0.327637 0.024414 0.024414