0 0.482910 0.091797 0.122070 0.123047
0 0.855469 0.107422 0.109375 0.111328
0 0.951660 0.603516 0.073242 0.074219
0 0.955078 0.497070 0.085938 0.085938
0 0.859375 0.210938 0.109375 0.111328
0 0.860352 0.326172 0.109375 0.111328
0 0.857422 0.437988 0.109375 0.110352
0 0.860352 0.543457 0.097656 0.098633
0 0.770508 0.151367 0.109375 0.111328
0 0.768555 0.273438 0.109375 0.111328
0 0.767578 0.371582 0.097656 0.098633
0 0.773926 0.491211 0.122070 0.123047
0 0.770020 0.590332 0.110352 0.110352
0 0.666504 0.545410 0.110352 0.110352
0 0.669434 0.430176 0.110352 0.110352
0 0.671387 0.213379 0.110352 0.110352
0 0.669434 0.110352 0.122070 0.123047
0 0.670898 0.318359 0.048828 0.048828
0 0.579102 0.148926 0.097656 0.098633
0 0.585938 0.264160 0.097656 0.098633
0 0.575195 0.372559 0.109375 0.110352
0 0.579102 0.495605 0.097656 0.098633
0 0.584961 0.612793 0.109375 0.110352
0 0.479980 0.563477 0.122070 0.123047
0 0.478027 0.437988 0.122070 0.122070
0 0.479980 0.323730 0.122070 0.122070
0 0.483398 0.215332 0.109375 0.110352
0 0.387695 0.171387 0.109375 0.110352
0 0.381836 0.272949 0.097656 0.098633
0 0.389160 0.386719 0.122070 0.123047
0 0.388184 0.505859 0.122070 0.123047
0 0.388184 0.615234 0.122070 0.123047
0 0.278320 0.550293 0.109375 0.110352
0 0.293945 0.446777 0.109375 0.110352
0 0.288086 0.337402 0.097656 0.098633
0 0.286621 0.228027 0.110352 0.110352
0 0.291504 0.108887 0.122070 0.122070
0 0.199707 0.167969 0.122070 0.123047
0 0.193359 0.285645 0.109375 0.110352
0 0.195312 0.386230 0.097656 0.098633
0 0.187988 0.497070 0.122070 0.123047
0 0.195801 0.605469 0.122070 0.123047
0 0.094238 0.541992 0.122070 0.123047
0 0.099609 0.425781 0.097656 0.097656
0 0.098145 0.317383 0.122070 0.123047
0 0.094238 0.212891 0.122070 0.123047
0 0.101074 0.107422 0.122070 0.123047
0 0.096191 0.656250 0.122070 0.123047
0 0.100098 0.752930 0.122070 0.123047
0 0.096191 0.871094 0.122070 0.123047
0 0.191895 0.930664 0.110352 0.111328
0 0.186035 0.709961 0.122070 0.123047
0 0.277832 0.790039 0.122070 0.123047
0 0.280762 0.669922 0.122070 0.123047
0 0.194824 0.820801 0.110352 0.110352
0 0.282227 0.889160 0.109375 0.110352
0 0.385254 0.736816 0.122070 0.122070
0 0.385254 0.829102 0.122070 0.123047
0 0.384277 0.934570 0.122070 0.123047
0 0.562012 0.721680 0.122070 0.123047
0 0.566895 0.829590 0.122070 0.122070
0 0.472168 0.885254 0.110352 0.110352
0 0.473145 0.773926 0.110352 0.110352
0 0.485840 0.661621 0.110352 0.110352
0 0.670898 0.868652 0.109375 0.110352
0 0.663086 0.768066 0.109375 0.110352
0 0.667969 0.660645 0.109375 0.110352
0 0.767090 0.707031 0.122070 0.123047
0 0.763184 0.819336 0.122070 0.123047
0 0.765625 0.924316 0.109375 0.110352
0 0.853027 0.883301 0.110352 0.110352
0 0.859863 0.765625 0.110352 0.111328
0 0.856934 0.661133 0.110352 0.111328
0 0.944336 0.927734 0.097656 0.097656