0 0.127441 0.077148 0.122070 0.123047
0 0.124512 0.183594 0.122070 0.123047
0 0.119629 0.297363 0.122070 0.122070
0 0.122559 0.399902 0.110352 0.110352
0 0.115234 0.530762 0.097656 0.098633
0 0.113770 0.643066 0.110352 0.110352
0 0.206543 0.581055 0.084961 0.085938
0 0.209961 0.479980 0.097656 0.098633
0 0.208008 0.361816 0.097656 0.098633
0 0.212891 0.252441 0.097656 0.098633
0 0.213379 0.149414 0.122070 0.123047
0 0.309082 0.078125 0.096680 0.097656
0 0.299805 0.188477 0.097656 0.097656
0 0.318359 0.293457 0.097656 0.098633
0 0.308594 0.417969 0.085938 0.085938
0 0.311523 0.517090 0.097656 0.098633
0 0.307617 0.639160 0.097656 0.098633
0 0.401855 0.578125 0.122070 0.123047
0 0.398926 0.473633 0.122070 0.123047
0 0.398926 0.354492 0.122070 0.123047
0 0.395996 0.254883 0.110352 0.111328
0 0.400879 0.139648 0.122070 0.123047
0 0.498047 0.085449 0.109375 0.110352
0 0.506348 0.179688 0.122070 0.123047
0 0.496582 0.299805 0.122070 0.123047
0 0.497559 0.425781 0.122070 0.123047
0 0.489746 0.529785 0.110352 0.110352
0 0.490723 0.640625 0.122070 0.123047
0 0.593750 0.578613 0.109375 0.110352
0 0.599609 0.469727 0.097656 0.097656
0 0.590332 0.365234 0.122070 0.123047
0 0.591309 0.257812 0.122070 0.123047
0 0.589844 0.145020 0.097656 0.098633
0 0.690918 0.083496 0.110352 0.110352
0 0.781250 0.125488 0.109375 0.110352
0 0.781738 0.243652 0.110352 0.110352
0 0.686035 0.199707 0.110352 0.110352
0 0.692871 0.295410 0.110352 0.110352
0 0.686035 0.416992 0.122070 0.123047
0 0.682129 0.525391 0.122070 0.123047
0 0.680664 0.643066 0.109375 0.110352
0 0.787598 0.569336 0.122070 0.123047
0 0.780762 0.473633 0.122070 0.123047
0 0.783203 0.341309 0.097656 0.098633
0 0.875000 0.088379 0.109375 0.110352
0 0.871582 0.202637 0.122070 0.122070
0 0.870605 0.314453 0.122070 0.123047
0 0.872559 0.416016 0.122070 0.123047
0 0.868652 0.520508 0.122070 0.123047
0 0.864746 0.638672 0.122070 0.123047
0 0.872070 0.741699 0.097656 0.098633
0 0.875000 0.853516 0.097656 0.097656
0 0.795410 0.747070 0.122070 0.123047
0 0.784180 0.888672 0.109375 0.111328
0 0.679688 0.736328 0.097656 0.097656
0 0.688477 0.841797 0.097656 0.097656
0 0.593750 0.681641 0.097656 0.097656
0 0.592285 0.812988 0.110352 0.110352
0 0.588867 0.916504 0.097656 0.098633
0 0.491699 0.745605 0.110352 0.110352
0 0.488770 0.860840 0.110352 0.110352
0 0.395508 0.691895 0.109375 0.110352
0 0.391602 0.789551 0.097656 0.098633
0 0.402344 0.903809 0.097656 0.098633
0 0.296875 0.745605 0.097656 0.098633
0 0.298828 0.849121 0.097656 0.098633
0 0.207520 0.686035 0.084961 0.086914
0 0.097656 0.742676 0.048828 0.049805
0 0.044922 0.827148 0.037109 0.037109
0 0.095215 0.953125 0.036133 0.037109
0 0.203125 0.808594 0.037109 0.037109