0 0.414062 0.095703 0.048828 0.048828
0 0.064941 0.057129 0.061523 0.061523
0 0.511719 0.026855 0.048828 0.049805
0 0.808105 0.083496 0.073242 0.073242
0 0.601074 0.084473 0.061523 0.061523
0 0.159668 0.229980 0.061523 0.061523
0 0.061035 0.163574 0.061523 0.061523
0 0.412598 0.299805 0.073242 0.074219
0 0.322754 0.230957 0.061523 0.061523
0 0.166016 0.133789 0.060547 0.060547
0 0.158691 0.324707 0.061523 0.061523
0 0.510742 0.245117 0.048828 0.048828
0 0.515625 0.137207 0.048828 0.049805
0 0.230957 0.287109 0.073242 0.074219
0 0.320312 0.118164 0.048828 0.048828
0 0.231445 0.161133 0.060547 0.060547
0 0.418945 0.190918 0.060547 0.061523
0 0.797363 0.582031 0.084961 0.085938
0 0.882324 0.732422 0.084961 0.085938
0 0.810059 0.192871 0.061523 0.061523
0 0.704590 0.142090 0.061523 0.061523
0 0.510254 0.609375 0.122070 0.123047
0 0.502441 0.714844 0.122070 0.123047
0 0.507324 0.839844 0.122070 0.123047
0 0.410645 0.887695 0.122070 0.123047
0 0.415527 0.782227 0.122070 0.123047
0 0.409668 0.704102 0.122070 0.123047
0 0.314941 0.606445 0.110352 0.111328
0 0.315918 0.723633 0.122070 0.123047
0 0.326660 0.831543 0.122070 0.122070
0 0.229492 0.881836 0.085938 0.085938
0 0.235840 0.761719 0.084961 0.085938
0 0.234863 0.665039 0.084961 0.085938
0 0.132812 0.712891 0.097656 0.097656
0 0.131348 0.833008 0.084961 0.085938
0 0.130859 0.937012 0.097656 0.098633
0 0.593262 0.572266 0.084961 0.085938
0 0.594238 0.665527 0.122070 0.122070
0 0.590332 0.784180 0.122070 0.123047
0 0.596680 0.887695 0.085938 0.085938
0 0.685059 0.835938 0.122070 0.123047
0 0.693848 0.724121 0.084961 0.086914
0 0.688965 0.597656 0.084961 0.085938
0 0.794922 0.671875 0.085938 0.085938
0 0.799805 0.784180 0.085938 0.085938
0 0.788086 0.893555 0.085938 0.085938
0 0.880859 0.932617 0.097656 0.097656
0 0.877441 0.811523 0.084961 0.085938
0 0.885254 0.626953 0.084961 0.085938
0 0.896973 0.133789 0.073242 0.074219
0 0.895508 0.254883 0.037109 0.037109
0 0.808594 0.282715 0.048828 0.049805
0 0.705078 0.323730 0.048828 0.049805
0 0.606445 0.193848 0.048828 0.049805
0 0.516602 0.324219 0.048828 0.048828
0 0.248047 0.059570 0.037109 0.037109