0 0.913086 0.813477 0.048828 0.048828
0 0.909180 0.920898 0.048828 0.048828
0 0.908691 0.697754 0.061523 0.061523
0 0.512695 0.126953 0.085938 0.085938
0 0.708984 0.054199 0.060547 0.061523
0 0.707520 0.156250 0.073242 0.074219
0 0.383789 0.508301 0.048828 0.049805
0 0.706055 0.794434 0.048828 0.049805
0 0.796387 0.742676 0.061523 0.061523
0 0.594727 0.837402 0.060547 0.061523
0 0.703125 0.893066 0.048828 0.049805
0 0.598633 0.757324 0.060547 0.061523
0 0.703125 0.696289 0.037109 0.037109
0 0.791992 0.857910 0.048828 0.049805
0 0.598633 0.635254 0.048828 0.049805
0 0.805176 0.640625 0.036133 0.037109
0 0.915039 0.039551 0.048828 0.049805
0 0.406250 0.077148 0.085938 0.085938
0 0.138672 0.031738 0.060547 0.061523
0 0.916016 0.131348 0.048828 0.049805
0 0.711426 0.251953 0.024414 0.025391
0 0.812500 0.196289 0.048828 0.048828
0 0.806641 0.078613 0.048828 0.049805
0 0.911621 0.359863 0.024414 0.024414
0 0.916504 0.484863 0.024414 0.024414
0 0.918457 0.599609 0.024414 0.025391
0 0.802246 0.526855 0.024414 0.024414
0 0.802246 0.288574 0.024414 0.024414
0 0.208984 0.571289 0.048828 0.048828
0 0.207031 0.677734 0.048828 0.048828
0 0.200195 0.774414 0.037109 0.037109
0 0.201172 0.863281 0.037109 0.037109
0 0.293945 0.612305 0.048828 0.048828
0 0.295898 0.726074 0.060547 0.061523
0 0.286133 0.846680 0.037109 0.037109
0 0.360840 0.743652 0.061523 0.061523
0 0.352539 0.842773 0.048828 0.048828
0 0.499512 0.678223 0.024414 0.024414
0 0.499512 0.785156 0.036133 0.037109
0 0.606445 0.202148 0.048828 0.048828
0 0.609375 0.313477 0.048828 0.048828
0 0.503906 0.565918 0.037109 0.036133
0 0.508789 0.449219 0.048828 0.048828
0 0.508789 0.344727 0.048828 0.048828
0 0.515625 0.233398 0.048828 0.048828
0 0.397461 0.198730 0.023438 0.024414
0 0.391602 0.301758 0.048828 0.048828
0 0.380859 0.414551 0.037109 0.036133
0 0.312500 0.145508 0.048828 0.048828
0 0.312012 0.261230 0.024414 0.024414
0 0.305176 0.388184 0.024414 0.024414
0 0.298828 0.502441 0.048828 0.049805
0 0.219238 0.198730 0.036133 0.036133
0 0.219238 0.328613 0.024414 0.024414
0 0.213379 0.437988 0.024414 0.024414
0 0.145508 0.128418 0.037109 0.036133
0 0.148438 0.247559 0.048828 0.049805
0 0.142578 0.378906 0.037109 0.037109
0 0.144531 0.481445 0.048828 0.048828
0 0.142090 0.611328 0.036133 0.037109
0 0.055176 0.171387 0.036133 0.036133
0 0.614746 0.091309 0.024414 0.024414
0 0.054688 0.075684 0.037109 0.036133
0 0.315430 0.039062 0.048828 0.048828
0 0.223145 0.078125 0.036133 0.037109
0 0.146484 0.726562 0.048828 0.048828
0 0.710449 0.473145 0.024414 0.024414
0 0.594238 0.560547 0.036133 0.037109