1 0.615234 0.203613 0.097656 0.098633
0 0.044922 0.199219 0.048828 0.048828
0 0.044922 0.317871 0.060547 0.061523
0 0.045898 0.092773 0.048828 0.048828
0 0.045410 0.649902 0.061523 0.061523
0 0.138672 0.367676 0.048828 0.049805
0 0.043945 0.412598 0.060547 0.061523
0 0.045898 0.758301 0.060547 0.061523
0 0.055176 0.531738 0.073242 0.073242
0 0.893555 0.811035 0.109375 0.110352
0 0.891602 0.917480 0.109375 0.110352
0 0.797852 0.865723 0.097656 0.098633
0 0.702637 0.807617 0.084961 0.085938
0 0.692871 0.923340 0.110352 0.110352
0 0.612793 0.755371 0.110352 0.110352
0 0.599121 0.854004 0.110352 0.110352
0 0.600098 0.957031 0.073242 0.074219
0 0.129883 0.808105 0.060547 0.061523
0 0.129883 0.916504 0.048828 0.049805
0 0.046875 0.879395 0.048828 0.049805
0 0.525391 0.812988 0.109375 0.110352
0 0.514648 0.913086 0.109375 0.111328
0 0.437012 0.768555 0.122070 0.123047
0 0.426270 0.868164 0.110352 0.111328
0 0.338379 0.814453 0.110352 0.111328
0 0.339355 0.917480 0.110352 0.110352
0 0.239258 0.851562 0.085938 0.085938
0 0.903809 0.250977 0.110352 0.111328
0 0.903809 0.153320 0.073242 0.074219
0 0.893066 0.480469 0.122070 0.123047
0 0.898926 0.596680 0.122070 0.123047
0 0.893066 0.696777 0.122070 0.122070
0 0.890137 0.372559 0.110352 0.110352
0 0.793457 0.318848 0.110352 0.110352
0 0.804688 0.426270 0.109375 0.110352
0 0.794922 0.532715 0.109375 0.110352
0 0.794922 0.641113 0.109375 0.110352
0 0.793945 0.750488 0.109375 0.110352
0 0.237305 0.096191 0.109375 0.110352
0 0.239746 0.204590 0.110352 0.110352
0 0.240723 0.304199 0.110352 0.110352
0 0.240723 0.416504 0.110352 0.110352
0 0.341797 0.363770 0.097656 0.098633
0 0.337891 0.252441 0.097656 0.098633
0 0.332031 0.144043 0.109375 0.110352
0 0.432129 0.079590 0.110352 0.110352
0 0.434570 0.200684 0.109375 0.110352
0 0.430664 0.305176 0.109375 0.110352
0 0.436523 0.416504 0.097656 0.098633
0 0.517090 0.365723 0.110352 0.110352
0 0.524902 0.260254 0.110352 0.110352
0 0.520996 0.145996 0.110352 0.110352
0 0.620117 0.090332 0.109375 0.110352
0 0.618652 0.319824 0.110352 0.110352
0 0.703125 0.367676 0.109375 0.110352
0 0.704102 0.248535 0.109375 0.110352
0 0.710938 0.154297 0.109375 0.111328
0 0.804688 0.090820 0.097656 0.097656
0 0.805176 0.205078 0.110352 0.111328
1 0.710449 0.480957 0.110352 0.110352
0 0.715332 0.581543 0.084961 0.086914
0 0.707520 0.708496 0.110352 0.110352
0 0.614746 0.435059 0.110352 0.110352
0 0.610840 0.537598 0.110352 0.110352
0 0.614258 0.648926 0.097656 0.098633
0 0.524414 0.479004 0.109375 0.110352
0 0.523438 0.595215 0.097656 0.098633
0 0.520508 0.705566 0.109375 0.110352
0 0.433594 0.545410 0.097656 0.098633
0 0.434570 0.635742 0.097656 0.097656
0 0.330566 0.483887 0.110352 0.110352
0 0.340820 0.590820 0.097656 0.097656
0 0.336426 0.702148 0.110352 0.111328
0 0.235352 0.743652 0.097656 0.098633
0 0.235352 0.654297 0.109375 0.111328
0 0.242676 0.538086 0.110352 0.111328
0 0.134766 0.258789 0.037109 0.037109
0 0.134766 0.488770 0.048828 0.049805
0 0.138672 0.593750 0.048828 0.048828
0 0.133301 0.698730 0.061523 0.061523
0 0.140625 0.035156 0.048828 0.048828
0 0.141602 0.135742 0.048828 0.048828