0 0.088379 0.589355 0.073242 0.073242
0 0.101562 0.062988 0.060547 0.061523
0 0.183105 0.651855 0.073242 0.073242
0 0.091797 0.473633 0.060547 0.060547
0 0.275879 0.371094 0.073242 0.074219
0 0.098145 0.139160 0.061523 0.061523
0 0.268066 0.580566 0.073242 0.073242
0 0.185059 0.315918 0.061523 0.061523
0 0.190430 0.409668 0.060547 0.061523
0 0.190430 0.102051 0.060547 0.061523
0 0.363281 0.675781 0.085938 0.085938
0 0.371582 0.067871 0.061523 0.061523
0 0.287598 0.053223 0.061523 0.061523
0 0.273926 0.710449 0.073242 0.073242
0 0.293945 0.130371 0.048828 0.049805
0 0.377930 0.150879 0.048828 0.049805
0 0.364746 0.547852 0.073242 0.074219
0 0.366699 0.770508 0.084961 0.085938
0 0.265137 0.903320 0.073242 0.074219
0 0.270996 0.817383 0.073242 0.074219
0 0.447266 0.117188 0.048828 0.048828
0 0.464355 0.707031 0.073242 0.074219
0 0.462891 0.611816 0.060547 0.061523
0 0.657715 0.616211 0.084961 0.085938
0 0.355469 0.872070 0.097656 0.097656
0 0.357910 0.954102 0.084961 0.085938
0 0.459473 0.927734 0.122070 0.123047
0 0.459961 0.823730 0.109375 0.110352
1 0.181152 0.532715 0.061523 0.061523
0 0.178223 0.774414 0.084961 0.085938
0 0.179688 0.864258 0.085938 0.085938
0 0.093262 0.694824 0.084961 0.086914
0 0.087891 0.822266 0.085938 0.085938
0 0.084961 0.909180 0.085938 0.085938
0 0.371094 0.320312 0.048828 0.048828
0 0.367188 0.424805 0.048828 0.048828
0 0.275879 0.465820 0.073242 0.074219
0 0.096191 0.355469 0.084961 0.085938
0 0.854492 0.576172 0.085938 0.085938
0 0.657715 0.815430 0.122070 0.123047
1 0.653809 0.935059 0.110352 0.110352
0 0.567383 0.773438 0.109375 0.111328
0 0.549316 0.893066 0.122070 0.122070
0 0.751953 0.886719 0.109375 0.111328
0 0.846191 0.937500 0.084961 0.085938
0 0.841309 0.834961 0.084961 0.085938