0 0.907227 0.699219 0.048828 0.048828
0 0.901855 0.804199 0.061523 0.061523
0 0.906738 0.602051 0.061523 0.061523
0 0.905273 0.488770 0.060547 0.061523
0 0.904785 0.918457 0.061523 0.061523
0 0.077148 0.669434 0.060547 0.061523
0 0.361328 0.473633 0.048828 0.048828
0 0.263184 0.562988 0.061523 0.061523
0 0.171387 0.518066 0.061523 0.061523
0 0.455078 0.797363 0.060547 0.061523
0 0.363281 0.923340 0.048828 0.049805
0 0.546875 0.895996 0.060547 0.061523
0 0.821777 0.644043 0.061523 0.061523
0 0.730469 0.508789 0.037109 0.037109
0 0.460449 0.463867 0.036133 0.037109
0 0.265137 0.793457 0.061523 0.061523
0 0.820312 0.544434 0.048828 0.049805
0 0.541992 0.438477 0.037109 0.037109
0 0.453125 0.569336 0.048828 0.048828
0 0.361328 0.808105 0.048828 0.049805
0 0.817871 0.770996 0.061523 0.061523
0 0.814453 0.863281 0.048828 0.048828
0 0.185547 0.731934 0.048828 0.049805
0 0.822754 0.448730 0.061523 0.061523
0 0.642090 0.329590 0.073242 0.073242
0 0.903809 0.392578 0.073242 0.074219
0 0.721191 0.154785 0.061523 0.061523
0 0.643555 0.236816 0.048828 0.049805
0 0.730957 0.059082 0.061523 0.061523
0 0.906250 0.197754 0.060547 0.061523
0 0.907227 0.291016 0.048828 0.048828
0 0.645508 0.124512 0.109375 0.110352
0 0.551758 0.061035 0.109375 0.110352
0 0.551270 0.163574 0.110352 0.110352
0 0.545410 0.338379 0.122070 0.122070
0 0.446289 0.350098 0.097656 0.098633
0 0.442871 0.247559 0.110352 0.110352
0 0.452148 0.120605 0.097656 0.098633
0 0.353516 0.119629 0.097656 0.098633
0 0.354004 0.259766 0.122070 0.123047
0 0.353516 0.394043 0.109375 0.110352
0 0.265625 0.122559 0.097656 0.098633
0 0.264160 0.226562 0.122070 0.123047
0 0.264648 0.344238 0.097656 0.098633
0 0.169434 0.412109 0.110352 0.111328
0 0.156250 0.070801 0.097656 0.098633
0 0.167969 0.184082 0.097656 0.098633
0 0.160156 0.290039 0.097656 0.097656
0 0.072266 0.118652 0.097656 0.098633
0 0.075195 0.230469 0.097656 0.097656
0 0.072266 0.343750 0.109375 0.111328
0 0.078125 0.439453 0.085938 0.085938
0 0.929199 0.128418 0.024414 0.024414
0 0.821289 0.109375 0.037109 0.037109
0 0.721191 0.275879 0.036133 0.036133
0 0.828125 0.232422 0.037109 0.037109
0 0.827148 0.343262 0.048828 0.049805
0 0.725098 0.383301 0.036133 0.036133
0 0.723633 0.607422 0.037109 0.037109
0 0.721680 0.723633 0.037109 0.037109
0 0.723633 0.828125 0.037109 0.037109
0 0.719727 0.925781 0.037109 0.037109
0 0.644531 0.548828 0.048828 0.048828
0 0.535645 0.559570 0.036133 0.037109
0 0.547363 0.685547 0.036133 0.037109
0 0.546875 0.768555 0.048828 0.048828
0 0.640625 0.661621 0.060547 0.061523
0 0.452148 0.678711 0.037109 0.037109
0 0.354492 0.729492 0.048828 0.048828
0 0.357422 0.625000 0.037109 0.037109
0 0.264648 0.468750 0.048828 0.048828
0 0.259766 0.676270 0.048828 0.049805
0 0.186523 0.823730 0.048828 0.049805
0 0.182129 0.632324 0.061523 0.061523
0 0.068359 0.557129 0.048828 0.049805
0 0.083008 0.888672 0.048828 0.048828
0 0.077148 0.770996 0.048828 0.049805
0 0.260742 0.895020 0.048828 0.049805
0 0.454102 0.895020 0.048828 0.049805
0 0.628418 0.976562 0.036133 0.037109
0 0.072754 0.980957 0.024414 0.024414