0 0.961914 0.249512 0.060547 0.061523
0 0.603516 0.257812 0.048828 0.048828
0 0.682617 0.323242 0.048828 0.048828
0 0.865723 0.307129 0.061523 0.061523
0 0.685547 0.198730 0.060547 0.061523
0 0.610352 0.046875 0.048828 0.048828
0 0.605469 0.162598 0.060547 0.061523
0 0.682617 0.110840 0.060547 0.061523
0 0.955078 0.151367 0.048828 0.048828
0 0.874512 0.098633 0.073242 0.074219
0 0.491211 0.291504 0.048828 0.049805
0 0.495117 0.194824 0.048828 0.049805
0 0.395508 0.133301 0.048828 0.049805
0 0.401855 0.231934 0.061523 0.061523
0 0.400391 0.025391 0.048828 0.048828
0 0.291992 0.118652 0.048828 0.049805
0 0.302734 0.199707 0.048828 0.049805
0 0.302734 0.295410 0.048828 0.049805
0 0.196289 0.333984 0.048828 0.048828
0 0.400391 0.333496 0.048828 0.049805
0 0.960449 0.479980 0.061523 0.061523
0 0.861816 0.413574 0.061523 0.061523
0 0.966797 0.383789 0.060547 0.060547
0 0.959473 0.574707 0.061523 0.061523
0 0.845215 0.908203 0.122070 0.123047
0 0.648926 0.901367 0.084961 0.085938
0 0.963867 0.058594 0.037109 0.037109
0 0.874023 0.206055 0.048828 0.048828
0 0.791016 0.261719 0.048828 0.048828
0 0.786133 0.359863 0.060547 0.061523
0 0.798828 0.049805 0.048828 0.048828
0 0.597168 0.362793 0.024414 0.024414
0 0.494629 0.106445 0.036133 0.037109
0 0.304688 0.393555 0.048828 0.048828
0 0.199219 0.232422 0.048828 0.048828
0 0.110352 0.287109 0.048828 0.048828
0 0.802246 0.145020 0.024414 0.024414
0 0.504395 0.395996 0.024414 0.024414