0 0.670898 0.962402 0.060547 0.061523
0 0.466797 0.953613 0.060547 0.061523
0 0.757812 0.909180 0.048828 0.048828
0 0.852051 0.185547 0.122070 0.123047
0 0.857422 0.069336 0.097656 0.097656
0 0.760254 0.141602 0.122070 0.123047
0 0.750488 0.253906 0.122070 0.123047
1 0.664062 0.082520 0.109375 0.110352
0 0.663086 0.195801 0.109375 0.110352
0 0.572266 0.247559 0.109375 0.110352
0 0.572266 0.126465 0.109375 0.110352
0 0.470215 0.086426 0.110352 0.110352
0 0.464355 0.189941 0.110352 0.110352
0 0.378418 0.249512 0.110352 0.110352
0 0.368652 0.136230 0.110352 0.110352
0 0.283691 0.087402 0.073242 0.073242
0 0.284180 0.193848 0.097656 0.098633
0 0.190430 0.254883 0.097656 0.097656
0 0.110840 0.202148 0.036133 0.037109
0 0.191406 0.137695 0.085938 0.085938
0 0.670898 0.302246 0.109375 0.110352
0 0.474121 0.298340 0.110352 0.110352
0 0.375977 0.362793 0.109375 0.110352
0 0.271973 0.311523 0.122070 0.123047
0 0.184082 0.374023 0.073242 0.074219
0 0.279297 0.412598 0.109375 0.110352
0 0.579590 0.366699 0.110352 0.110352
0 0.278809 0.511719 0.084961 0.085938
0 0.265137 0.624023 0.122070 0.123047
0 0.273438 0.747559 0.097656 0.098633
0 0.372070 0.467285 0.109375 0.110352
0 0.374023 0.579590 0.097656 0.098633
0 0.374023 0.694824 0.109375 0.110352
0 0.367676 0.796387 0.110352 0.110352
0 0.469238 0.410645 0.110352 0.110352
0 0.469238 0.520996 0.110352 0.110352
0 0.472168 0.638184 0.122070 0.122070
0 0.469727 0.747559 0.097656 0.098633
0 0.564941 0.460449 0.110352 0.110352
0 0.557617 0.579590 0.097656 0.098633
0 0.559570 0.693848 0.097656 0.098633
0 0.557617 0.804199 0.097656 0.098633
0 0.656250 0.413086 0.109375 0.111328
0 0.658203 0.522949 0.109375 0.110352
0 0.665527 0.637695 0.122070 0.123047
0 0.676270 0.743652 0.110352 0.110352
0 0.766113 0.359375 0.122070 0.123047
0 0.764160 0.451172 0.122070 0.123047
0 0.759277 0.583008 0.122070 0.123047
0 0.759277 0.695312 0.122070 0.123047
0 0.854004 0.299805 0.122070 0.123047
0 0.857910 0.396484 0.122070 0.123047
0 0.854004 0.514648 0.122070 0.123047
0 0.844238 0.625000 0.122070 0.123047
0 0.850586 0.743652 0.109375 0.110352
0 0.941895 0.794434 0.110352 0.110352
0 0.937988 0.678711 0.110352 0.111328
0 0.464844 0.879395 0.097656 0.098633
0 0.373535 0.905273 0.084961 0.085938
0 0.844727 0.847656 0.048828 0.048828
0 0.840820 0.956055 0.048828 0.048828
0 0.665039 0.862305 0.048828 0.048828
0 0.765625 0.794922 0.048828 0.048828
0 0.563477 0.908691 0.037109 0.036133
0 0.278320 0.848145 0.037109 0.036133
0 0.176270 0.829102 0.036133 0.037109
0 0.200684 0.969238 0.024414 0.024414
0 0.092773 0.950195 0.037109 0.037109
0 0.096680 0.854492 0.037109 0.037109
0 0.097656 0.738281 0.037109 0.037109