0 0.520020 0.824219 0.073242 0.074219
0 0.889648 0.805176 0.048828 0.049805
0 0.803711 0.817871 0.060547 0.061523
0 0.889648 0.929199 0.060547 0.061523
0 0.807617 0.912598 0.060547 0.061523
0 0.523926 0.935547 0.073242 0.074219
0 0.346680 0.266113 0.060547 0.061523
0 0.052734 0.416016 0.085938 0.085938
0 0.249023 0.343262 0.060547 0.061523
0 0.247559 0.445312 0.073242 0.074219
0 0.152344 0.267578 0.048828 0.048828
0 0.138672 0.924316 0.048828 0.049805
0 0.345215 0.929688 0.036133 0.037109
0 0.645020 0.713379 0.061523 0.061523
0 0.630859 0.070312 0.048828 0.048828
0 0.532715 0.159668 0.061523 0.061523
0 0.440918 0.114746 0.061523 0.061523
0 0.799316 0.587402 0.061523 0.061523
0 0.724609 0.394043 0.060547 0.061523
0 0.529297 0.719727 0.048828 0.048828
0 0.632812 0.520020 0.048828 0.049805
0 0.816406 0.492676 0.060547 0.061523
0 0.729980 0.060547 0.036133 0.037109
0 0.534668 0.390137 0.061523 0.061523
0 0.811523 0.035156 0.037109 0.037109
0 0.722656 0.166016 0.048828 0.048828
0 0.630859 0.404785 0.048828 0.049805
0 0.455078 0.328613 0.048828 0.049805
0 0.258301 0.092773 0.122070 0.123047
0 0.058594 0.116699 0.085938 0.086914
0 0.052246 0.209961 0.084961 0.085938
0 0.051758 0.323730 0.097656 0.098633
0 0.914062 0.145508 0.048828 0.048828
0 0.805176 0.156250 0.036133 0.037109
0 0.816895 0.282227 0.036133 0.037109
0 0.816406 0.365234 0.048828 0.048828
0 0.910156 0.258301 0.060547 0.061523
0 0.721680 0.275391 0.037109 0.037109
0 0.624023 0.326172 0.048828 0.048828
0 0.626953 0.221680 0.037109 0.037109
0 0.534180 0.065430 0.048828 0.048828
0 0.529297 0.272949 0.048828 0.049805
0 0.456055 0.420410 0.048828 0.049805
0 0.451660 0.229004 0.061523 0.061523
0 0.337891 0.153809 0.048828 0.049805
0 0.252930 0.216309 0.060547 0.061523
0 0.251465 0.541016 0.024414 0.025391
0 0.352539 0.485352 0.048828 0.048828
0 0.346680 0.367676 0.048828 0.049805
0 0.530273 0.491699 0.048828 0.049805
0 0.723633 0.491699 0.048828 0.049805
0 0.897949 0.573242 0.036133 0.037109
0 0.893555 0.701660 0.048828 0.049805
0 0.979004 0.971191 0.036133 0.036133
0 0.807617 0.699707 0.048828 0.049805
0 0.727539 0.677246 0.048828 0.049805
0 0.722168 0.780762 0.061523 0.061523
0 0.725586 0.861328 0.048828 0.048828
0 0.727539 0.943359 0.048828 0.048828
0 0.635742 0.880859 0.048828 0.048828
0 0.640625 0.788086 0.048828 0.048828
0 0.637695 0.620605 0.048828 0.049805
0 0.525391 0.605469 0.048828 0.048828
0 0.451660 0.648926 0.024414 0.024414
0 0.456543 0.773926 0.024414 0.024414
0 0.458496 0.888672 0.024414 0.025391
0 0.342285 0.815918 0.024414 0.024414
0 0.342285 0.577637 0.024414 0.024414
0 0.039551 0.967285 0.024414 0.024414
0 0.146484 0.491211 0.048828 0.048828
0 0.149414 0.602539 0.048828 0.048828
0 0.043945 0.854980 0.037109 0.036133
0 0.048828 0.738281 0.048828 0.048828
0 0.048828 0.633789 0.048828 0.048828
0 0.055664 0.522461 0.048828 0.048828
1 0.153320 0.169922 0.048828 0.048828
0 0.154785 0.380371 0.024414 0.024414
0 0.250488 0.762207 0.024414 0.024414
0 0.134277 0.849609 0.036133 0.037109