0 0.072754 0.503906 0.073242 0.074219
0 0.279297 0.268066 0.048828 0.049805
0 0.374023 0.346191 0.048828 0.049805
0 0.271484 0.499512 0.048828 0.049805
0 0.166016 0.336426 0.037109 0.036133
0 0.076172 0.423828 0.048828 0.048828
0 0.372559 0.440918 0.036133 0.036133
0 0.071777 0.606445 0.061523 0.060547
0 0.161621 0.769531 0.061523 0.060547
0 0.364258 0.598145 0.048828 0.049805
0 0.259766 0.819336 0.060547 0.060547
0 0.264648 0.635742 0.048828 0.048828
0 0.369141 0.679688 0.048828 0.048828
0 0.355469 0.763672 0.048828 0.048828
0 0.453613 0.697266 0.036133 0.037109
0 0.828613 0.505371 0.061523 0.061523
0 0.473145 0.055176 0.084961 0.086914
0 0.076172 0.067383 0.048828 0.048828
0 0.658203 0.057617 0.085938 0.085938
0 0.759277 0.120605 0.110352 0.110352
0 0.852051 0.058594 0.084961 0.085938
0 0.942383 0.223145 0.097656 0.098633
0 0.944336 0.326660 0.097656 0.098633
0 0.949219 0.444824 0.097656 0.098633
0 0.853027 0.163574 0.084961 0.086914
0 0.743164 0.220215 0.048828 0.049805
0 0.662109 0.178223 0.097656 0.098633
0 0.854492 0.824707 0.060547 0.061523
0 0.851562 0.724121 0.048828 0.049805
0 0.861328 0.921387 0.037109 0.036133
0 0.770996 0.964355 0.036133 0.036133
0 0.937012 0.671875 0.036133 0.037109
0 0.856934 0.606445 0.036133 0.037109
0 0.753906 0.661133 0.037109 0.037109
0 0.656250 0.714355 0.037109 0.036133
0 0.556152 0.761230 0.036133 0.036133
0 0.534668 0.885742 0.036133 0.037109
0 0.650879 0.837402 0.036133 0.036133
0 0.769531 0.779785 0.048828 0.049805
0 0.770508 0.868652 0.037109 0.036133
0 0.938477 0.769531 0.048828 0.048828
0 0.938965 0.871094 0.036133 0.037109
0 0.162109 0.544922 0.037109 0.037109
0 0.284180 0.374512 0.048828 0.049805
0 0.475098 0.512207 0.036133 0.036133
0 0.541992 0.347656 0.037109 0.037109
0 0.690430 0.304688 0.037109 0.037109
0 0.740723 0.430664 0.036133 0.037109
0 0.848633 0.286133 0.037109 0.037109
0 0.659180 0.490234 0.037109 0.037109
0 0.753418 0.531738 0.024414 0.024414
0 0.444824 0.392578 0.036133 0.037109
0 0.069336 0.903320 0.048828 0.048828
0 0.162598 0.656250 0.036133 0.037109
0 0.270508 0.729492 0.037109 0.037109
0 0.359863 0.909180 0.024414 0.025391
0 0.440918 0.909180 0.036133 0.037109
0 0.603027 0.607910 0.036133 0.036133
0 0.943359 0.557617 0.037109 0.037109
0 0.567383 0.119141 0.097656 0.097656