0 0.745605 0.414551 0.061523 0.061523
0 0.837891 0.493164 0.048828 0.048828
0 0.842773 0.374512 0.048828 0.049805
0 0.584961 0.396973 0.060547 0.061523
0 0.226562 0.405273 0.048828 0.048828
0 0.305664 0.470703 0.048828 0.048828
0 0.488770 0.454590 0.061523 0.061523
0 0.935547 0.424316 0.048828 0.049805
0 0.308594 0.346191 0.060547 0.061523
0 0.945801 0.189941 0.073242 0.073242
0 0.947754 0.301270 0.073242 0.073242
0 0.846680 0.256348 0.060547 0.061523
0 0.946289 0.077637 0.060547 0.061523
0 0.233398 0.194336 0.048828 0.048828
0 0.232422 0.100586 0.048828 0.048828
0 0.228516 0.310059 0.060547 0.061523
0 0.501953 0.158691 0.060547 0.061523
0 0.306641 0.041992 0.037109 0.037109
0 0.506836 0.047852 0.060547 0.060547
0 0.305664 0.258301 0.060547 0.061523
0 0.663086 0.041992 0.048828 0.048828
0 0.578125 0.298828 0.048828 0.048828
0 0.297852 0.155273 0.048828 0.048828
0 0.497559 0.246094 0.073242 0.074219
0 0.114258 0.438965 0.048828 0.049805
0 0.118164 0.342285 0.048828 0.049805
0 0.117188 0.155762 0.060547 0.061523
0 0.026367 0.072754 0.048828 0.049805
0 0.115234 0.037598 0.048828 0.049805
0 0.583496 0.627441 0.061523 0.061523
0 0.484863 0.561035 0.061523 0.061523
0 0.836426 0.697266 0.073242 0.074219
0 0.746582 0.628418 0.061523 0.061523
0 0.589844 0.531250 0.060547 0.060547
0 0.582520 0.722168 0.061523 0.061523
0 0.934570 0.642578 0.048828 0.048828
0 0.939453 0.534668 0.048828 0.049805
0 0.654785 0.684570 0.073242 0.074219
0 0.744141 0.515625 0.048828 0.048828
0 0.655273 0.558594 0.060547 0.060547
0 0.842773 0.588379 0.060547 0.061523
0 0.940430 0.721680 0.048828 0.048828
0 0.748535 0.334961 0.036133 0.037109
0 0.762695 0.213379 0.037109 0.036133
0 0.662109 0.344727 0.048828 0.048828
0 0.671875 0.457031 0.037109 0.037109
0 0.586914 0.206055 0.037109 0.037109
0 0.497070 0.353516 0.048828 0.048828
0 0.414062 0.409180 0.048828 0.048828
0 0.409180 0.507324 0.060547 0.061523
0 0.421875 0.197266 0.048828 0.048828
0 0.220215 0.510254 0.024414 0.024414
0 0.117676 0.253906 0.036133 0.037109
0 0.757812 0.102539 0.037109 0.037109
0 0.589844 0.112305 0.048828 0.048828
0 0.666016 0.143555 0.037109 0.037109
0 0.418457 0.062988 0.024414 0.024414
0 0.425293 0.292480 0.024414 0.024414
0 0.127441 0.543457 0.024414 0.024414