0 0.233887 0.643066 0.061523 0.061523
0 0.223145 0.529785 0.061523 0.061523
0 0.120117 0.932617 0.048828 0.048828
0 0.329102 0.040527 0.060547 0.061523
0 0.329590 0.372559 0.061523 0.061523
0 0.422852 0.090332 0.048828 0.049805
0 0.328125 0.135254 0.060547 0.061523
0 0.330078 0.480957 0.060547 0.061523
0 0.318848 0.713379 0.061523 0.061523
0 0.339355 0.254395 0.073242 0.073242
0 0.318848 0.815918 0.061523 0.061523
0 0.513672 0.803223 0.060547 0.061523
0 0.804688 0.852539 0.048828 0.048828
0 0.513672 0.873535 0.048828 0.049805
0 0.615234 0.870605 0.060547 0.061523
0 0.705566 0.927246 0.061523 0.061523
0 0.605957 0.962402 0.073242 0.073242
0 0.896973 0.478027 0.110352 0.110352
0 0.883301 0.576660 0.110352 0.110352
0 0.884277 0.679688 0.073242 0.074219
0 0.884766 0.780273 0.085938 0.085938
0 0.892578 0.872070 0.085938 0.085938
0 0.806641 0.759766 0.037109 0.037109
0 0.713379 0.820312 0.036133 0.037109
0 0.414062 0.530762 0.060547 0.061523
0 0.414062 0.639160 0.048828 0.049805
0 0.413086 0.733887 0.048828 0.049805
0 0.403320 0.859863 0.048828 0.049805
0 0.407227 0.972656 0.048828 0.048828
0 0.312012 0.927246 0.061523 0.061523
0 0.331055 0.602051 0.048828 0.049805
0 0.132812 0.591797 0.037109 0.037109
0 0.122070 0.697266 0.048828 0.048828
0 0.123047 0.824219 0.037109 0.037109
0 0.020020 0.874023 0.036133 0.037109
0 0.809570 0.535645 0.109375 0.110352
0 0.798828 0.635742 0.109375 0.111328
0 0.721191 0.491211 0.122070 0.123047
0 0.710449 0.590820 0.110352 0.111328
0 0.708496 0.696777 0.110352 0.110352
0 0.622559 0.537109 0.110352 0.111328
0 0.623535 0.640137 0.110352 0.110352
0 0.614746 0.752441 0.110352 0.110352
0 0.523438 0.574219 0.085938 0.085938
0 0.523926 0.680664 0.122070 0.123047
0 0.524902 0.139160 0.110352 0.110352
0 0.625977 0.086426 0.097656 0.098633
0 0.720703 0.139160 0.097656 0.098633
0 0.801270 0.088379 0.110352 0.110352
0 0.898926 0.157715 0.110352 0.110352
0 0.895020 0.260254 0.110352 0.110352
0 0.898438 0.371582 0.097656 0.098633
0 0.808594 0.201660 0.109375 0.110352
0 0.807617 0.317871 0.097656 0.098633
0 0.804688 0.428223 0.109375 0.110352
0 0.717773 0.268066 0.097656 0.098633
0 0.718750 0.358398 0.097656 0.097656
0 0.614746 0.206543 0.110352 0.110352
0 0.625000 0.313477 0.097656 0.097656
0 0.620605 0.424805 0.110352 0.111328
0 0.519531 0.466309 0.097656 0.098633
0 0.519531 0.376953 0.109375 0.111328
0 0.526855 0.260742 0.110352 0.111328
0 0.418945 0.211426 0.048828 0.049805
0 0.422852 0.316406 0.048828 0.048828
0 0.417480 0.421387 0.061523 0.061523
0 0.032227 0.533203 0.037109 0.037109