0 0.291992 0.654785 0.060547 0.061523
0 0.373535 0.723633 0.084961 0.085938
0 0.298828 0.872070 0.048828 0.048828
0 0.373047 0.934570 0.048828 0.048828
0 0.298340 0.762207 0.061523 0.061523
0 0.291016 0.425781 0.048828 0.048828
0 0.115234 0.442383 0.048828 0.048828
0 0.113281 0.557129 0.048828 0.049805
0 0.195801 0.722168 0.061523 0.061523
0 0.195312 0.609863 0.048828 0.049805
0 0.286133 0.213379 0.048828 0.049805
0 0.113281 0.226074 0.048828 0.049805
0 0.195801 0.163574 0.061523 0.061523
0 0.473633 0.882812 0.048828 0.048828
0 0.858398 0.110840 0.097656 0.098633
0 0.764648 0.156250 0.097656 0.097656
0 0.762695 0.262695 0.097656 0.097656
0 0.748047 0.382812 0.097656 0.097656
0 0.856934 0.212402 0.110352 0.110352
0 0.857422 0.332031 0.109375 0.111328
0 0.485840 0.091797 0.122070 0.123047
0 0.382812 0.156738 0.109375 0.110352
0 0.476562 0.199707 0.097656 0.098633
0 0.573242 0.149414 0.097656 0.097656
0 0.391602 0.260254 0.109375 0.110352
0 0.388184 0.378906 0.084961 0.085938
0 0.482422 0.324707 0.097656 0.098633
0 0.569824 0.262207 0.110352 0.110352
0 0.568848 0.376465 0.110352 0.110352
0 0.671387 0.319336 0.122070 0.123047
0 0.673340 0.211914 0.122070 0.123047
0 0.286133 0.088867 0.048828 0.048828
0 0.854980 0.554688 0.122070 0.123047
0 0.865234 0.441895 0.109375 0.110352
0 0.864746 0.662109 0.122070 0.123047
0 0.759766 0.613770 0.097656 0.098633
0 0.762695 0.494629 0.109375 0.110352
0 0.570801 0.483398 0.122070 0.123047
0 0.673828 0.555176 0.097656 0.098633
0 0.675293 0.432617 0.122070 0.123047
0 0.677246 0.658203 0.110352 0.111328
0 0.571289 0.603516 0.109375 0.111328
0 0.481445 0.658203 0.109375 0.111328
0 0.477539 0.544922 0.109375 0.111328
0 0.480469 0.430664 0.109375 0.111328
0 0.389648 0.486328 0.097656 0.097656
0 0.377930 0.609375 0.097656 0.097656
0 0.471191 0.750000 0.084961 0.085938
0 0.565918 0.712402 0.110352 0.110352
0 0.665039 0.776855 0.109375 0.110352
0 0.665039 0.886230 0.109375 0.110352
0 0.759766 0.934082 0.109375 0.110352
0 0.766602 0.821777 0.109375 0.110352
0 0.753418 0.712402 0.110352 0.110352
0 0.850098 0.767578 0.122070 0.123047
0 0.859863 0.869629 0.110352 0.110352
0 0.942871 0.840332 0.110352 0.110352
0 0.204102 0.052246 0.048828 0.049805
0 0.123535 0.092285 0.024414 0.024414
0 0.199219 0.274414 0.048828 0.048828
0 0.285645 0.315918 0.024414 0.024414
0 0.280273 0.541992 0.048828 0.048828
0 0.196289 0.511719 0.037109 0.037109
0 0.198242 0.385742 0.048828 0.048828
0 0.112793 0.329590 0.024414 0.024414
0 0.383789 0.812988 0.060547 0.061523
0 0.568359 0.825195 0.048828 0.048828
0 0.569336 0.925781 0.048828 0.048828