0 0.867188 0.321777 0.109375 0.110352
0 0.882812 0.218262 0.109375 0.110352
0 0.876953 0.108887 0.097656 0.098633
0 0.782227 0.057129 0.109375 0.110352
0 0.784180 0.157715 0.097656 0.098633
0 0.776855 0.268555 0.122070 0.123047
0 0.784668 0.376953 0.122070 0.123047
0 0.683105 0.313477 0.122070 0.123047
0 0.688477 0.197266 0.097656 0.097656
0 0.687012 0.088867 0.122070 0.123047
0 0.593262 0.152344 0.122070 0.123047
0 0.591309 0.269531 0.122070 0.123047
0 0.581543 0.381836 0.122070 0.123047
0 0.501465 0.091797 0.110352 0.111328
1 0.495117 0.210449 0.109375 0.110352
0 0.494141 0.323730 0.109375 0.110352
0 0.403320 0.375488 0.109375 0.110352
0 0.403320 0.254395 0.109375 0.110352
0 0.410156 0.154785 0.109375 0.110352
0 0.303711 0.091309 0.109375 0.110352
0 0.301270 0.214355 0.110352 0.110352
0 0.295410 0.317871 0.110352 0.110352
0 0.209473 0.377441 0.110352 0.110352
0 0.199707 0.264160 0.110352 0.110352
0 0.209473 0.150879 0.110352 0.110352
0 0.123047 0.096191 0.097656 0.098633
0 0.114746 0.215332 0.073242 0.073242
0 0.115234 0.321777 0.097656 0.098633
0 0.501953 0.430176 0.109375 0.110352
0 0.305176 0.426270 0.110352 0.110352
0 0.207031 0.490723 0.109375 0.110352
0 0.103027 0.439453 0.122070 0.123047
0 0.110352 0.540527 0.109375 0.110352
0 0.410645 0.494629 0.110352 0.110352
0 0.109863 0.639648 0.084961 0.085938
0 0.096191 0.751953 0.122070 0.123047
0 0.104492 0.875488 0.097656 0.098633
0 0.203125 0.595215 0.109375 0.110352
0 0.205078 0.707520 0.097656 0.098633
0 0.205078 0.822754 0.109375 0.110352
0 0.198730 0.924316 0.110352 0.110352
0 0.300293 0.538574 0.110352 0.110352
0 0.300293 0.648926 0.110352 0.110352
0 0.303223 0.766113 0.122070 0.122070
0 0.300781 0.875488 0.097656 0.098633
0 0.395996 0.588379 0.110352 0.110352
0 0.388672 0.707520 0.097656 0.098633
0 0.390625 0.821777 0.097656 0.098633
0 0.388672 0.932129 0.097656 0.098633
0 0.487305 0.541016 0.109375 0.111328
0 0.489258 0.650879 0.109375 0.110352
0 0.496582 0.765625 0.122070 0.123047
0 0.507324 0.871582 0.110352 0.110352
0 0.597168 0.487305 0.122070 0.123047
0 0.595215 0.579102 0.122070 0.123047
0 0.590332 0.710938 0.122070 0.123047
0 0.590332 0.823242 0.122070 0.123047
0 0.685059 0.427734 0.122070 0.123047
0 0.688965 0.524414 0.122070 0.123047
0 0.685059 0.642578 0.122070 0.123047
0 0.675293 0.752930 0.122070 0.123047
0 0.681641 0.871582 0.109375 0.110352
0 0.772949 0.922363 0.110352 0.110352
0 0.769043 0.806641 0.110352 0.111328
0 0.780762 0.702148 0.110352 0.111328
0 0.774902 0.481445 0.122070 0.123047
0 0.866699 0.561523 0.122070 0.123047
0 0.869629 0.441406 0.122070 0.123047
0 0.783691 0.592285 0.110352 0.110352
0 0.871094 0.660645 0.109375 0.110352
0 0.871582 0.776367 0.122070 0.123047
0 0.879395 0.867188 0.110352 0.111328
0 0.596680 0.922852 0.048828 0.048828
0 0.109375 0.976074 0.037109 0.036133