0 0.085449 0.395020 0.061523 0.061523
0 0.074707 0.281738 0.061523 0.061523
0 0.062012 0.742188 0.073242 0.074219
0 0.835449 0.497070 0.073242 0.074219
0 0.181152 0.124512 0.061523 0.061523
0 0.181641 0.232910 0.060547 0.061523
0 0.170410 0.465332 0.061523 0.061523
0 0.170410 0.567871 0.061523 0.061523
0 0.365234 0.555176 0.060547 0.061523
0 0.831543 0.705566 0.061523 0.061523
0 0.163574 0.794434 0.061523 0.061523
0 0.556641 0.792480 0.048828 0.049805
0 0.656250 0.604492 0.048828 0.048828
0 0.344238 0.731934 0.073242 0.073242
0 0.365234 0.625488 0.048828 0.049805
0 0.659668 0.723145 0.061523 0.061523
0 0.466797 0.622559 0.060547 0.061523
0 0.754395 0.964355 0.061523 0.061523
0 0.557129 0.679199 0.061523 0.061523
0 0.457520 0.714355 0.073242 0.073242
0 0.933594 0.340332 0.097656 0.098633
0 0.925781 0.446777 0.109375 0.110352
0 0.923340 0.554199 0.110352 0.110352
0 0.925293 0.675781 0.084961 0.085938
0 0.927246 0.783203 0.073242 0.074219
0 0.838379 0.282227 0.084961 0.085938
0 0.828613 0.397949 0.110352 0.110352
0 0.837402 0.609375 0.073242 0.074219
0 0.840332 0.787109 0.073242 0.074219
0 0.748535 0.229980 0.110352 0.110352
0 0.734863 0.328613 0.110352 0.110352
0 0.735840 0.431641 0.073242 0.074219
0 0.736328 0.532227 0.085938 0.085938
0 0.744141 0.624023 0.085938 0.085938
0 0.747070 0.742676 0.097656 0.098633
0 0.658203 0.511719 0.037109 0.037109
0 0.564941 0.572266 0.036133 0.037109
0 0.452148 0.801270 0.048828 0.049805
0 0.265625 0.282715 0.060547 0.061523
0 0.265625 0.391113 0.048828 0.049805
0 0.264648 0.485840 0.048828 0.049805
0 0.254883 0.611816 0.048828 0.049805
0 0.258789 0.724609 0.048828 0.048828
0 0.163574 0.679199 0.061523 0.061523
0 0.182617 0.354004 0.048828 0.049805
0 0.661133 0.287598 0.109375 0.110352
0 0.650391 0.387695 0.109375 0.111328
0 0.572754 0.243164 0.122070 0.123047
0 0.562012 0.342773 0.110352 0.111328
0 0.560059 0.448730 0.110352 0.110352
0 0.474121 0.289062 0.110352 0.111328
0 0.475098 0.392090 0.110352 0.110352
0 0.466309 0.504395 0.110352 0.110352
0 0.375000 0.326172 0.085938 0.085938
0 0.375488 0.432617 0.122070 0.123047
0 0.930664 0.115723 0.109375 0.110352
0 0.929688 0.225098 0.109375 0.110352
0 0.851074 0.056152 0.084961 0.086914
0 0.843262 0.183105 0.110352 0.110352
0 0.750000 0.123535 0.097656 0.098633
0 0.659180 0.069824 0.097656 0.098633
0 0.656250 0.180176 0.109375 0.110352
0 0.570312 0.110352 0.097656 0.097656
0 0.476562 0.065430 0.097656 0.097656
0 0.472168 0.176758 0.110352 0.111328
0 0.371094 0.218262 0.097656 0.098633
0 0.371094 0.128906 0.109375 0.111328
0 0.274414 0.068359 0.048828 0.048828
0 0.269043 0.173340 0.061523 0.061523