0 0.916504 0.336426 0.061523 0.061523
0 0.755859 0.318848 0.060547 0.061523
0 0.397461 0.327148 0.048828 0.048828
0 0.476562 0.392578 0.048828 0.048828
0 0.659668 0.376465 0.061523 0.061523
0 0.479492 0.268066 0.060547 0.061523
0 0.404297 0.116211 0.048828 0.048828
0 0.399414 0.231934 0.060547 0.061523
0 0.672852 0.080566 0.060547 0.061523
0 0.476562 0.180176 0.060547 0.061523
0 0.749023 0.220703 0.048828 0.048828
0 0.468750 0.077148 0.048828 0.048828
0 0.668457 0.167969 0.073242 0.074219
0 0.285156 0.360840 0.048828 0.049805
0 0.289062 0.264160 0.048828 0.049805
0 0.189453 0.202637 0.048828 0.049805
0 0.195801 0.301270 0.061523 0.061523
0 0.194336 0.094727 0.048828 0.048828
0 0.085938 0.187988 0.048828 0.049805
0 0.096680 0.269043 0.048828 0.049805
0 0.096680 0.364746 0.048828 0.049805
0 0.194336 0.402832 0.048828 0.049805
0 0.288086 0.077637 0.060547 0.061523
0 0.754395 0.549316 0.061523 0.061523
0 0.655762 0.482910 0.061523 0.061523
0 0.917480 0.550293 0.061523 0.061523
0 0.760742 0.453125 0.060547 0.060547
0 0.753418 0.644043 0.061523 0.061523
0 0.825684 0.606445 0.073242 0.074219
0 0.915039 0.437500 0.048828 0.048828
0 0.826172 0.480469 0.060547 0.060547
0 0.909668 0.925781 0.110352 0.111328
0 0.919434 0.256836 0.036133 0.037109
0 0.933594 0.135254 0.037109 0.036133
0 0.833008 0.266602 0.048828 0.048828
0 0.842773 0.378906 0.037109 0.037109
0 0.757812 0.127930 0.037109 0.037109
0 0.667969 0.275391 0.048828 0.048828
0 0.584961 0.331055 0.048828 0.048828
0 0.580078 0.429199 0.060547 0.061523
0 0.592773 0.119141 0.048828 0.048828
0 0.391113 0.432129 0.024414 0.024414
0 0.288574 0.175781 0.036133 0.037109
0 0.098633 0.462891 0.048828 0.048828
0 0.928711 0.024414 0.037109 0.037109
0 0.760742 0.034180 0.048828 0.048828
0 0.836914 0.065430 0.037109 0.037109
0 0.596191 0.214355 0.024414 0.024414
0 0.298340 0.465332 0.024414 0.024414