0 0.932129 0.273926 0.110352 0.110352
0 0.932617 0.162598 0.109375 0.110352
0 0.839844 0.101074 0.097656 0.098633
0 0.840332 0.213379 0.110352 0.110352
0 0.747070 0.270996 0.109375 0.110352
0 0.747070 0.158691 0.097656 0.098633
0 0.651367 0.094238 0.109375 0.110352
1 0.656250 0.216309 0.109375 0.110352
0 0.550293 0.261719 0.110352 0.111328
0 0.552734 0.152344 0.097656 0.097656
0 0.463379 0.108398 0.110352 0.111328
0 0.462891 0.210938 0.097656 0.097656
0 0.366699 0.268555 0.073242 0.074219
0 0.370117 0.162109 0.085938 0.085938
0 0.372070 0.059570 0.085938 0.085938
0 0.272461 0.103027 0.109375 0.110352
0 0.275391 0.208496 0.097656 0.098633
0 0.188965 0.156250 0.122070 0.123047
0 0.185059 0.255371 0.110352 0.110352
0 0.081543 0.210449 0.110352 0.110352
0 0.084473 0.095215 0.110352 0.110352
0 0.079102 0.655762 0.109375 0.110352
0 0.085938 0.533691 0.109375 0.110352
0 0.078125 0.433105 0.109375 0.110352
0 0.083008 0.325684 0.109375 0.110352
0 0.182129 0.372070 0.122070 0.123047
0 0.178223 0.484375 0.122070 0.123047
0 0.180664 0.589355 0.109375 0.110352
0 0.187500 0.685059 0.109375 0.110352
1 0.169434 0.819824 0.122070 0.122070
0 0.267578 0.770020 0.109375 0.110352
0 0.270996 0.649902 0.110352 0.110352
0 0.268066 0.548340 0.110352 0.110352
0 0.274902 0.430664 0.110352 0.111328
0 0.271973 0.326172 0.110352 0.111328
0 0.364258 0.373047 0.109375 0.111328
0 0.366211 0.484375 0.109375 0.111328
0 0.359375 0.592773 0.097656 0.097656
0 0.366211 0.707520 0.097656 0.098633
0 0.364746 0.825684 0.110352 0.110352
0 0.458008 0.874512 0.097656 0.098633
0 0.463867 0.773438 0.097656 0.097656
0 0.452148 0.659180 0.109375 0.111328
0 0.467285 0.539062 0.122070 0.123047
0 0.466309 0.423828 0.073242 0.074219
0 0.458008 0.329590 0.097656 0.098633
0 0.551270 0.389648 0.122070 0.123047
0 0.551270 0.485840 0.110352 0.110352
0 0.547852 0.588867 0.097656 0.097656
0 0.544922 0.708984 0.109375 0.111328
0 0.548828 0.825684 0.109375 0.110352
0 0.656250 0.766602 0.109375 0.111328
0 0.643066 0.658691 0.110352 0.110352
0 0.645996 0.541504 0.110352 0.110352
0 0.650879 0.439941 0.110352 0.110352
0 0.651367 0.318848 0.109375 0.110352
0 0.744141 0.377441 0.109375 0.110352
0 0.740234 0.483887 0.109375 0.110352
0 0.744141 0.579590 0.097656 0.098633
0 0.745605 0.716309 0.110352 0.110352
0 0.742676 0.824219 0.110352 0.111328
0 0.639160 0.877930 0.110352 0.111328
0 0.836914 0.876953 0.097656 0.097656
0 0.830078 0.770996 0.109375 0.110352
0 0.835938 0.656738 0.109375 0.110352
0 0.836914 0.545410 0.109375 0.110352
0 0.830078 0.426270 0.097656 0.098633
0 0.839844 0.319824 0.097656 0.098633
0 0.937500 0.376465 0.097656 0.098633
0 0.929688 0.490723 0.097656 0.098633
0 0.932617 0.597168 0.097656 0.098633
0 0.932617 0.711426 0.109375 0.110352
0 0.927734 0.822754 0.109375 0.110352
0 0.928711 0.931152 0.109375 0.110352
0 0.744141 0.932129 0.097656 0.098633
0 0.549805 0.923828 0.109375 0.111328
0 0.361328 0.926270 0.097656 0.098633
0 0.266602 0.870605 0.097656 0.098633
1 0.174805 0.919434 0.097656 0.098633
0 0.086914 0.882324 0.097656 0.098633