0 0.046875 0.774902 0.048828 0.049805
0 0.141602 0.853027 0.048828 0.049805
0 0.140137 0.947754 0.036133 0.036133
0 0.147949 0.068359 0.122070 0.123047
0 0.336914 0.077148 0.109375 0.111328
0 0.429688 0.132812 0.097656 0.097656
0 0.437500 0.238281 0.097656 0.097656
0 0.425781 0.361328 0.097656 0.097656
0 0.429688 0.449707 0.097656 0.098633
0 0.327148 0.517090 0.097656 0.098633
0 0.340820 0.398438 0.085938 0.085938
0 0.333984 0.292969 0.085938 0.085938
0 0.338867 0.181641 0.097656 0.097656
0 0.238281 0.127930 0.097656 0.097656
0 0.240234 0.247559 0.097656 0.098633
0 0.240234 0.339355 0.097656 0.098633
0 0.233398 0.455566 0.097656 0.098633
0 0.240723 0.562012 0.084961 0.086914
0 0.145020 0.404785 0.110352 0.110352
0 0.143555 0.286621 0.097656 0.098633
0 0.143066 0.180176 0.110352 0.110352
0 0.049805 0.126465 0.097656 0.098633
0 0.537598 0.167969 0.122070 0.123047
0 0.532715 0.281738 0.122070 0.122070
0 0.535645 0.384277 0.110352 0.110352
0 0.528320 0.515137 0.097656 0.098633
0 0.425781 0.564453 0.085938 0.085938
0 0.526855 0.627441 0.110352 0.110352
0 0.619629 0.565430 0.084961 0.085938
0 0.623047 0.464355 0.097656 0.098633
0 0.621094 0.346191 0.097656 0.098633
0 0.625977 0.236816 0.097656 0.098633
0 0.626465 0.133789 0.122070 0.123047
0 0.722168 0.062500 0.096680 0.097656
0 0.712891 0.172852 0.097656 0.097656
0 0.731445 0.277832 0.097656 0.098633
0 0.721680 0.402344 0.085938 0.085938
0 0.724609 0.501465 0.097656 0.098633
0 0.720703 0.623535 0.097656 0.098633
0 0.814941 0.562500 0.122070 0.123047
0 0.812012 0.458008 0.122070 0.123047
0 0.812012 0.338867 0.122070 0.123047
0 0.809082 0.239258 0.110352 0.111328
0 0.813965 0.124023 0.122070 0.123047
0 0.911133 0.069824 0.109375 0.110352
0 0.919434 0.164062 0.122070 0.123047
0 0.909668 0.284180 0.122070 0.123047
0 0.910645 0.410156 0.122070 0.123047
0 0.902832 0.514160 0.110352 0.110352
0 0.903809 0.625000 0.122070 0.123047
0 0.904785 0.729980 0.110352 0.110352
0 0.901855 0.845215 0.110352 0.110352
0 0.808594 0.676270 0.109375 0.110352
0 0.804688 0.773926 0.097656 0.098633
0 0.815430 0.888184 0.097656 0.098633
0 0.709961 0.729980 0.097656 0.098633
0 0.711914 0.833496 0.097656 0.098633
0 0.620605 0.670410 0.084961 0.086914
0 0.510742 0.727051 0.048828 0.049805
0 0.429688 0.685059 0.097656 0.098633
0 0.051758 0.881348 0.048828 0.049805
0 0.309570 0.854492 0.037109 0.037109
0 0.458008 0.811523 0.037109 0.037109
0 0.508301 0.937500 0.036133 0.037109
0 0.616211 0.792969 0.037109 0.037109
0 0.212402 0.899414 0.036133 0.037109
0 0.334961 0.625977 0.097656 0.097656