0 0.701660 0.486816 0.061523 0.061523
0 0.690918 0.373535 0.061523 0.061523
0 0.496094 0.602051 0.060547 0.061523
0 0.315918 0.597656 0.073242 0.074219
0 0.412598 0.443848 0.061523 0.061523
0 0.221191 0.518555 0.073242 0.074219
0 0.391602 0.649414 0.048828 0.048828
0 0.495117 0.504395 0.060547 0.061523
0 0.312012 0.375000 0.073242 0.074219
0 0.117188 0.583984 0.048828 0.048828
0 0.219238 0.646973 0.073242 0.073242
0 0.122070 0.475098 0.060547 0.061523
0 0.401855 0.548828 0.061523 0.060547
0 0.222656 0.418457 0.060547 0.061523
0 0.122070 0.146973 0.060547 0.061523
0 0.239258 0.179199 0.060547 0.061523
0 0.120117 0.264160 0.060547 0.061523
0 0.124023 0.372559 0.060547 0.061523
0 0.319824 0.474609 0.073242 0.074219
0 0.678223 0.833984 0.073242 0.074219
0 0.390137 0.863770 0.061523 0.061523
0 0.490234 0.808594 0.048828 0.048828
0 0.221191 0.756348 0.061523 0.061523
0 0.389160 0.761230 0.061523 0.061523
0 0.115723 0.705566 0.061523 0.061523
0 0.587891 0.776367 0.048828 0.048828
0 0.797363 0.216309 0.061523 0.061523
0 0.797852 0.324707 0.060547 0.061523
0 0.786621 0.557129 0.061523 0.061523
0 0.807129 0.098145 0.073242 0.073242
0 0.786621 0.659668 0.061523 0.061523
0 0.779785 0.886230 0.061523 0.061523
0 0.960449 0.823730 0.073242 0.073242
0 0.881836 0.374512 0.060547 0.061523
0 0.881836 0.482910 0.048828 0.049805
0 0.880859 0.577637 0.048828 0.049805
0 0.871094 0.703613 0.048828 0.049805
0 0.875000 0.816406 0.048828 0.048828
0 0.779785 0.770996 0.061523 0.061523
0 0.798828 0.445801 0.048828 0.049805
0 0.600586 0.435547 0.037109 0.037109
0 0.589844 0.541016 0.048828 0.048828
0 0.590820 0.667969 0.037109 0.037109
0 0.487793 0.717773 0.036133 0.037109
0 0.308105 0.697266 0.073242 0.074219
0 0.306641 0.818359 0.037109 0.037109
0 0.219727 0.846191 0.048828 0.049805
0 0.116211 0.887207 0.048828 0.049805
0 0.229492 0.307617 0.048828 0.048828
0 0.886719 0.055176 0.048828 0.049805
0 0.890625 0.160156 0.048828 0.048828
0 0.885254 0.265137 0.061523 0.061523
0 0.423828 0.212891 0.048828 0.048828
0 0.500000 0.376953 0.037109 0.037109
0 0.415527 0.325684 0.024414 0.024414
0 0.312500 0.264160 0.048828 0.049805
0 0.313965 0.140625 0.024414 0.025391
0 0.318359 0.033203 0.037109 0.037109
0 0.238281 0.082520 0.060547 0.061523
0 0.125977 0.038086 0.037109 0.037109