0 0.637695 0.787109 0.048828 0.048828
0 0.632324 0.892090 0.061523 0.061523
0 0.637207 0.689941 0.061523 0.061523
0 0.635742 0.576660 0.060547 0.061523
0 0.727539 0.523438 0.048828 0.048828
0 0.716309 0.847168 0.047852 0.049805
0 0.815918 0.900391 0.073242 0.074219
0 0.929688 0.641602 0.048828 0.048828
0 0.936035 0.761230 0.061523 0.061523
0 0.723633 0.635254 0.060547 0.061523
0 0.821289 0.788574 0.060547 0.061523
0 0.823730 0.700195 0.061523 0.060547
0 0.829102 0.581543 0.060547 0.061523
0 0.091797 0.561523 0.048828 0.048828
0 0.185547 0.885254 0.060547 0.061523
0 0.552246 0.731934 0.061523 0.061523
0 0.460938 0.596680 0.037109 0.037109
0 0.190918 0.551758 0.036133 0.037109
0 0.550781 0.632324 0.048828 0.049805
0 0.272461 0.526367 0.037109 0.037109
0 0.183594 0.657227 0.048828 0.048828
0 0.091797 0.895996 0.048828 0.049805
0 0.548340 0.858887 0.061523 0.061523
0 0.544922 0.951172 0.048828 0.048828
0 0.553223 0.536621 0.061523 0.061523
0 0.372559 0.417480 0.073242 0.073242
0 0.634277 0.480469 0.073242 0.074219
0 0.451660 0.242676 0.061523 0.061523
0 0.374023 0.324707 0.048828 0.049805
0 0.461426 0.146973 0.061523 0.061523
0 0.636719 0.285645 0.060547 0.061523
0 0.637695 0.378906 0.048828 0.048828
0 0.729492 0.321289 0.048828 0.048828
0 0.826660 0.369629 0.061523 0.061523
0 0.728027 0.423340 0.061523 0.061523
0 0.737793 0.218262 0.061523 0.061523
0 0.925781 0.314941 0.048828 0.049805
0 0.925781 0.200684 0.060547 0.061523
0 0.826172 0.262207 0.060547 0.061523
0 0.091309 0.066895 0.122070 0.122070
0 0.383301 0.114258 0.122070 0.123047
0 0.180176 0.087402 0.084961 0.086914
0 0.923828 0.126465 0.097656 0.098633
0 0.832520 0.152344 0.084961 0.085938
0 0.375977 0.212402 0.109375 0.110352
0 0.282227 0.148926 0.109375 0.110352
0 0.281738 0.251465 0.110352 0.110352
0 0.275879 0.426270 0.122070 0.122070
0 0.176758 0.437988 0.097656 0.098633
0 0.173340 0.335449 0.110352 0.110352
0 0.182617 0.208496 0.097656 0.098633
0 0.083984 0.207520 0.097656 0.098633
0 0.084473 0.347656 0.122070 0.123047
0 0.083984 0.481934 0.109375 0.110352
0 0.737305 0.095215 0.037109 0.036133
0 0.950195 0.878418 0.048828 0.049805
0 0.931152 0.533691 0.024414 0.024414
0 0.931152 0.420410 0.024414 0.024414
0 0.828613 0.473145 0.024414 0.024414
0 0.720215 0.751953 0.036133 0.037109
0 0.716309 0.954102 0.084961 0.085938
0 0.635254 0.076172 0.036133 0.037109
0 0.659668 0.216309 0.024414 0.024414
0 0.551758 0.197266 0.037109 0.037109
0 0.555664 0.101562 0.037109 0.037109
0 0.451660 0.363770 0.036133 0.036133
0 0.558594 0.320312 0.037109 0.037109
0 0.557617 0.431152 0.048828 0.049805
0 0.455566 0.471191 0.036133 0.036133
0 0.454102 0.695312 0.037109 0.037109
0 0.452148 0.811523 0.037109 0.037109
0 0.454102 0.916016 0.037109 0.037109
0 0.375000 0.636719 0.048828 0.048828
0 0.266113 0.647461 0.036133 0.037109
0 0.277832 0.773438 0.036133 0.037109
0 0.277344 0.856445 0.048828 0.048828
0 0.371094 0.749512 0.060547 0.061523
0 0.182617 0.766602 0.037109 0.037109
0 0.084961 0.817383 0.048828 0.048828
0 0.087891 0.712891 0.037109 0.037109