0 0.114258 0.073730 0.109375 0.110352
0 0.121094 0.169434 0.109375 0.110352
1 0.103027 0.304199 0.122070 0.122070
0 0.201172 0.254395 0.109375 0.110352
0 0.204590 0.134277 0.110352 0.110352
0 0.292969 0.077148 0.097656 0.097656
0 0.299805 0.191895 0.097656 0.098633
0 0.298340 0.310059 0.110352 0.110352
0 0.391602 0.358887 0.097656 0.098633
0 0.397461 0.257812 0.097656 0.097656
0 0.385742 0.143555 0.109375 0.111328
0 0.481445 0.073242 0.097656 0.097656
0 0.478516 0.193359 0.109375 0.111328
0 0.482422 0.310059 0.109375 0.110352
0 0.589844 0.250977 0.109375 0.111328
0 0.576660 0.143066 0.110352 0.110352
0 0.677734 0.063965 0.097656 0.098633
0 0.679199 0.200684 0.110352 0.110352
0 0.676270 0.308594 0.110352 0.111328
0 0.572754 0.362305 0.110352 0.111328
0 0.770508 0.361328 0.097656 0.097656
0 0.763672 0.255371 0.109375 0.110352
0 0.769531 0.141113 0.109375 0.110352
0 0.866211 0.081543 0.097656 0.098633
0 0.866211 0.195801 0.109375 0.110352
0 0.861328 0.307129 0.109375 0.110352
0 0.862305 0.415527 0.109375 0.110352
0 0.860352 0.522949 0.109375 0.110352
0 0.862305 0.637207 0.097656 0.098633
0 0.858887 0.742188 0.110352 0.111328
0 0.873047 0.853516 0.097656 0.097656
0 0.766113 0.474121 0.110352 0.110352
0 0.770508 0.583984 0.097656 0.097656
0 0.764648 0.690430 0.097656 0.097656
0 0.765625 0.806641 0.097656 0.097656
0 0.677734 0.416504 0.097656 0.098633
0 0.681641 0.527344 0.097656 0.097656
0 0.682617 0.634766 0.097656 0.097656
0 0.674805 0.864746 0.109375 0.110352
0 0.671875 0.747559 0.109375 0.110352
0 0.572266 0.467773 0.109375 0.111328
0 0.567383 0.578125 0.109375 0.111328
0 0.572266 0.687012 0.109375 0.110352
0 0.570801 0.812500 0.122070 0.123047
0 0.483398 0.408203 0.109375 0.111328
0 0.476562 0.523926 0.109375 0.110352
0 0.479004 0.624512 0.110352 0.110352
0 0.471191 0.734863 0.110352 0.110352
0 0.480957 0.817871 0.073242 0.073242
0 0.384766 0.467285 0.097656 0.098633
0 0.388672 0.571777 0.097656 0.098633
0 0.386719 0.686035 0.097656 0.098633
0 0.382324 0.798340 0.110352 0.110352
0 0.294922 0.410645 0.097656 0.098633
0 0.288574 0.516113 0.110352 0.110352
0 0.284180 0.634277 0.109375 0.110352
0 0.291016 0.749512 0.109375 0.110352
0 0.200195 0.354980 0.097656 0.098633
0 0.199219 0.465332 0.109375 0.110352
0 0.200195 0.572754 0.109375 0.110352
0 0.198242 0.686035 0.109375 0.110352
1 0.108398 0.403809 0.097656 0.098633
0 0.110840 0.512207 0.110352 0.110352
0 0.107910 0.636230 0.110352 0.110352
0 0.102051 0.746582 0.110352 0.110352
0 0.101074 0.852051 0.110352 0.110352
0 0.192871 0.796387 0.110352 0.110352
0 0.293945 0.859863 0.109375 0.110352
0 0.763672 0.912598 0.097656 0.098633
0 0.572266 0.915039 0.109375 0.111328
0 0.388672 0.903320 0.109375 0.111328
0 0.196777 0.908691 0.110352 0.110352