0 0.056641 0.214355 0.048828 0.049805
0 0.055176 0.309082 0.036133 0.036133
0 0.046875 0.466309 0.048828 0.049805
0 0.051758 0.547852 0.048828 0.048828
0 0.038086 0.631836 0.048828 0.048828
0 0.136230 0.565430 0.036133 0.037109
0 0.511230 0.373535 0.061523 0.061523
0 0.911133 0.788086 0.085938 0.085938
0 0.920410 0.158691 0.110352 0.110352
0 0.916992 0.262207 0.097656 0.098633
0 0.912109 0.368652 0.097656 0.098633
0 0.916992 0.488770 0.085938 0.086914
0 0.819824 0.091309 0.110352 0.110352
0 0.816895 0.206543 0.110352 0.110352
0 0.816895 0.314941 0.122070 0.122070
0 0.816895 0.431152 0.122070 0.122070
0 0.719727 0.135254 0.097656 0.098633
0 0.730469 0.249512 0.097656 0.098633
0 0.727539 0.365723 0.097656 0.098633
0 0.724609 0.490723 0.097656 0.098633
0 0.625000 0.091309 0.097656 0.098633
0 0.626953 0.194824 0.097656 0.098633
0 0.631836 0.312988 0.097656 0.098633
0 0.425781 0.088379 0.048828 0.049805
0 0.910645 0.582031 0.084961 0.085938
0 0.910156 0.695801 0.097656 0.098633
0 0.804688 0.738281 0.085938 0.085938
0 0.816406 0.648438 0.085938 0.085938
0 0.823242 0.538086 0.085938 0.085938
0 0.732422 0.590332 0.097656 0.098633
0 0.537109 0.692871 0.060547 0.061523
0 0.534180 0.592285 0.048828 0.049805
0 0.914062 0.894531 0.048828 0.048828
0 0.795898 0.859863 0.023438 0.024414
0 0.790039 0.962891 0.048828 0.048828
0 0.710938 0.806641 0.048828 0.048828
0 0.710449 0.922363 0.024414 0.024414
0 0.617676 0.859863 0.036133 0.036133
0 0.543945 0.789551 0.037109 0.036133
0 0.546875 0.908691 0.048828 0.049805
0 0.453613 0.832520 0.036133 0.036133
0 0.619629 0.540039 0.036133 0.037109
0 0.539551 0.474609 0.036133 0.037109
0 0.436523 0.529297 0.037109 0.037109
0 0.338867 0.582520 0.037109 0.036133
0 0.238770 0.629395 0.036133 0.036133
0 0.217285 0.753906 0.036133 0.037109
0 0.333496 0.705566 0.036133 0.036133
0 0.452148 0.647949 0.048828 0.049805
0 0.453125 0.736816 0.037109 0.036133
0 0.713867 0.700195 0.048828 0.048828
0 0.621094 0.637695 0.048828 0.048828
0 0.621582 0.739258 0.036133 0.037109
0 0.157715 0.380371 0.036133 0.036133
0 0.224609 0.215820 0.037109 0.037109
0 0.373047 0.172852 0.037109 0.037109
0 0.423340 0.298828 0.036133 0.037109
0 0.531250 0.154297 0.037109 0.037109
0 0.341797 0.358398 0.037109 0.037109
0 0.436035 0.399902 0.024414 0.024414
0 0.127441 0.260742 0.036133 0.037109
0 0.042480 0.777344 0.024414 0.025391
0 0.123535 0.777344 0.036133 0.037109
0 0.285645 0.476074 0.036133 0.036133
0 0.625977 0.425781 0.037109 0.037109
0 0.117188 0.958008 0.037109 0.037109