0 0.392090 0.350098 0.061523 0.061523
0 0.791992 0.764648 0.085938 0.085938
0 0.891602 0.616211 0.048828 0.048828
0 0.888672 0.058594 0.097656 0.097656
0 0.897461 0.164062 0.097656 0.097656
0 0.891602 0.291504 0.097656 0.098633
0 0.894043 0.394043 0.110352 0.110352
0 0.801270 0.135254 0.110352 0.110352
0 0.797852 0.238770 0.097656 0.098633
0 0.792969 0.345215 0.097656 0.098633
0 0.797852 0.465332 0.085938 0.086914
0 0.700684 0.067871 0.110352 0.110352
0 0.697754 0.183105 0.110352 0.110352
0 0.697754 0.291504 0.122070 0.122070
0 0.697754 0.407715 0.122070 0.122070
0 0.600586 0.111816 0.097656 0.098633
0 0.611328 0.226074 0.097656 0.098633
0 0.608398 0.342285 0.097656 0.098633
0 0.605469 0.467285 0.097656 0.098633
0 0.505859 0.067871 0.097656 0.098633
0 0.507812 0.171387 0.097656 0.098633
0 0.512695 0.289551 0.097656 0.098633
0 0.306641 0.064941 0.048828 0.049805
0 0.791504 0.558594 0.084961 0.085938
0 0.791016 0.672363 0.097656 0.098633
0 0.685547 0.714844 0.085938 0.085938
0 0.697266 0.625000 0.085938 0.085938
0 0.704102 0.514648 0.085938 0.085938
0 0.613281 0.566895 0.097656 0.098633
0 0.417969 0.669434 0.060547 0.061523
0 0.415039 0.568848 0.048828 0.049805
0 0.885742 0.839844 0.048828 0.048828
0 0.888672 0.951172 0.048828 0.048828
0 0.794922 0.871094 0.048828 0.048828
0 0.676758 0.836426 0.023438 0.024414
0 0.670898 0.939453 0.048828 0.048828
0 0.591797 0.783203 0.048828 0.048828
0 0.591309 0.898926 0.024414 0.024414
0 0.498535 0.836426 0.036133 0.036133
0 0.498535 0.966309 0.024414 0.024414
0 0.424805 0.766113 0.037109 0.036133
0 0.427734 0.885254 0.048828 0.049805
0 0.334473 0.809082 0.036133 0.036133
1 0.892578 0.518555 0.048828 0.048828
0 0.894043 0.729004 0.024414 0.024414
0 0.500488 0.516602 0.036133 0.037109
0 0.420410 0.451172 0.036133 0.037109
0 0.317383 0.505859 0.037109 0.037109
0 0.219727 0.559082 0.037109 0.036133
0 0.119629 0.605957 0.036133 0.036133
0 0.098145 0.730469 0.036133 0.037109
0 0.214355 0.682129 0.036133 0.036133
0 0.333008 0.624512 0.048828 0.049805
0 0.333984 0.713379 0.037109 0.036133
0 0.594727 0.676758 0.048828 0.048828
0 0.501953 0.614258 0.048828 0.048828
0 0.502441 0.715820 0.036133 0.037109
0 0.038574 0.356934 0.036133 0.036133
0 0.105469 0.192383 0.037109 0.037109
0 0.253906 0.149414 0.037109 0.037109
0 0.304199 0.275391 0.036133 0.037109
0 0.412109 0.130859 0.037109 0.037109
0 0.222656 0.334961 0.037109 0.037109
0 0.316895 0.376465 0.024414 0.024414
0 0.166504 0.452637 0.036133 0.036133
0 0.506836 0.402344 0.037109 0.037109