0 0.102051 0.090820 0.122070 0.123047
0 0.199219 0.147461 0.109375 0.111328
0 0.291992 0.077637 0.109375 0.110352
0 0.288086 0.202148 0.109375 0.111328
0 0.392578 0.140137 0.097656 0.098633
0 0.487793 0.085449 0.110352 0.110352
0 0.575195 0.143066 0.109375 0.110352
0 0.664551 0.087402 0.110352 0.110352
0 0.479980 0.202637 0.110352 0.110352
0 0.765137 0.145996 0.110352 0.110352
0 0.666016 0.200684 0.109375 0.110352
0 0.867188 0.086426 0.097656 0.098633
0 0.864746 0.199219 0.084961 0.085938
0 0.863770 0.309570 0.084961 0.085938
0 0.856934 0.419434 0.110352 0.110352
0 0.857422 0.530762 0.097656 0.098633
0 0.857910 0.643066 0.110352 0.110352
0 0.764648 0.700684 0.109375 0.110352
0 0.764648 0.588379 0.097656 0.098633
0 0.767578 0.477051 0.097656 0.098633
0 0.771484 0.373535 0.097656 0.098633
0 0.769531 0.255371 0.097656 0.098633
0 0.676758 0.314941 0.097656 0.098633
0 0.672852 0.426270 0.109375 0.110352
0 0.668945 0.523926 0.109375 0.110352
1 0.673828 0.645996 0.109375 0.110352
0 0.567871 0.691406 0.110352 0.111328
0 0.570312 0.582031 0.097656 0.097656
0 0.572266 0.479980 0.109375 0.110352
0 0.577148 0.380371 0.109375 0.110352
0 0.576172 0.249512 0.109375 0.110352
0 0.482910 0.314941 0.110352 0.110352
0 0.478516 0.423828 0.097656 0.097656
0 0.480957 0.538086 0.110352 0.111328
0 0.480469 0.640625 0.097656 0.097656
0 0.384277 0.698242 0.073242 0.074219
0 0.387695 0.591797 0.085938 0.085938
0 0.389648 0.489258 0.085938 0.085938
0 0.396973 0.372070 0.084961 0.085938
0 0.383789 0.261230 0.097656 0.098633
0 0.291992 0.305664 0.109375 0.111328
0 0.292969 0.420898 0.109375 0.111328
0 0.290039 0.532715 0.109375 0.110352
0 0.292969 0.638184 0.097656 0.098633
0 0.203125 0.246094 0.109375 0.111328
0 0.201172 0.368164 0.109375 0.111328
0 0.200195 0.466309 0.097656 0.098633
0 0.206543 0.585938 0.122070 0.123047
0 0.202637 0.685059 0.110352 0.110352
0 0.099121 0.640137 0.110352 0.110352
0 0.102051 0.524902 0.110352 0.110352
0 0.104004 0.308105 0.110352 0.110352
0 0.102051 0.205078 0.122070 0.123047
0 0.103516 0.413086 0.048828 0.048828
0 0.095703 0.862793 0.109375 0.110352
0 0.100586 0.755371 0.109375 0.110352
0 0.199707 0.801758 0.122070 0.123047
0 0.195801 0.914062 0.122070 0.123047
0 0.292480 0.860352 0.110352 0.111328
0 0.289551 0.755859 0.110352 0.111328
0 0.381836 0.802734 0.109375 0.111328
0 0.383789 0.914062 0.109375 0.111328
0 0.483887 0.853516 0.073242 0.074219
0 0.475586 0.759277 0.097656 0.098633
0 0.568848 0.819336 0.122070 0.123047
0 0.568848 0.915527 0.110352 0.110352
0 0.668457 0.869629 0.110352 0.110352
0 0.668945 0.748535 0.109375 0.110352
0 0.761719 0.807129 0.109375 0.110352
0 0.757812 0.913574 0.109375 0.110352
0 0.847656 0.855957 0.097656 0.098633
0 0.857422 0.749512 0.097656 0.098633
0 0.947266 0.920410 0.097656 0.098633