0 0.498047 0.122559 0.060547 0.061523
0 0.579590 0.191406 0.084961 0.085938
0 0.504883 0.339844 0.048828 0.048828
0 0.579102 0.402344 0.048828 0.048828
0 0.504395 0.229980 0.061523 0.061523
0 0.207031 0.069336 0.048828 0.048828
0 0.401855 0.189941 0.061523 0.061523
0 0.401367 0.077637 0.048828 0.049805
0 0.121094 0.870605 0.060547 0.061523
0 0.678711 0.457031 0.048828 0.048828
0 0.678711 0.575684 0.060547 0.061523
0 0.679688 0.350586 0.048828 0.048828
0 0.679199 0.907715 0.061523 0.061523
0 0.772461 0.625488 0.048828 0.049805
0 0.677734 0.670410 0.060547 0.061523
0 0.688965 0.789551 0.073242 0.073242
0 0.883301 0.125977 0.110352 0.111328
0 0.777344 0.071289 0.109375 0.111328
0 0.687500 0.125977 0.109375 0.111328
0 0.583984 0.077148 0.097656 0.097656
0 0.677246 0.217773 0.084961 0.085938
0 0.771973 0.180176 0.110352 0.110352
0 0.871094 0.244629 0.109375 0.110352
0 0.871094 0.354004 0.109375 0.110352
0 0.873535 0.462402 0.110352 0.110352
0 0.874512 0.562012 0.110352 0.110352
0 0.874512 0.674316 0.110352 0.110352
0 0.869141 0.912109 0.109375 0.111328
0 0.876465 0.795898 0.110352 0.111328
0 0.141602 0.135254 0.048828 0.049805
0 0.589844 0.280762 0.060547 0.061523
0 0.589844 0.507812 0.037109 0.037109
0 0.202148 0.169434 0.048828 0.049805
0 0.207520 0.500488 0.024414 0.024414
0 0.204590 0.296387 0.024414 0.024414
0 0.130371 0.467773 0.036133 0.037109
0 0.768555 0.516602 0.037109 0.037109
0 0.768555 0.746582 0.048828 0.049805
0 0.772461 0.851562 0.048828 0.048828
0 0.767090 0.956543 0.061523 0.061523
0 0.774414 0.292969 0.048828 0.048828
0 0.775391 0.393555 0.048828 0.048828
0 0.305664 0.904297 0.048828 0.048828
0 0.194336 0.955566 0.048828 0.049805
0 0.195801 0.832031 0.024414 0.025391
0 0.200195 0.724609 0.037109 0.037109
0 0.125977 0.677734 0.037109 0.037109
0 0.120117 0.773926 0.060547 0.061523
0 0.122070 0.571289 0.037109 0.037109