0 0.251953 0.656250 0.048828 0.048828
0 0.076172 0.131836 0.060547 0.060547
0 0.171875 0.076172 0.048828 0.048828
0 0.155762 0.824707 0.061523 0.061523
0 0.250488 0.762207 0.061523 0.061523
0 0.250977 0.860840 0.048828 0.049805
0 0.250000 0.961426 0.048828 0.049805
0 0.916016 0.613770 0.048828 0.049805
0 0.938477 0.182617 0.085938 0.085938
0 0.950195 0.092773 0.085938 0.085938
0 0.670898 0.137207 0.060547 0.061523
0 0.667969 0.036621 0.048828 0.049805
0 0.741211 0.676758 0.048828 0.048828
0 0.739258 0.783203 0.048828 0.048828
0 0.732422 0.879883 0.037109 0.037109
0 0.733398 0.968750 0.037109 0.037109
0 0.826172 0.717773 0.048828 0.048828
0 0.828125 0.831543 0.060547 0.061523
0 0.818359 0.952148 0.037109 0.037109
0 0.893066 0.849121 0.061523 0.061523
0 0.884766 0.948242 0.048828 0.048828
0 0.362305 0.718750 0.048828 0.048828
0 0.360352 0.806641 0.048828 0.048828
0 0.364746 0.910645 0.036133 0.036133
0 0.453125 0.929688 0.037109 0.037109
0 0.515137 0.892578 0.036133 0.037109
0 0.462891 0.819336 0.037109 0.037109
0 0.468750 0.697266 0.037109 0.037109
0 0.929688 0.304199 0.023438 0.024414
0 0.923828 0.407227 0.048828 0.048828
0 0.913086 0.520020 0.037109 0.036133
0 0.844727 0.250977 0.048828 0.048828
0 0.844238 0.366699 0.024414 0.024414
0 0.837402 0.493652 0.024414 0.024414
0 0.831055 0.607910 0.048828 0.049805
0 0.751465 0.304199 0.036133 0.036133
0 0.751465 0.434082 0.024414 0.024414
0 0.745605 0.543457 0.024414 0.024414
0 0.677734 0.233887 0.037109 0.036133
0 0.680664 0.353027 0.048828 0.049805
0 0.674805 0.484375 0.037109 0.037109
0 0.676758 0.586914 0.048828 0.048828
0 0.674316 0.716797 0.036133 0.037109
0 0.587402 0.276855 0.036133 0.036133
0 0.472656 0.026855 0.037109 0.036133
0 0.372559 0.073730 0.036133 0.036133
0 0.351074 0.198242 0.036133 0.037109
0 0.467285 0.149902 0.036133 0.036133
0 0.585938 0.092285 0.048828 0.049805
0 0.586914 0.181152 0.037109 0.036133
0 0.847656 0.144531 0.048828 0.048828
0 0.754883 0.082031 0.048828 0.048828
0 0.755371 0.183594 0.036133 0.037109
0 0.086914 0.041992 0.037109 0.037109
0 0.176270 0.221680 0.024414 0.025391
0 0.257324 0.221680 0.036133 0.037109
0 0.067383 0.815918 0.048828 0.049805
0 0.079102 0.699707 0.048828 0.049805
0 0.083984 0.601074 0.037109 0.036133
0 0.087891 0.519531 0.037109 0.037109
0 0.098145 0.402344 0.036133 0.037109
0 0.181152 0.438477 0.036133 0.037109
0 0.186035 0.528320 0.036133 0.037109
0 0.176270 0.622070 0.036133 0.037109
0 0.167480 0.723145 0.036133 0.036133
0 0.251953 0.560547 0.037109 0.037109
0 0.251953 0.475586 0.037109 0.037109
0 0.250977 0.402344 0.037109 0.037109
0 0.157715 0.931641 0.036133 0.037109
0 0.064453 0.925781 0.037109 0.037109
0 0.678711 0.832031 0.048828 0.048828