0 0.182129 0.039551 0.061523 0.061523
0 0.875977 0.304199 0.060547 0.061523
0 0.582031 0.454102 0.085938 0.085938
0 0.778320 0.381348 0.060547 0.061523
0 0.776855 0.483398 0.073242 0.074219
0 0.681641 0.305664 0.048828 0.048828
0 0.453125 0.835449 0.048828 0.049805
0 0.667969 0.962402 0.048828 0.049805
0 0.874512 0.967773 0.036133 0.037109
0 0.876953 0.074219 0.085938 0.085938
0 0.787598 0.130859 0.122070 0.123047
0 0.684082 0.083496 0.110352 0.110352
0 0.587891 0.154785 0.085938 0.086914
0 0.487793 0.097168 0.122070 0.122070
0 0.395508 0.156738 0.097656 0.098633
0 0.581543 0.248047 0.084961 0.085938
0 0.581055 0.361816 0.097656 0.098633
0 0.475586 0.404297 0.085938 0.085938
0 0.487305 0.314453 0.085938 0.085938
0 0.494141 0.204102 0.085938 0.085938
0 0.403320 0.256348 0.097656 0.098633
0 0.208008 0.358887 0.060547 0.061523
0 0.205078 0.258301 0.048828 0.049805
0 0.867188 0.191895 0.048828 0.049805
0 0.782227 0.254395 0.060547 0.061523
0 0.780762 0.579102 0.024414 0.025391
0 0.881836 0.523438 0.048828 0.048828
0 0.875977 0.405762 0.048828 0.049805
0 0.980957 0.687012 0.024414 0.024414
0 0.985840 0.812012 0.024414 0.024414
0 0.871582 0.854004 0.024414 0.024414
0 0.871582 0.615723 0.024414 0.024414
0 0.278320 0.898438 0.048828 0.048828
0 0.363281 0.939453 0.048828 0.048828
0 0.675781 0.529297 0.048828 0.048828
0 0.678711 0.640625 0.048828 0.048828
0 0.573242 0.893066 0.037109 0.036133
0 0.578125 0.776367 0.048828 0.048828
0 0.578125 0.671875 0.048828 0.048828
0 0.584961 0.560547 0.048828 0.048828
0 0.466797 0.525879 0.023438 0.024414
0 0.460938 0.628906 0.048828 0.048828
0 0.450195 0.741699 0.037109 0.036133
0 0.381836 0.472656 0.048828 0.048828
0 0.381348 0.588379 0.024414 0.024414
0 0.374512 0.715332 0.024414 0.024414
0 0.368164 0.829590 0.048828 0.049805
0 0.288574 0.525879 0.036133 0.036133
0 0.288574 0.655762 0.024414 0.024414
0 0.282715 0.765137 0.024414 0.024414
0 0.214844 0.455566 0.037109 0.036133
0 0.217773 0.574707 0.048828 0.049805
0 0.211914 0.706055 0.037109 0.037109
0 0.213867 0.808594 0.048828 0.048828
0 0.211426 0.938477 0.036133 0.037109
0 0.124512 0.498535 0.036133 0.036133
1 0.682617 0.208008 0.048828 0.048828
0 0.684082 0.418457 0.024414 0.024414
0 0.290527 0.206055 0.036133 0.037109
0 0.210449 0.140625 0.036133 0.037109
0 0.107422 0.195312 0.037109 0.037109
0 0.123047 0.313965 0.048828 0.049805
0 0.124023 0.402832 0.037109 0.036133
0 0.384766 0.366211 0.048828 0.048828
0 0.291992 0.303711 0.048828 0.048828
0 0.292480 0.405273 0.036133 0.037109
0 0.106934 0.065918 0.024414 0.024414
0 0.296875 0.091797 0.037109 0.037109
0 0.779785 0.800293 0.024414 0.024414
0 0.663574 0.887695 0.036133 0.037109