0 0.081543 0.358398 0.084961 0.085938
0 0.393066 0.513672 0.084961 0.085938
0 0.941406 0.309570 0.097656 0.097656
0 0.939941 0.429688 0.084961 0.085938
0 0.939453 0.533691 0.097656 0.098633
0 0.934570 0.641113 0.097656 0.098633
0 0.931641 0.738770 0.097656 0.098633
0 0.937988 0.865234 0.122070 0.123047
0 0.834473 0.914551 0.122070 0.122070
0 0.842285 0.805176 0.122070 0.122070
0 0.840332 0.694336 0.122070 0.123047
0 0.853027 0.254883 0.122070 0.123047
0 0.848145 0.373047 0.122070 0.123047
0 0.849121 0.482422 0.122070 0.123047
0 0.853027 0.594727 0.122070 0.123047
0 0.764160 0.309570 0.122070 0.123047
0 0.759277 0.431641 0.122070 0.123047
0 0.752441 0.532227 0.122070 0.123047
0 0.753418 0.642578 0.122070 0.123047
0 0.749512 0.748047 0.122070 0.123047
0 0.737793 0.860840 0.110352 0.110352
0 0.646973 0.923340 0.073242 0.073242
0 0.655273 0.789551 0.109375 0.110352
0 0.659180 0.685059 0.109375 0.110352
0 0.659180 0.586426 0.109375 0.110352
0 0.663574 0.479492 0.122070 0.123047
0 0.661133 0.367676 0.097656 0.098633
0 0.656738 0.248047 0.084961 0.085938
0 0.579102 0.303711 0.085938 0.085938
0 0.572754 0.419922 0.084961 0.085938
0 0.564453 0.525391 0.097656 0.097656
0 0.559570 0.642090 0.097656 0.098633
0 0.558594 0.746582 0.097656 0.098633
0 0.462402 0.794434 0.084961 0.086914
0 0.474609 0.357422 0.085938 0.085938
0 0.471680 0.467773 0.085938 0.085938
0 0.463867 0.587891 0.085938 0.085938
0 0.390625 0.391113 0.097656 0.098633
0 0.386719 0.300293 0.097656 0.098633
0 0.278320 0.318359 0.085938 0.085938
0 0.081543 0.557617 0.122070 0.123047
1 0.077637 0.677246 0.110352 0.110352
0 0.075684 0.786133 0.122070 0.123047
0 0.175781 0.628906 0.109375 0.111328
0 0.175293 0.729492 0.122070 0.123047
0 0.174316 0.842285 0.122070 0.122070
0 0.257324 0.899414 0.122070 0.123047
0 0.268555 0.783691 0.097656 0.098633
0 0.270020 0.679688 0.084961 0.085938
0 0.265137 0.577148 0.084961 0.085938
0 0.369141 0.856934 0.097656 0.098633
0 0.458496 0.924316 0.110352 0.110352
1 0.387207 0.725586 0.073242 0.074219