0 0.685059 0.567871 0.061523 0.061523
0 0.777344 0.646484 0.048828 0.048828
0 0.782227 0.527832 0.048828 0.049805
0 0.524414 0.550293 0.060547 0.061523
0 0.166016 0.558594 0.048828 0.048828
0 0.245117 0.624023 0.048828 0.048828
0 0.428223 0.607910 0.061523 0.061523
0 0.875000 0.577637 0.048828 0.049805
0 0.248047 0.499512 0.060547 0.061523
0 0.885254 0.343262 0.073242 0.073242
0 0.887207 0.454590 0.073242 0.073242
0 0.885254 0.106934 0.061523 0.061523
0 0.786133 0.409668 0.060547 0.061523
0 0.885742 0.230957 0.060547 0.061523
0 0.172852 0.347656 0.048828 0.048828
0 0.175781 0.146484 0.048828 0.048828
0 0.171875 0.253906 0.048828 0.048828
0 0.167969 0.463379 0.060547 0.061523
0 0.441406 0.312012 0.060547 0.061523
0 0.527344 0.069824 0.060547 0.061523
0 0.357422 0.129883 0.048828 0.048828
0 0.246094 0.195312 0.037109 0.037109
0 0.356445 0.036133 0.048828 0.048828
0 0.534180 0.164062 0.048828 0.048828
0 0.446289 0.201172 0.060547 0.060547
0 0.246582 0.081055 0.073242 0.074219
0 0.449707 0.124512 0.061523 0.061523
0 0.245117 0.411621 0.060547 0.061523
0 0.602539 0.195312 0.048828 0.048828
0 0.517578 0.452148 0.048828 0.048828
0 0.237305 0.308594 0.048828 0.048828
0 0.437012 0.399414 0.073242 0.074219
0 0.053711 0.592285 0.048828 0.049805
0 0.057617 0.495605 0.048828 0.049805
0 0.059082 0.075684 0.061523 0.061523
0 0.056641 0.309082 0.060547 0.061523
0 0.054688 0.190918 0.048828 0.049805
0 0.959473 0.530762 0.061523 0.061523
0 0.966797 0.188965 0.060547 0.061523
0 0.968750 0.314941 0.060547 0.061523
0 0.964355 0.635254 0.061523 0.061523
0 0.522949 0.780762 0.061523 0.061523
0 0.424316 0.714355 0.061523 0.061523
0 0.775879 0.850586 0.073242 0.074219
0 0.686035 0.781738 0.061523 0.061523
0 0.529297 0.684570 0.060547 0.060547
0 0.521973 0.875488 0.061523 0.061523
0 0.874023 0.795898 0.048828 0.048828
0 0.878906 0.687988 0.048828 0.049805
0 0.594238 0.837891 0.073242 0.074219
0 0.683594 0.668945 0.048828 0.048828
0 0.594727 0.711914 0.060547 0.060547
0 0.782227 0.741699 0.060547 0.061523
0 0.970215 0.416992 0.036133 0.037109
0 0.969727 0.744629 0.048828 0.049805
0 0.879883 0.875000 0.048828 0.048828
0 0.687988 0.488281 0.036133 0.037109
0 0.702148 0.366699 0.037109 0.036133
0 0.601562 0.498047 0.048828 0.048828
0 0.611328 0.610352 0.037109 0.037109
0 0.526367 0.359375 0.037109 0.037109
0 0.436523 0.506836 0.048828 0.048828
0 0.353516 0.562500 0.048828 0.048828
0 0.348633 0.660645 0.060547 0.061523
0 0.361328 0.350586 0.048828 0.048828
0 0.159668 0.663574 0.024414 0.024414
0 0.057129 0.407227 0.036133 0.037109
0 0.966797 0.093750 0.048828 0.048828
0 0.601562 0.077148 0.037109 0.037109
0 0.794434 0.161621 0.036133 0.036133
0 0.697266 0.255859 0.037109 0.037109
0 0.529297 0.265625 0.048828 0.048828
0 0.605469 0.296875 0.037109 0.037109
0 0.357910 0.216309 0.024414 0.024414
0 0.364746 0.445801 0.024414 0.024414
0 0.066895 0.696777 0.024414 0.024414