0 0.955566 0.913574 0.061523 0.061523
0 0.954102 0.800293 0.060547 0.061523
0 0.410156 0.785156 0.048828 0.048828
0 0.312012 0.874512 0.061523 0.061523
0 0.220215 0.829590 0.061523 0.061523
0 0.870605 0.955566 0.061523 0.061523
0 0.779297 0.820312 0.037109 0.037109
0 0.509277 0.775391 0.036133 0.037109
0 0.869141 0.855957 0.048828 0.049805
0 0.590820 0.750000 0.037109 0.037109
0 0.501953 0.880859 0.048828 0.048828
0 0.871582 0.760254 0.061523 0.061523
0 0.690918 0.641113 0.073242 0.073242
0 0.952637 0.704102 0.073242 0.074219
0 0.770020 0.466309 0.061523 0.061523
0 0.692383 0.548340 0.048828 0.049805
0 0.779785 0.370605 0.061523 0.061523
0 0.955078 0.509277 0.060547 0.061523
0 0.956055 0.602539 0.048828 0.048828
0 0.121582 0.104492 0.122070 0.123047
0 0.117676 0.208984 0.122070 0.123047
0 0.113770 0.327148 0.122070 0.123047
0 0.213379 0.278320 0.122070 0.123047
0 0.213379 0.164062 0.122070 0.123047
0 0.316895 0.099121 0.122070 0.122070
0 0.316895 0.209961 0.122070 0.123047
0 0.315918 0.323242 0.122070 0.123047
0 0.409668 0.290527 0.122070 0.122070
0 0.421875 0.172363 0.097656 0.098633
0 0.411621 0.069336 0.122070 0.123047
0 0.499512 0.102539 0.122070 0.123047
0 0.507324 0.221680 0.122070 0.123047
0 0.592285 0.271484 0.122070 0.123047
0 0.600098 0.160156 0.122070 0.123047
0 0.690918 0.123047 0.122070 0.123047
0 0.689453 0.223145 0.097656 0.098633
0 0.701660 0.337891 0.122070 0.123047
0 0.498535 0.311035 0.084961 0.086914
0 0.694336 0.436035 0.109375 0.110352
0 0.600586 0.372559 0.109375 0.110352
0 0.600098 0.475098 0.110352 0.110352
0 0.594238 0.649902 0.122070 0.122070
0 0.495117 0.661621 0.097656 0.098633
0 0.491699 0.559082 0.110352 0.110352
0 0.500977 0.432129 0.097656 0.098633
0 0.402344 0.431152 0.097656 0.098633
0 0.402832 0.571289 0.122070 0.123047
0 0.402344 0.705566 0.109375 0.110352
0 0.314453 0.434082 0.097656 0.098633
0 0.312988 0.538086 0.122070 0.123047
0 0.313477 0.655762 0.097656 0.098633
0 0.218262 0.723633 0.110352 0.111328
0 0.205078 0.382324 0.097656 0.098633
0 0.216797 0.495605 0.097656 0.098633
0 0.208984 0.601562 0.097656 0.097656
0 0.121094 0.430176 0.097656 0.098633
0 0.124023 0.541992 0.097656 0.097656
0 0.121094 0.655273 0.109375 0.111328
0 0.126953 0.750977 0.085938 0.085938
0 0.953613 0.299805 0.036133 0.037109
0 0.978027 0.439941 0.024414 0.024414
0 0.870117 0.420898 0.037109 0.037109
0 0.874023 0.325195 0.037109 0.037109
0 0.875000 0.208984 0.037109 0.037109
0 0.770020 0.587402 0.036133 0.036133
0 0.876953 0.543945 0.037109 0.037109
0 0.875977 0.654785 0.048828 0.049805
0 0.773926 0.694824 0.036133 0.036133
0 0.772461 0.918945 0.037109 0.037109
0 0.693359 0.860352 0.048828 0.048828
0 0.584473 0.871094 0.036133 0.037109
0 0.406250 0.936523 0.037109 0.037109
0 0.313477 0.780273 0.048828 0.048828
0 0.230957 0.943848 0.061523 0.061523
0 0.117188 0.868652 0.048828 0.049805
0 0.032227 0.931152 0.060547 0.061523