0 0.033203 0.510254 0.048828 0.049805
0 0.031738 0.604980 0.036133 0.036133
0 0.028320 0.843750 0.048828 0.048828
0 0.112793 0.861328 0.036133 0.037109
0 0.487793 0.669434 0.061523 0.061523
0 0.321289 0.106934 0.097656 0.098633
0 0.218750 0.174316 0.097656 0.098633
0 0.232422 0.055664 0.085938 0.085938
0 0.125000 0.112793 0.097656 0.098633
0 0.132324 0.219238 0.084961 0.086914
0 0.419922 0.172363 0.097656 0.098633
0 0.317383 0.221680 0.085938 0.085938
0 0.418457 0.284668 0.110352 0.110352
0 0.511230 0.222656 0.084961 0.085938
0 0.514648 0.121582 0.097656 0.098633
0 0.613281 0.059570 0.085938 0.085938
0 0.616211 0.158691 0.097656 0.098633
0 0.612305 0.280762 0.097656 0.098633
0 0.706543 0.219727 0.122070 0.123047
0 0.703613 0.115234 0.122070 0.123047
0 0.802246 0.067383 0.122070 0.123047
0 0.794434 0.171387 0.110352 0.110352
0 0.795410 0.282227 0.122070 0.123047
0 0.898438 0.220215 0.109375 0.110352
0 0.904297 0.111328 0.097656 0.097656
0 0.898438 0.323242 0.097656 0.097656
0 0.896973 0.454590 0.110352 0.110352
0 0.893555 0.558105 0.097656 0.098633
0 0.888672 0.664551 0.097656 0.098633
0 0.893555 0.784668 0.085938 0.086914
0 0.796387 0.387207 0.110352 0.110352
0 0.793457 0.502441 0.110352 0.110352
0 0.793457 0.610840 0.122070 0.122070
0 0.793457 0.727051 0.122070 0.122070
0 0.700195 0.333496 0.109375 0.110352
0 0.696289 0.431152 0.097656 0.098633
0 0.707031 0.545410 0.097656 0.098633
0 0.704102 0.661621 0.097656 0.098633
0 0.701172 0.786621 0.097656 0.098633
0 0.601562 0.387207 0.097656 0.098633
0 0.603516 0.490723 0.097656 0.098633
0 0.608398 0.608887 0.097656 0.098633
0 0.512207 0.327637 0.084961 0.086914
0 0.402344 0.384277 0.048828 0.049805
0 0.321289 0.342285 0.097656 0.098633
0 0.887207 0.877930 0.084961 0.085938
0 0.792969 0.944336 0.085938 0.085938
0 0.799805 0.833984 0.085938 0.085938
0 0.708984 0.886230 0.097656 0.098633
0 0.510742 0.888184 0.048828 0.049805
0 0.596191 0.835938 0.036133 0.037109
0 0.516113 0.770508 0.036133 0.037109
0 0.413086 0.825195 0.037109 0.037109
0 0.315430 0.878418 0.037109 0.036133
0 0.215332 0.925293 0.036133 0.036133
0 0.428711 0.943848 0.048828 0.049805
0 0.597656 0.933594 0.048828 0.048828
0 0.134277 0.676270 0.036133 0.036133
0 0.201172 0.511719 0.037109 0.037109
0 0.349609 0.468750 0.037109 0.037109
0 0.399902 0.594727 0.036133 0.037109
0 0.507812 0.450195 0.037109 0.037109
0 0.318359 0.654297 0.037109 0.037109
0 0.412598 0.695801 0.024414 0.024414
0 0.104004 0.556641 0.036133 0.037109
0 0.262207 0.771973 0.036133 0.036133
0 0.602539 0.721680 0.037109 0.037109
0 0.226562 0.283203 0.097656 0.097656