0 0.428711 0.193359 0.048828 0.048828
0 0.044434 0.908203 0.061523 0.060547
0 0.416016 0.939941 0.060547 0.061523
0 0.139648 0.927734 0.048828 0.048828
0 0.524414 0.856934 0.060547 0.061523
0 0.239258 0.861328 0.048828 0.048828
0 0.601074 0.908691 0.061523 0.061523
0 0.247070 0.952148 0.048828 0.048828
0 0.713379 0.885254 0.061523 0.061523
0 0.328125 0.916016 0.048828 0.048828
0 0.135742 0.802734 0.048828 0.048828
0 0.805664 0.877930 0.048828 0.048828
0 0.425781 0.757324 0.060547 0.061523
0 0.332520 0.361816 0.061523 0.061523
0 0.330566 0.706543 0.061523 0.061523
0 0.334473 0.804199 0.061523 0.061523
0 0.427246 0.299316 0.061523 0.061523
0 0.617188 0.712891 0.048828 0.048828
0 0.537109 0.737305 0.048828 0.048828
0 0.427734 0.397949 0.048828 0.049805
0 0.426758 0.498535 0.048828 0.049805
0 0.055664 0.783203 0.048828 0.048828
0 0.721680 0.708008 0.048828 0.048828
0 0.623047 0.580078 0.048828 0.048828
0 0.717773 0.791016 0.048828 0.048828
0 0.801758 0.790039 0.048828 0.048828
0 0.723633 0.611328 0.037109 0.037109
0 0.614258 0.814453 0.048828 0.048828
0 0.540039 0.622070 0.037109 0.037109
0 0.139648 0.598145 0.048828 0.049805
0 0.139648 0.697266 0.048828 0.048828
0 0.046875 0.588867 0.037109 0.037109
0 0.054688 0.693359 0.048828 0.048828
0 0.917969 0.213867 0.048828 0.048828
0 0.916016 0.320312 0.048828 0.048828
0 0.909180 0.416992 0.037109 0.037109
0 0.910156 0.505859 0.037109 0.037109
0 0.539062 0.255859 0.048828 0.048828
0 0.537109 0.343750 0.048828 0.048828
0 0.541504 0.447754 0.036133 0.036133
0 0.535156 0.529785 0.048828 0.049805
0 0.629883 0.466797 0.037109 0.037109
0 0.691895 0.429688 0.036133 0.037109
0 0.639648 0.356445 0.037109 0.037109
0 0.645508 0.234375 0.037109 0.037109
0 0.922363 0.080566 0.024414 0.024414
0 0.851562 0.021484 0.037109 0.037109
0 0.853516 0.124023 0.048828 0.048828
0 0.851074 0.253906 0.036133 0.037109
0 0.145508 0.037598 0.037109 0.036133
0 0.154297 0.150879 0.037109 0.036133
0 0.151367 0.232910 0.037109 0.036133
0 0.149414 0.322266 0.037109 0.037109
0 0.143555 0.400391 0.037109 0.037109
0 0.244141 0.353027 0.048828 0.049805
0 0.255859 0.236816 0.048828 0.049805
0 0.260742 0.138184 0.037109 0.036133
0 0.264648 0.056641 0.037109 0.037109
0 0.362793 0.065430 0.036133 0.037109
0 0.353027 0.159180 0.036133 0.037109
0 0.344238 0.260254 0.036133 0.036133
0 0.428711 0.097656 0.037109 0.037109
0 0.058105 0.377930 0.036133 0.037109
0 0.334473 0.468750 0.036133 0.037109
0 0.241211 0.462891 0.037109 0.037109
0 0.140137 0.494141 0.036133 0.037109
0 0.050293 0.492188 0.036133 0.037109
0 0.855469 0.369141 0.048828 0.048828