0 0.064941 0.135742 0.084961 0.085938
0 0.532227 0.762695 0.085938 0.085938
0 0.376465 0.291016 0.084961 0.085938
0 0.722168 0.960938 0.073242 0.074219
0 0.924805 0.086914 0.097656 0.097656
0 0.923340 0.207031 0.084961 0.085938
0 0.922852 0.311035 0.097656 0.098633
0 0.917969 0.418457 0.097656 0.098633
0 0.915039 0.516113 0.097656 0.098633
0 0.921387 0.642578 0.122070 0.123047
0 0.906738 0.755859 0.122070 0.123047
0 0.817871 0.691895 0.122070 0.122070
0 0.825684 0.582520 0.122070 0.122070
0 0.823730 0.471680 0.122070 0.123047
0 0.831543 0.150391 0.122070 0.123047
0 0.832520 0.259766 0.122070 0.123047
0 0.836426 0.372070 0.122070 0.123047
0 0.747559 0.086914 0.122070 0.123047
0 0.742676 0.208984 0.122070 0.123047
0 0.735840 0.309570 0.122070 0.123047
0 0.736816 0.419922 0.122070 0.123047
0 0.732910 0.525391 0.122070 0.123047
0 0.721191 0.638184 0.110352 0.110352
0 0.722168 0.757812 0.122070 0.123047
0 0.630371 0.700684 0.073242 0.073242
0 0.638672 0.566895 0.109375 0.110352
0 0.642578 0.462402 0.109375 0.110352
0 0.642578 0.363770 0.109375 0.110352
0 0.646973 0.256836 0.122070 0.123047
0 0.644531 0.145020 0.097656 0.098633
0 0.562500 0.081055 0.085938 0.085938
0 0.556152 0.197266 0.084961 0.085938
0 0.547852 0.302734 0.097656 0.097656
0 0.542969 0.419434 0.097656 0.098633
0 0.541992 0.523926 0.097656 0.098633
0 0.445801 0.571777 0.084961 0.086914
0 0.458008 0.134766 0.085938 0.085938
0 0.455078 0.245117 0.085938 0.085938
0 0.447266 0.365234 0.085938 0.085938
0 0.374023 0.168457 0.097656 0.098633
0 0.370117 0.077637 0.097656 0.098633
0 0.261719 0.095703 0.085938 0.085938
0 0.064941 0.334961 0.122070 0.123047
1 0.061035 0.454590 0.110352 0.110352
0 0.159180 0.406250 0.109375 0.111328
0 0.158691 0.506836 0.122070 0.123047
0 0.157715 0.619629 0.122070 0.122070
0 0.154785 0.732422 0.122070 0.123047
0 0.063965 0.778320 0.122070 0.123047
0 0.240723 0.676758 0.122070 0.123047
0 0.251953 0.561035 0.097656 0.098633
0 0.253418 0.457031 0.084961 0.085938
0 0.248535 0.354492 0.084961 0.085938
0 0.249512 0.792969 0.122070 0.123047
0 0.343262 0.739258 0.122070 0.123047
0 0.352539 0.634277 0.097656 0.098633
0 0.441895 0.701660 0.110352 0.110352
0 0.045898 0.888672 0.048828 0.048828
0 0.150879 0.943359 0.036133 0.037109
0 0.241211 0.904785 0.097656 0.098633
0 0.345215 0.851562 0.122070 0.123047
0 0.441895 0.795898 0.122070 0.123047
0 0.442871 0.910156 0.122070 0.123047
0 0.535645 0.851562 0.122070 0.123047
0 0.623047 0.906250 0.097656 0.097656
0 0.820801 0.916992 0.122070 0.123047
0 0.817871 0.820312 0.122070 0.123047
0 0.905273 0.846680 0.097656 0.097656
0 0.147949 0.835938 0.122070 0.123047
1 0.370605 0.502930 0.073242 0.074219