0 0.895508 0.189453 0.048828 0.048828
0 0.974609 0.254883 0.048828 0.048828
0 0.897461 0.094238 0.060547 0.061523
0 0.088867 0.199219 0.048828 0.048828
0 0.084961 0.111328 0.048828 0.048828
0 0.079590 0.395020 0.061523 0.061523
0 0.079102 0.292480 0.060547 0.061523
0 0.085938 0.478027 0.048828 0.049805
0 0.072754 0.875000 0.073242 0.074219
0 0.783203 0.223145 0.048828 0.049805
0 0.787109 0.126465 0.048828 0.049805
0 0.687500 0.064941 0.048828 0.049805
0 0.693848 0.163574 0.061523 0.061523
0 0.583984 0.050293 0.048828 0.049805
0 0.594727 0.131348 0.048828 0.049805
0 0.594727 0.227051 0.048828 0.049805
0 0.488281 0.265625 0.048828 0.048828
0 0.692383 0.265137 0.048828 0.049805
0 0.155273 0.444336 0.048828 0.048828
0 0.165039 0.341797 0.048828 0.048828
0 0.170898 0.938965 0.060547 0.061523
0 0.365723 0.943359 0.084961 0.085938
0 0.079102 0.647461 0.048828 0.048828
0 0.075195 0.751953 0.048828 0.048828
0 0.940918 0.833008 0.084961 0.085938
0 0.863281 0.888672 0.085938 0.085938
0 0.758789 0.942383 0.085938 0.085938
0 0.670898 0.885254 0.097656 0.098633
0 0.562500 0.903320 0.085938 0.085938
0 0.889160 0.294434 0.024414 0.024414
0 0.786621 0.038086 0.036133 0.037109
0 0.596680 0.325195 0.048828 0.048828
0 0.491211 0.164062 0.048828 0.048828
0 0.402344 0.218750 0.048828 0.048828
0 0.796387 0.327637 0.024414 0.024414