1 0.101562 0.094238 0.097656 0.098633
0 0.186035 0.913086 0.073242 0.074219
0 0.852051 0.868164 0.122070 0.123047
0 0.852051 0.756836 0.122070 0.123047
0 0.853027 0.638672 0.073242 0.074219
0 0.760742 0.699219 0.097656 0.097656
0 0.757324 0.828125 0.122070 0.123047
0 0.757812 0.924316 0.109375 0.110352
0 0.666992 0.856934 0.109375 0.110352
0 0.663086 0.746582 0.109375 0.110352
0 0.666016 0.641602 0.097656 0.097656
0 0.567871 0.697754 0.110352 0.110352
0 0.574219 0.808105 0.097656 0.098633
0 0.565430 0.929199 0.097656 0.098633
0 0.479004 0.648926 0.110352 0.110352
0 0.469238 0.751465 0.110352 0.110352
0 0.466309 0.866699 0.110352 0.110352
0 0.379883 0.701660 0.109375 0.110352
0 0.377930 0.808105 0.109375 0.110352
0 0.375977 0.924316 0.109375 0.110352
0 0.284180 0.756348 0.097656 0.098633
0 0.276367 0.862793 0.109375 0.110352
0 0.188965 0.698242 0.084961 0.085938
0 0.179199 0.813965 0.110352 0.110352
0 0.099121 0.645996 0.110352 0.110352
0 0.085449 0.744629 0.110352 0.110352
0 0.086426 0.847656 0.073242 0.074219
0 0.086914 0.948242 0.085938 0.085938
0 0.855957 0.103027 0.122070 0.122070
0 0.862305 0.210449 0.109375 0.110352
0 0.769043 0.160645 0.110352 0.110352
0 0.762695 0.269043 0.097656 0.098633
0 0.669434 0.112793 0.110352 0.110352
0 0.672852 0.210449 0.097656 0.098633
0 0.574219 0.158691 0.109375 0.110352
0 0.570312 0.262695 0.097656 0.097656
0 0.479492 0.099121 0.109375 0.110352
0 0.481934 0.206055 0.110352 0.111328
0 0.390137 0.141602 0.110352 0.111328
0 0.390137 0.043945 0.073242 0.074219
0 0.961426 0.385254 0.073242 0.073242
0 0.853027 0.312012 0.110352 0.110352
0 0.846191 0.434570 0.122070 0.123047
0 0.855957 0.528320 0.122070 0.123047
0 0.764160 0.386230 0.110352 0.110352
0 0.765625 0.485352 0.097656 0.097656
0 0.752930 0.591797 0.109375 0.111328
0 0.672852 0.333008 0.097656 0.097656
0 0.668945 0.437500 0.097656 0.097656
0 0.660156 0.543945 0.109375 0.111328
0 0.576172 0.371094 0.097656 0.097656
0 0.568359 0.481445 0.109375 0.111328
0 0.562988 0.577637 0.110352 0.110352
0 0.474121 0.318359 0.110352 0.111328
0 0.479004 0.537598 0.110352 0.110352
0 0.480957 0.421387 0.110352 0.110352
0 0.379395 0.371094 0.122070 0.123047
0 0.385254 0.487305 0.122070 0.123047
0 0.379395 0.587402 0.122070 0.122070
0 0.376465 0.263184 0.110352 0.110352
0 0.279785 0.209473 0.110352 0.110352
0 0.291016 0.316895 0.109375 0.110352
0 0.281250 0.423340 0.109375 0.110352
0 0.281250 0.531738 0.109375 0.110352
0 0.280273 0.641113 0.109375 0.110352
0 0.104980 0.210449 0.110352 0.110352
0 0.189453 0.258301 0.109375 0.110352
0 0.190430 0.139160 0.109375 0.110352
0 0.291504 0.095703 0.110352 0.111328
1 0.196777 0.371582 0.110352 0.110352
0 0.201660 0.472168 0.084961 0.086914
0 0.193848 0.599121 0.110352 0.110352
0 0.101074 0.325684 0.110352 0.110352
0 0.097168 0.428223 0.110352 0.110352
0 0.100586 0.539551 0.097656 0.098633