0 0.639648 0.428711 0.048828 0.048828
0 0.718750 0.494141 0.048828 0.048828
0 0.901855 0.478027 0.061523 0.061523
0 0.721680 0.369629 0.060547 0.061523
0 0.646484 0.217773 0.048828 0.048828
0 0.645508 0.124023 0.048828 0.048828
0 0.641602 0.333496 0.060547 0.061523
0 0.915039 0.182129 0.060547 0.061523
0 0.719727 0.065430 0.037109 0.037109
0 0.919922 0.071289 0.060547 0.060547
0 0.718750 0.281738 0.060547 0.061523
0 0.710938 0.178711 0.048828 0.048828
0 0.910645 0.269531 0.073242 0.074219
0 0.527344 0.462402 0.048828 0.049805
0 0.531250 0.365723 0.048828 0.049805
0 0.431641 0.304199 0.048828 0.049805
0 0.437988 0.402832 0.061523 0.061523
0 0.331055 0.040527 0.060547 0.061523
0 0.436523 0.196289 0.048828 0.048828
0 0.328125 0.289551 0.048828 0.049805
0 0.338867 0.370605 0.048828 0.049805
0 0.338867 0.466309 0.048828 0.049805
0 0.232422 0.504883 0.048828 0.048828
0 0.436523 0.504395 0.048828 0.049805
0 0.530273 0.179199 0.060547 0.061523
0 0.439453 0.096191 0.048828 0.049805
0 0.528320 0.061035 0.048828 0.049805
0 0.897949 0.584473 0.061523 0.061523
0 0.910156 0.376953 0.048828 0.048828
0 0.827148 0.432617 0.048828 0.048828
0 0.822266 0.530762 0.060547 0.061523
0 0.834961 0.220703 0.048828 0.048828
0 0.633301 0.533691 0.024414 0.024414
0 0.530762 0.277344 0.036133 0.037109
0 0.340820 0.564453 0.048828 0.048828
0 0.235352 0.403320 0.048828 0.048828
0 0.146484 0.458008 0.048828 0.048828
0 0.831543 0.086426 0.024414 0.024414
0 0.838379 0.315918 0.024414 0.024414
0 0.022461 0.049805 0.037109 0.037109
0 0.088867 0.045898 0.048828 0.048828
0 0.540527 0.566895 0.024414 0.024414