0 0.338379 0.323730 0.073242 0.073242
0 0.433105 0.386230 0.073242 0.073242
0 0.341797 0.208008 0.060547 0.060547
0 0.525879 0.105469 0.073242 0.074219
0 0.242676 0.051758 0.073242 0.074219
0 0.518066 0.314941 0.073242 0.073242
0 0.435059 0.050293 0.061523 0.061523
0 0.440430 0.144043 0.060547 0.061523
0 0.613281 0.410156 0.085938 0.085938
0 0.523926 0.444824 0.073242 0.073242
0 0.614746 0.282227 0.073242 0.074219
0 0.616699 0.504883 0.084961 0.085938
0 0.520020 0.746094 0.073242 0.074219
0 0.517090 0.878418 0.073242 0.073242
0 0.614746 0.917480 0.073242 0.073242
0 0.515137 0.637695 0.073242 0.074219
0 0.623535 0.800293 0.073242 0.073242
0 0.520996 0.551758 0.073242 0.074219
0 0.714355 0.441406 0.073242 0.074219
0 0.712891 0.346191 0.060547 0.061523
0 0.907715 0.350586 0.084961 0.085938
0 0.605469 0.606445 0.097656 0.097656
0 0.607910 0.688477 0.084961 0.085938
0 0.703125 0.857422 0.085938 0.085938
0 0.710938 0.771973 0.097656 0.098633
0 0.709473 0.662109 0.122070 0.123047
0 0.709961 0.558105 0.109375 0.110352
1 0.431152 0.267090 0.061523 0.061523
0 0.428223 0.508789 0.084961 0.085938
0 0.429688 0.598633 0.085938 0.085938
0 0.420410 0.698242 0.084961 0.085938
0 0.426758 0.810547 0.085938 0.085938
0 0.343262 0.429199 0.084961 0.086914
0 0.337891 0.556641 0.085938 0.085938
0 0.334961 0.643555 0.085938 0.085938
0 0.328613 0.751953 0.084961 0.085938
0 0.332031 0.866211 0.085938 0.085938
0 0.420410 0.928711 0.122070 0.123047
0 0.236328 0.266602 0.097656 0.097656
0 0.242188 0.387207 0.097656 0.098633
0 0.239746 0.491699 0.110352 0.110352
0 0.233398 0.594238 0.097656 0.098633
0 0.231445 0.706055 0.109375 0.111328
0 0.225098 0.817871 0.110352 0.110352
0 0.229004 0.935059 0.110352 0.110352
0 0.131836 0.866211 0.097656 0.097656
0 0.139648 0.763672 0.085938 0.085938
0 0.136230 0.642578 0.084961 0.085938
0 0.141113 0.530273 0.084961 0.085938
0 0.149414 0.426758 0.085938 0.085938
0 0.140137 0.302734 0.084961 0.085938
0 0.057617 0.247070 0.085938 0.085938
0 0.621094 0.054688 0.048828 0.048828
0 0.617188 0.159180 0.048828 0.048828
0 0.525879 0.200195 0.073242 0.074219
0 0.346191 0.089844 0.084961 0.085938
0 0.243652 0.145508 0.084961 0.085938
0 0.151855 0.198730 0.084961 0.086914
0 0.160156 0.106445 0.097656 0.097656
0 0.057617 0.138672 0.097656 0.097656
0 0.907715 0.549805 0.122070 0.123047
1 0.903809 0.669434 0.110352 0.110352
0 0.901855 0.778320 0.122070 0.123047
0 0.780762 0.935547 0.084961 0.085938
0 0.817383 0.507812 0.109375 0.111328
0 0.799316 0.627441 0.122070 0.122070
0 0.807129 0.726562 0.122070 0.123047
0 0.804199 0.830078 0.122070 0.123047