0 0.677734 0.728516 0.048828 0.048828
0 0.672363 0.833496 0.061523 0.061523
0 0.677246 0.631348 0.061523 0.061523
0 0.675781 0.518066 0.060547 0.061523
0 0.675293 0.947754 0.061523 0.061523
0 0.767578 0.464844 0.048828 0.048828
0 0.756348 0.788574 0.047852 0.049805
0 0.855957 0.841797 0.073242 0.074219
0 0.969727 0.583008 0.048828 0.048828
0 0.763672 0.576660 0.060547 0.061523
0 0.861328 0.729980 0.060547 0.061523
0 0.863770 0.641602 0.061523 0.060547
0 0.869141 0.522949 0.060547 0.061523
0 0.131836 0.502930 0.048828 0.048828
0 0.033691 0.592285 0.061523 0.061523
0 0.225586 0.826660 0.060547 0.061523
0 0.133789 0.952637 0.048828 0.049805
0 0.317383 0.925293 0.060547 0.061523
0 0.592285 0.673340 0.061523 0.061523
0 0.500977 0.538086 0.037109 0.037109
0 0.230957 0.493164 0.036133 0.037109
0 0.035645 0.822754 0.061523 0.061523
0 0.590820 0.573730 0.048828 0.049805
0 0.312500 0.467773 0.037109 0.037109
0 0.223633 0.598633 0.048828 0.048828
0 0.131836 0.837402 0.048828 0.049805
0 0.588379 0.800293 0.061523 0.061523
0 0.584961 0.892578 0.048828 0.048828
0 0.593262 0.478027 0.061523 0.061523
0 0.412598 0.358887 0.073242 0.073242
0 0.674316 0.421875 0.073242 0.074219
0 0.491699 0.184082 0.061523 0.061523
0 0.414062 0.266113 0.048828 0.049805
0 0.501465 0.088379 0.061523 0.061523
0 0.676758 0.227051 0.060547 0.061523
0 0.677734 0.320312 0.048828 0.048828
0 0.769531 0.262695 0.048828 0.048828
0 0.866699 0.311035 0.061523 0.061523
0 0.768066 0.364746 0.061523 0.061523
0 0.777832 0.159668 0.061523 0.061523
0 0.965820 0.256348 0.048828 0.049805
0 0.965820 0.142090 0.060547 0.061523
0 0.866211 0.203613 0.060547 0.061523
0 0.872559 0.093750 0.084961 0.085938
0 0.416016 0.153809 0.109375 0.110352
0 0.322266 0.090332 0.109375 0.110352
0 0.321777 0.192871 0.110352 0.110352
0 0.315918 0.367676 0.122070 0.122070
0 0.216797 0.379395 0.097656 0.098633
0 0.213379 0.276855 0.110352 0.110352
0 0.222656 0.149902 0.097656 0.098633
0 0.124023 0.148926 0.097656 0.098633
0 0.124512 0.289062 0.122070 0.123047
0 0.124023 0.423340 0.109375 0.110352
0 0.777344 0.036621 0.037109 0.036133
0 0.971191 0.475098 0.024414 0.024414
0 0.971191 0.361816 0.024414 0.024414
0 0.868652 0.414551 0.024414 0.024414
0 0.760254 0.693359 0.036133 0.037109
0 0.756348 0.895508 0.084961 0.085938
0 0.858887 0.929199 0.024414 0.024414
0 0.699707 0.157715 0.024414 0.024414
0 0.591797 0.138672 0.037109 0.037109
0 0.595703 0.042969 0.037109 0.037109
0 0.491699 0.305176 0.036133 0.036133
0 0.598633 0.261719 0.037109 0.037109
0 0.597656 0.372559 0.048828 0.049805
0 0.495605 0.412598 0.036133 0.036133
0 0.494141 0.636719 0.037109 0.037109
0 0.492188 0.752930 0.037109 0.037109
0 0.494141 0.857422 0.037109 0.037109
0 0.490234 0.955078 0.037109 0.037109
0 0.415039 0.578125 0.048828 0.048828
0 0.306152 0.588867 0.036133 0.037109
0 0.317871 0.714844 0.036133 0.037109
0 0.317383 0.797852 0.048828 0.048828
0 0.411133 0.690918 0.060547 0.061523
0 0.222656 0.708008 0.037109 0.037109
0 0.125000 0.758789 0.048828 0.048828
0 0.127930 0.654297 0.037109 0.037109
0 0.035156 0.498047 0.048828 0.048828
0 0.030273 0.705566 0.048828 0.049805
0 0.031250 0.924316 0.048828 0.049805
0 0.224609 0.924316 0.048828 0.049805