0 0.106934 0.222168 0.110352 0.110352
0 0.103027 0.106445 0.110352 0.111328
0 0.205566 0.076172 0.122070 0.123047
0 0.213379 0.166992 0.110352 0.111328
0 0.294922 0.112793 0.109375 0.110352
0 0.303223 0.208984 0.122070 0.123047
0 0.399902 0.096680 0.122070 0.123047
0 0.403809 0.198242 0.122070 0.123047
0 0.498535 0.098145 0.110352 0.110352
0 0.586914 0.062012 0.109375 0.110352
0 0.695312 0.091309 0.109375 0.110352
1 0.677246 0.226074 0.122070 0.122070
0 0.775391 0.176270 0.109375 0.110352
0 0.778809 0.056152 0.110352 0.110352
0 0.874023 0.113770 0.097656 0.098633
0 0.872559 0.231934 0.110352 0.110352
0 0.869141 0.332520 0.097656 0.098633
0 0.862793 0.437988 0.110352 0.110352
0 0.858398 0.556152 0.109375 0.110352
0 0.865234 0.671387 0.109375 0.110352
0 0.774414 0.276855 0.097656 0.098633
0 0.773438 0.387207 0.109375 0.110352
0 0.774414 0.494629 0.109375 0.110352
0 0.772461 0.607910 0.109375 0.110352
1 0.682617 0.325684 0.097656 0.098633
0 0.685059 0.434082 0.110352 0.110352
0 0.682129 0.558105 0.110352 0.110352
0 0.676270 0.668457 0.110352 0.110352
0 0.594727 0.288574 0.097656 0.098633
0 0.583008 0.384277 0.097656 0.098633
0 0.579102 0.502441 0.097656 0.098633
0 0.488770 0.348633 0.122070 0.123047
0 0.487305 0.436035 0.097656 0.098633
0 0.485352 0.547852 0.097656 0.097656
0 0.483398 0.654297 0.097656 0.097656
0 0.468750 0.774414 0.097656 0.097656
0 0.577637 0.604004 0.110352 0.110352
0 0.578125 0.723633 0.109375 0.111328
0 0.675293 0.773926 0.110352 0.110352
0 0.767090 0.718262 0.110352 0.110352
0 0.868164 0.781738 0.109375 0.110352
0 0.385254 0.400391 0.122070 0.123047
0 0.300293 0.432617 0.110352 0.111328
0 0.206543 0.483398 0.122070 0.123047
0 0.103516 0.548340 0.109375 0.110352
0 0.197266 0.591309 0.097656 0.098633
0 0.293945 0.541016 0.097656 0.097656
0 0.112305 0.651855 0.109375 0.110352
0 0.108887 0.770508 0.084961 0.085938
0 0.203125 0.716309 0.097656 0.098633
0 0.290527 0.653809 0.110352 0.110352
0 0.289551 0.768066 0.110352 0.110352
0 0.392090 0.710938 0.122070 0.123047
0 0.394043 0.603516 0.122070 0.123047
0 0.860352 0.895996 0.109375 0.110352
0 0.766602 0.938965 0.097656 0.098633
0 0.770996 0.830566 0.110352 0.110352
0 0.669434 0.874512 0.110352 0.110352
0 0.585938 0.833496 0.109375 0.110352
0 0.483398 0.886230 0.109375 0.110352
0 0.291504 0.875000 0.122070 0.123047
0 0.394531 0.946777 0.097656 0.098633
0 0.395996 0.824219 0.122070 0.123047
0 0.198242 0.936523 0.109375 0.111328
0 0.201172 0.822266 0.109375 0.111328
0 0.110352 0.877930 0.097656 0.097656