0 0.534668 0.346680 0.073242 0.074219
0 0.904297 0.327637 0.048828 0.049805
0 0.818359 0.340332 0.060547 0.061523
0 0.464844 0.826172 0.048828 0.048828
0 0.467773 0.625000 0.048828 0.048828
0 0.463867 0.732422 0.048828 0.048828
0 0.459961 0.941895 0.060547 0.061523
0 0.733398 0.790527 0.060547 0.061523
0 0.819336 0.548340 0.060547 0.061523
0 0.904297 0.451660 0.060547 0.061523
0 0.822266 0.435059 0.060547 0.061523
0 0.463379 0.509277 0.061523 0.061523
0 0.649414 0.608398 0.048828 0.048828
0 0.538086 0.673828 0.037109 0.037109
0 0.648438 0.514648 0.048828 0.048828
0 0.826172 0.642578 0.048828 0.048828
0 0.738281 0.679688 0.060547 0.060547
0 0.538574 0.559570 0.073242 0.074219
0 0.741699 0.603027 0.061523 0.061523
0 0.537109 0.890137 0.060547 0.061523
0 0.894531 0.673828 0.048828 0.048828
0 0.809570 0.930664 0.048828 0.048828
0 0.529297 0.787109 0.048828 0.048828
0 0.729004 0.877930 0.073242 0.074219
0 0.538574 0.458008 0.073242 0.074219
0 0.349609 0.974121 0.048828 0.049805
0 0.250000 0.912598 0.048828 0.049805
0 0.260742 0.605957 0.048828 0.049805
0 0.351074 0.554199 0.061523 0.061523
0 0.149414 0.648926 0.060547 0.061523
0 0.254883 0.804688 0.048828 0.048828
0 0.146484 0.897949 0.048828 0.049805
0 0.348633 0.787598 0.060547 0.061523
0 0.257812 0.704590 0.048828 0.049805
0 0.153320 0.568848 0.060547 0.061523
0 0.257812 0.507812 0.037109 0.037109
0 0.346680 0.669434 0.048828 0.049805
0 0.153320 0.446777 0.048828 0.049805
0 0.359863 0.452148 0.036133 0.037109
0 0.659668 0.235840 0.061523 0.061523
0 0.813965 0.109863 0.061523 0.061523
0 0.543945 0.242188 0.048828 0.048828
0 0.647461 0.042480 0.048828 0.049805
0 0.979980 0.966797 0.036133 0.037109
0 0.818359 0.837891 0.037109 0.037109
0 0.653320 0.829102 0.048828 0.048828
0 0.349121 0.885742 0.036133 0.037109
0 0.266113 0.063477 0.024414 0.025391
0 0.912598 0.095703 0.036133 0.037109
0 0.908203 0.224121 0.048828 0.049805
0 0.822266 0.222168 0.048828 0.049805
0 0.893555 0.555664 0.037109 0.037109
0 0.742188 0.199707 0.048828 0.049805
0 0.736816 0.303223 0.061523 0.061523
0 0.740234 0.383789 0.048828 0.048828
0 0.742188 0.465820 0.048828 0.048828
0 0.650391 0.403320 0.048828 0.048828
0 0.655273 0.310547 0.048828 0.048828
0 0.652344 0.143066 0.048828 0.049805
0 0.540039 0.127930 0.048828 0.048828
0 0.466309 0.171387 0.024414 0.024414
0 0.471191 0.296387 0.024414 0.024414
0 0.473145 0.411133 0.024414 0.025391
0 0.356934 0.338379 0.024414 0.024414
0 0.356934 0.100098 0.024414 0.024414
0 0.821289 0.744141 0.048828 0.048828
0 0.897461 0.775391 0.037109 0.037109
0 0.649902 0.694824 0.024414 0.024414
0 0.656738 0.924316 0.024414 0.024414
0 0.054199 0.489746 0.024414 0.024414
0 0.054199 0.596680 0.036133 0.037109
0 0.164062 0.125000 0.048828 0.048828
0 0.058594 0.377441 0.037109 0.036133
0 0.063477 0.260742 0.048828 0.048828
0 0.063477 0.156250 0.048828 0.048828
0 0.070312 0.044922 0.048828 0.048828
0 0.265137 0.284668 0.024414 0.024414
0 0.148926 0.372070 0.036133 0.037109